245.00 236.00 0.00 4.00 47.69
172.00 243.00 0.00 2.00 172.67
169.00 249.00 1.00 4.00 111.41
239.00 96.00 0.00 3.00 37.73
241.00 217.00 1.00 5.00 88.76
244.00 242.00 0.00 4.00 184.85
250.00 4.00 1.00 2.00 69.52
37.00 236.00 0.00 5.00 78.49
43.00 250.00 1.00 4.00 195.16
202.00 38.00 0.00 3.00 185.48
241.00 248.00 0.00 1.00 89.63
134.00 241.00 0.00 5.00 157.36
245.00 237.00 0.00 3.00 95.46
245.00 251.00 1.00 4.00 158.85
213.00 240.00 1.00 1.00 123.31
244.00 191.00 0.00 2.00 106.04
249.00 168.00 0.00 3.00 31.77
251.00 9.00 0.00 4.00 139.13
244.00 240.00 0.00 2.00 68.75
142.00 167.00 0.00 4.00 39.35
241.00 200.00 0.00 5.00 120.58
248.00 81.00 1.00 2.00 70.56
126.00 152.00 1.00 3.00 147.38
44.00 249.00 1.00 5.00 42.49
12.00 71.00 1.00 1.00 38.75
244.00 240.00 1.00 5.00 128.33
20.00 248.00 0.00 2.00 125.27
65.00 90.00 0.00 2.00 150.82
102.00 251.00 0.00 3.00 170.66
238.00 78.00 1.00 3.00 122.46
78.00 61.00 0.00 4.00 46.42
242.00 247.00 0.00 3.00 99.41
119.00 215.00 0.00 2.00 141.06
238.00 247.00 0.00 2.00 50.61
248.00 161.00 0.00 4.00 154.43
240.00 251.00 0.00 1.00 186.92
45.00 83.00 0.00 1.00 192.32
244.00 154.00 1.00 3.00 43.20
241.00 8.00 1.00 4.00 104.56
234.00 239.00 0.00 2.00 55.05
239.00 245.00 1.00 5.00 38.99
187.00 128.00 0.00 5.00 145.78
117.00 237.00 1.00 1.00 126.24
242.00 67.00 0.00 3.00 167.85
183.00 239.00 1.00 5.00 197.01
187.00 87.00 1.00 4.00 162.36
21.00 117.00 0.00 4.00 116.54
17.00 246.00 1.00 5.00 86.96
120.00 144.00 1.00 1.00 46.22
250.00 240.00 1.00 4.00 125.41
143.00 249.00 0.00 1.00 54.46
244.00 43.00 1.00 4.00 81.31
165.00 246.00 1.00 1.00 31.53
183.00 162.00 1.00 5.00 87.56
229.00 141.00 1.00 2.00 168.02
143.00 62.00 1.00 5.00 98.03
72.00 238.00 1.00 2.00 143.38
50.00 251.00 1.00 3.00 144.39
75.00 214.00 1.00 2.00 77.61
250.00 13.00 1.00 5.00 192.71
248.00 151.00 0.00 1.00 80.17
239.00 246.00 1.00 4.00 187.28
239.00 40.00 0.00 1.00 167.45
89.00 177.00 1.00 3.00 130.98
238.00 248.00 0.00 2.00 172.01
239.00 4.00 1.00 1.00 36.80
119.00 172.00 1.00 2.00 56.53
201.00 245.00 1.00 1.00 113.27
242.00 247.00 0.00 1.00 71.67
250.00 208.00 1.00 1.00 162.32
138.00 163.00 0.00 1.00 55.04
219.00 83.00 0.00 1.00 115.67
243.00 182.00 1.00 5.00 105.11
185.00 180.00 1.00 3.00 70.79
248.00 67.00 1.00 4.00 195.87
236.00 251.00 0.00 4.00 70.07
140.00 244.00 0.00 2.00 67.65
236.00 40.00 0.00 5.00 191.73
242.00 137.00 0.00 2.00 64.13
237.00 169.00 0.00 1.00 84.91
236.00 11.00 1.00 5.00 32.64
211.00 26.00 1.00 5.00 88.92
8.00 238.00 0.00 2.00 181.91
47.00 243.00 0.00 3.00 141.39
140.00 129.00 0.00 2.00 39.16
48.00 167.00 0.00 5.00 104.00
9.00 251.00 1.00 5.00 140.14
238.00 247.00 1.00 4.00 91.89
38.00 242.00 0.00 4.00 70.51
159.00 247.00 0.00 2.00 31.32
250.00 241.00 1.00 2.00 182.58
249.00 58.00 1.00 4.00 30.76
113.00 15.00 0.00 3.00 183.83
249.00 238.00 1.00 2.00 149.08
126.00 158.00 1.00 2.00 39.21
250.00 243.00 1.00 3.00 172.62
243.00 245.00 0.00 3.00 182.36
192.00 240.00 1.00 4.00 92.73
249.00 241.00 0.00 1.00 87.66
154.00 44.00 0.00 3.00 36.83
243.00 102.00 1.00 4.00 189.53
87.00 3.00 0.00 3.00 177.94
246.00 239.00 1.00 2.00 64.64
112.00 148.00 0.00 4.00 31.43
241.00 209.00 1.00 3.00 93.67
34.00 86.00 1.00 4.00 186.47
143.00 249.00 0.00 2.00 167.71
249.00 238.00 0.00 4.00 81.47
182.00 237.00 0.00 3.00 171.49
243.00 237.00 0.00 4.00 87.66
240.00 98.00 1.00 5.00 107.31
241.00 157.00 0.00 2.00 71.29
245.00 237.00 0.00 2.00 183.79
246.00 187.00 1.00 1.00 124.92
239.00 249.00 1.00 2.00 101.91
206.00 236.00 1.00 1.00 47.42
4.00 227.00 1.00 4.00 119.51
240.00 245.00 0.00 4.00 67.18
140.00 237.00 0.00 1.00 57.01
248.00 238.00 1.00 1.00 94.28
241.00 245.00 1.00 5.00 90.27
238.00 250.00 0.00 3.00 153.18
143.00 242.00 0.00 1.00 67.72
123.00 241.00 0.00 1.00 35.90
99.00 225.00 1.00 4.00 108.39
219.00 238.00 0.00 5.00 51.04
246.00 80.00 1.00 5.00 102.88
72.00 244.00 0.00 4.00 36.09
112.00 204.00 1.00 5.00 151.73
244.00 240.00 1.00 2.00 83.62
103.00 77.00 1.00 2.00 191.93
236.00 204.00 0.00 4.00 33.30
247.00 27.00 1.00 5.00 82.96
239.00 247.00 0.00 1.00 46.70
239.00 196.00 0.00 4.00 137.57
249.00 239.00 0.00 5.00 78.04
248.00 223.00 1.00 1.00 171.82
243.00 250.00 1.00 3.00 45.36
124.00 237.00 0.00 1.00 104.04
245.00 178.00 0.00 3.00 159.09
247.00 150.00 1.00 5.00 82.32
2.00 237.00 1.00 1.00 79.91
250.00 238.00 0.00 2.00 117.83
248.00 126.00 1.00 3.00 151.29
247.00 166.00 0.00 1.00 38.67
243.00 107.00 1.00 2.00 199.07
99.00 104.00 1.00 2.00 82.89
247.00 239.00 0.00 2.00 109.26
241.00 250.00 0.00 4.00 78.64
195.00 251.00 1.00 2.00 149.42
249.00 47.00 1.00 4.00 72.12
242.00 153.00 1.00 4.00 122.85
33.00 246.00 1.00 3.00 179.81
237.00 210.00 0.00 5.00 113.56
249.00 240.00 0.00 1.00 174.80
58.00 123.00 0.00 1.00 127.85
238.00 200.00 1.00 2.00 128.02
138.00 14.00 0.00 4.00 138.84
239.00 251.00 0.00 5.00 153.45
142.00 182.00 1.00 4.00 75.24
79.00 138.00 1.00 1.00 132.16
241.00 216.00 1.00 4.00 37.13
34.00 4.00 0.00 3.00 186.03
245.00 22.00 1.00 5.00 136.89
236.00 201.00 0.00 4.00 95.32
246.00 183.00 1.00 4.00 136.80
162.00 245.00 1.00 4.00 165.33
13.00 249.00 0.00 4.00 146.48
18.00 251.00 0.00 2.00 174.33
222.00 236.00 0.00 5.00 176.90
137.00 245.00 1.00 3.00 45.85
42.00 242.00 0.00 5.00 92.68
240.00 244.00 0.00 1.00 126.17
0.00 238.00 0.00 2.00 156.24
243.00 244.00 0.00 5.00 66.83
19.00 242.00 1.00 3.00 60.95
131.00 69.00 1.00 1.00 76.91
25.00 187.00 1.00 2.00 47.71
173.00 126.00 1.00 1.00 96.15
50.00 246.00 0.00 3.00 145.62
31.00 71.00 1.00 4.00 88.30
239.00 249.00 1.00 1.00 151.48
196.00 94.00 0.00 3.00 122.11
247.00 70.00 1.00 4.00 100.29
31.00 107.00 0.00 2.00 184.69
217.00 250.00 1.00 3.00 58.14
238.00 222.00 0.00 5.00 150.45
245.00 238.00 0.00 2.00 178.60
248.00 241.00 1.00 3.00 199.19
168.00 249.00 1.00 1.00 83.44
248.00 243.00 0.00 3.00 98.89
239.00 248.00 0.00 1.00 168.74
54.00 249.00 0.00 4.00 105.22
249.00 239.00 1.00 3.00 155.84
226.00 96.00 1.00 5.00 78.47
105.00 96.00 1.00 5.00 128.95
250.00 243.00 0.00 5.00 46.20
146.00 62.00 0.00 4.00 82.87
95.00 251.00 1.00 4.00 35.23
242.00 248.00 0.00 5.00 125.51
246.00 237.00 0.00 3.00 83.85
5.00 246.00 0.00 4.00 124.32
178.00 102.00 1.00 3.00 58.57
246.00 243.00 1.00 3.00 194.00
238.00 246.00 1.00 1.00 116.78
238.00 83.00 1.00 1.00 129.72
53.00 130.00 1.00 2.00 172.17
178.00 242.00 1.00 5.00 198.50
183.00 70.00 0.00 1.00 143.29
250.00 91.00 0.00 4.00 30.78
36.00 214.00 1.00 5.00 81.74
244.00 120.00 1.00 3.00 194.62
247.00 240.00 1.00 4.00 104.11
163.00 194.00 1.00 2.00 181.01
245.00 241.00 1.00 2.00 116.74
236.00 248.00 0.00 5.00 166.64
246.00 98.00 0.00 3.00 157.24
36.00 248.00 0.00 3.00 89.02
238.00 250.00 0.00 1.00 34.15
249.00 237.00 1.00 3.00 163.18
251.00 237.00 1.00 3.00 144.13
65.00 245.00 0.00 4.00 112.47
172.00 127.00 0.00 5.00 72.14
248.00 113.00 0.00 2.00 67.82
224.00 40.00 1.00 3.00 73.21
242.00 13.00 1.00 1.00 45.47
244.00 68.00 0.00 1.00 185.56
239.00 71.00 0.00 2.00 112.91
91.00 237.00 1.00 2.00 121.90
241.00 33.00 0.00 3.00 112.91
155.00 86.00 1.00 1.00 175.63
248.00 148.00 1.00 4.00 132.66
37.00 243.00 0.00 3.00 176.58
237.00 141.00 0.00 3.00 188.81
231.00 240.00 1.00 5.00 167.89
9.00 244.00 0.00 2.00 166.02
105.00 202.00 1.00 3.00 34.69
243.00 236.00 1.00 4.00 102.84
246.00 240.00 0.00 2.00 98.84
129.00 242.00 0.00 4.00 83.48
238.00 247.00 0.00 3.00 139.47
246.00 242.00 1.00 3.00 62.60
244.00 239.00 1.00 3.00 175.94
239.00 245.00 0.00 1.00 173.52
242.00 249.00 1.00 5.00 160.48
15.00 55.00 1.00 2.00 163.25
241.00 80.00 0.00 1.00 167.65
244.00 23.00 1.00 2.00 130.19
247.00 25.00 1.00 4.00 70.82
146.00 251.00 0.00 1.00 199.91
243.00 10.00 0.00 3.00 102.93
242.00 249.00 1.00 3.00 47.87
147.00 20.00 1.00 4.00 172.21
54.00 246.00 0.00 2.00 79.81
243.00 183.00 1.00 2.00 199.61
251.00 237.00 1.00 3.00 49.95
248.00 237.00 0.00 5.00 54.69
82.00 242.00 1.00 5.00 115.84
249.00 238.00 1.00 5.00 191.38
237.00 216.00 1.00 1.00 73.67
147.00 237.00 1.00 2.00 159.57
248.00 237.00 0.00 4.00 102.87
94.00 235.00 1.00 3.00 135.16
147.00 247.00 1.00 4.00 70.12
38.00 241.00 1.00 1.00 123.40
77.00 243.00 0.00 4.00 110.11
250.00 136.00 1.00 1.00 95.77
250.00 237.00 0.00 1.00 129.05
243.00 251.00 1.00 1.00 128.93
243.00 245.00 1.00 4.00 133.35
88.00 242.00 0.00 3.00 113.36
240.00 34.00 0.00 3.00 198.39
4.00 242.00 1.00 5.00 84.12
173.00 240.00 1.00 5.00 91.64
42.00 201.00 0.00 2.00 133.54
245.00 178.00 1.00 3.00 99.41
73.00 123.00 0.00 3.00 145.87
10.00 251.00 1.00 3.00 171.77
249.00 169.00 0.00 1.00 131.91
100.00 245.00 1.00 3.00 40.04
88.00 251.00 0.00 4.00 196.15
19.00 92.00 0.00 3.00 104.13
246.00 238.00 1.00 4.00 81.76
247.00 241.00 1.00 5.00 69.57
234.00 240.00 0.00 1.00 105.99
247.00 243.00 0.00 1.00 96.56
239.00 244.00 0.00 5.00 69.44
243.00 248.00 1.00 3.00 140.77
130.00 37.00 0.00 2.00 38.11
194.00 243.00 0.00 1.00 192.60
242.00 190.00 0.00 1.00 125.96
250.00 93.00 1.00 5.00 97.35
19.00 37.00 1.00 4.00 36.61
87.00 226.00 1.00 1.00 70.99
241.00 246.00 1.00 2.00 35.70
128.00 238.00 1.00 2.00 108.26
243.00 237.00 0.00 5.00 31.79
240.00 61.00 1.00 5.00 143.58
251.00 244.00 0.00 1.00 154.12
250.00 2.00 1.00 4.00 140.94
31.00 251.00 1.00 2.00 60.33
238.00 128.00 1.00 5.00 96.41
187.00 236.00 0.00 4.00 154.62
250.00 213.00 0.00 4.00 171.49
90.00 119.00 0.00 2.00 189.66
243.00 42.00 1.00 4.00 152.77
53.00 151.00 1.00 1.00 154.50
187.00 110.00 0.00 4.00 110.79
239.00 249.00 0.00 3.00 168.99
245.00 236.00 1.00 3.00 61.06
116.00 247.00 0.00 1.00 120.56
97.00 24.00 0.00 1.00 147.50
73.00 154.00 1.00 5.00 65.78
54.00 236.00 1.00 3.00 199.00
247.00 126.00 0.00 3.00 100.57
248.00 243.00 0.00 3.00 31.53
101.00 190.00 0.00 4.00 30.73
240.00 154.00 1.00 4.00 135.85
37.00 144.00 1.00 1.00 115.19
242.00 236.00 0.00 2.00 193.93
239.00 187.00 1.00 2.00 191.64
239.00 8.00 1.00 2.00 70.80
246.00 126.00 0.00 4.00 192.99
151.00 20.00 0.00 3.00 57.27
240.00 209.00 1.00 5.00 162.48
88.00 240.00 1.00 5.00 131.22
250.00 102.00 0.00 1.00 183.25
242.00 43.00 0.00 2.00 112.74
244.00 241.00 0.00 5.00 74.72
14.00 237.00 1.00 3.00 57.45
244.00 240.00 0.00 3.00 74.85
59.00 247.00 1.00 3.00 86.21
250.00 236.00 0.00 5.00 150.31
163.00 239.00 1.00 1.00 79.06
19.00 242.00 1.00 5.00 162.33
11.00 236.00 0.00 3.00 170.72
130.00 21.00 1.00 2.00 74.28
203.00 5.00 1.00 3.00 101.51
21.00 238.00 0.00 1.00 179.19
3.00 247.00 0.00 4.00 73.27
249.00 238.00 0.00 2.00 124.47
192.00 24.00 1.00 2.00 74.28
251.00 239.00 1.00 5.00 186.00
237.00 247.00 1.00 2.00 74.02
250.00 243.00 1.00 4.00 43.23
228.00 236.00 0.00 4.00 87.61
78.00 237.00 1.00 4.00 57.65
125.00 249.00 1.00 5.00 174.28
216.00 15.00 1.00 2.00 55.53
241.00 247.00 0.00 3.00 41.09
241.00 106.00 0.00 4.00 36.33
9.00 233.00 1.00 5.00 60.14
240.00 248.00 1.00 4.00 178.10
246.00 4.00 1.00 5.00 131.15
19.00 214.00 1.00 1.00 155.06
239.00 162.00 0.00 3.00 164.30
237.00 249.00 1.00 3.00 165.66
58.00 244.00 0.00 2.00 172.38
165.00 82.00 1.00 4.00 53.69
168.00 234.00 1.00 4.00 144.17
102.00 44.00 0.00 2.00 150.16
146.00 236.00 0.00 2.00 128.87
97.00 184.00 1.00 2.00 43.39
194.00 216.00 0.00 1.00 144.71
18.00 12.00 1.00 4.00 195.35
241.00 210.00 1.00 2.00 138.82
144.00 249.00 1.00 5.00 140.85
149.00 251.00 0.00 3.00 38.90
96.00 172.00 0.00 1.00 116.18
237.00 143.00 1.00 1.00 127.50
171.00 118.00 1.00 1.00 30.22
239.00 162.00 0.00 2.00 108.21
236.00 251.00 0.00 3.00 73.46
251.00 131.00 1.00 3.00 77.66
250.00 84.00 1.00 1.00 113.20
160.00 148.00 0.00 5.00 53.34
251.00 237.00 1.00 4.00 195.37
160.00 228.00 0.00 1.00 60.40
246.00 49.00 0.00 1.00 81.50
243.00 37.00 1.00 4.00 129.53
3.00 240.00 0.00 2.00 73.59
245.00 17.00 1.00 2.00 180.21
63.00 239.00 1.00 3.00 36.73
246.00 237.00 0.00 1.00 193.52
158.00 82.00 0.00 1.00 75.00
242.00 247.00 1.00 5.00 131.62
158.00 236.00 0.00 5.00 130.58
242.00 245.00 1.00 5.00 140.73
239.00 103.00 1.00 1.00 84.53
26.00 237.00 0.00 1.00 35.50
155.00 121.00 0.00 3.00 180.13
99.00 182.00 1.00 4.00 40.89
121.00 245.00 0.00 2.00 189.30
249.00 241.00 0.00 4.00 46.89
251.00 35.00 0.00 2.00 85.10
248.00 221.00 1.00 1.00 42.99
246.00 237.00 0.00 4.00 179.47
237.00 250.00 0.00 3.00 70.56
242.00 236.00 0.00 4.00 178.51
248.00 121.00 0.00 3.00 138.16
161.00 240.00 1.00 1.00 124.28
241.00 163.00 1.00 4.00 71.26
47.00 71.00 0.00 5.00 112.28
193.00 248.00 0.00 2.00 82.40
204.00 49.00 1.00 5.00 39.95
242.00 248.00 0.00 5.00 108.91
244.00 100.00 0.00 5.00 32.01
82.00 141.00 1.00 5.00 74.35
239.00 250.00 1.00 1.00 166.16
241.00 227.00 0.00 5.00 164.62
70.00 240.00 0.00 2.00 108.14
146.00 240.00 0.00 1.00 177.51
251.00 109.00 0.00 5.00 143.38
201.00 239.00 0.00 1.00 111.11
131.00 236.00 0.00 5.00 135.69
135.00 237.00 0.00 5.00 103.03
249.00 237.00 0.00 3.00 117.92
192.00 244.00 0.00 3.00 74.33
42.00 224.00 0.00 4.00 34.36
137.00 246.00 1.00 1.00 110.13
249.00 242.00 0.00 4.00 48.87
240.00 245.00 1.00 3.00 93.35
251.00 154.00 1.00 3.00 126.97
20.00 251.00 0.00 3.00 103.25
144.00 40.00 1.00 1.00 163.33
248.00 240.00 1.00 5.00 75.83
138.00 238.00 1.00 5.00 92.67
55.00 244.00 1.00 1.00 60.15
217.00 237.00 1.00 4.00 186.33
181.00 248.00 0.00 1.00 141.41
242.00 167.00 0.00 2.00 61.27
241.00 251.00 0.00 1.00 98.66
123.00 251.00 0.00 3.00 59.50
107.00 241.00 1.00 3.00 117.86
245.00 198.00 1.00 5.00 134.38
249.00 242.00 1.00 2.00 180.80
183.00 239.00 0.00 2.00 47.82
141.00 135.00 0.00 2.00 89.59
240.00 250.00 1.00 2.00 146.27
111.00 212.00 1.00 3.00 68.35
251.00 166.00 1.00 3.00 152.55
95.00 243.00 0.00 1.00 133.61
118.00 238.00 0.00 3.00 199.94
48.00 141.00 1.00 1.00 53.45
237.00 203.00 0.00 2.00 118.21
135.00 160.00 0.00 4.00 120.29
149.00 178.00 0.00 5.00 38.90
26.00 250.00 0.00 1.00 127.66
250.00 242.00 1.00 2.00 142.61
230.00 243.00 1.00 5.00 60.85
179.00 251.00 0.00 4.00 73.54
179.00 240.00 1.00 5.00 98.82
247.00 243.00 0.00 1.00 114.25
147.00 240.00 0.00 4.00 81.28
237.00 214.00 0.00 2.00 162.47
47.00 237.00 0.00 4.00 44.42
248.00 237.00 0.00 3.00 189.43
108.00 179.00 1.00 5.00 146.19
250.00 123.00 0.00 1.00 33.74
245.00 154.00 1.00 5.00 50.06
236.00 215.00 1.00 3.00 157.21
132.00 171.00 1.00 4.00 164.17
123.00 237.00 0.00 3.00 40.27
238.00 250.00 1.00 4.00 50.63
108.00 245.00 0.00 4.00 193.91
251.00 239.00 1.00 3.00 40.82
240.00 100.00 1.00 2.00 48.94
238.00 147.00 0.00 4.00 138.47
198.00 246.00 0.00 3.00 95.64
98.00 21.00 1.00 5.00 37.85
251.00 205.00 1.00 1.00 193.15
162.00 246.00 1.00 4.00 81.79
240.00 249.00 0.00 1.00 90.62
236.00 106.00 1.00 3.00 133.75
236.00 247.00 1.00 2.00 79.83
59.00 204.00 1.00 5.00 192.00
245.00 195.00 0.00 5.00 56.98
240.00 228.00 0.00 5.00 67.71
63.00 249.00 1.00 2.00 190.82
60.00 237.00 0.00 3.00 59.86
241.00 11.00 1.00 2.00 70.97
248.00 239.00 0.00 3.00 113.08
237.00 214.00 0.00 5.00 154.03
246.00 74.00 0.00 3.00 140.03
3.00 195.00 1.00 3.00 112.85
117.00 171.00 1.00 1.00 147.44
236.00 247.00 0.00 2.00 159.76
243.00 225.00 0.00 5.00 178.61
68.00 238.00 1.00 1.00 100.06
205.00 240.00 1.00 3.00 150.95
173.00 239.00 1.00 2.00 158.02
120.00 247.00 0.00 3.00 83.55
180.00 243.00 0.00 1.00 57.93
115.00 250.00 1.00 2.00 192.31
247.00 170.00 1.00 5.00 186.26
197.00 235.00 1.00 5.00 188.96
197.00 72.00 1.00 4.00 73.91
248.00 152.00 0.00 5.00 43.47
95.00 243.00 1.00 1.00 96.24
236.00 49.00 1.00 5.00 56.43
237.00 251.00 0.00 3.00 118.10
247.00 241.00 0.00 1.00 134.51
244.00 147.00 1.00 5.00 83.57
121.00 170.00 0.00 1.00 32.97
126.00 205.00 0.00 1.00 82.97
238.00 100.00 1.00 5.00 77.41
248.00 172.00 1.00 1.00 106.77
11.00 242.00 0.00 2.00 46.10
151.00 240.00 0.00 5.00 96.52
111.00 250.00 1.00 1.00 62.58
62.00 71.00 0.00 2.00 109.32
1.00 139.00 0.00 1.00 151.19
249.00 29.00 1.00 2.00 190.17
233.00 71.00 1.00 3.00 145.39
199.00 220.00 1.00 5.00 41.96
236.00 244.00 1.00 5.00 120.71
13.00 104.00 1.00 2.00 107.31
93.00 241.00 0.00 1.00 127.77
239.00 247.00 1.00 3.00 192.52
123.00 222.00 1.00 4.00 87.38
204.00 242.00 1.00 3.00 160.79
243.00 74.00 1.00 5.00 180.58
243.00 180.00 1.00 1.00 108.13
124.00 51.00 1.00 4.00 116.72
239.00 245.00 0.00 1.00 85.36
40.00 89.00 1.00 1.00 175.62
243.00 245.00 1.00 2.00 113.14
167.00 197.00 1.00 3.00 148.27
246.00 242.00 0.00 5.00 158.67
247.00 240.00 0.00 2.00 173.52
242.00 246.00 0.00 1.00 36.65
247.00 79.00 1.00 4.00 135.31
251.00 208.00 0.00 4.00 167.17
89.00 237.00 0.00 3.00 153.06
236.00 191.00 1.00 4.00 111.05
173.00 203.00 0.00 2.00 131.74
240.00 187.00 0.00 3.00 147.58
246.00 240.00 1.00 3.00 163.12
247.00 129.00 1.00 3.00 169.03
246.00 229.00 1.00 5.00 107.83
243.00 133.00 1.00 3.00 178.82
101.00 242.00 1.00 2.00 51.87
90.00 180.00 0.00 5.00 162.76
5.00 248.00 0.00 3.00 123.33
247.00 16.00 1.00 5.00 185.27
244.00 238.00 1.00 4.00 144.15
243.00 71.00 1.00 4.00 37.14
245.00 121.00 0.00 4.00 125.50
243.00 244.00 0.00 1.00 140.66
130.00 191.00 1.00 2.00 179.87
251.00 239.00 0.00 2.00 73.39
84.00 245.00 0.00 1.00 135.18
63.00 184.00 1.00 5.00 70.76
207.00 238.00 1.00 3.00 113.66
250.00 241.00 1.00 1.00 39.80
240.00 9.00 0.00 4.00 183.37
44.00 237.00 0.00 4.00 183.26
244.00 238.00 0.00 2.00 173.97
41.00 250.00 1.00 2.00 48.75
24.00 251.00 0.00 2.00 80.62
248.00 35.00 1.00 5.00 139.25
246.00 240.00 0.00 2.00 73.10
182.00 225.00 1.00 1.00 120.73
245.00 137.00 1.00 1.00 175.32
132.00 147.00 0.00 2.00 42.50
103.00 66.00 0.00 1.00 72.20
144.00 238.00 1.00 4.00 89.43
238.00 250.00 1.00 1.00 172.91
148.00 248.00 0.00 5.00 41.29
247.00 89.00 1.00 2.00 130.73
245.00 236.00 1.00 3.00 76.64
173.00 251.00 1.00 1.00 110.40
239.00 251.00 1.00 3.00 181.10
248.00 236.00 0.00 1.00 108.36
237.00 113.00 0.00 3.00 71.87
103.00 155.00 1.00 3.00 171.03
56.00 92.00 1.00 5.00 117.43
200.00 251.00 1.00 5.00 119.10
246.00 174.00 1.00 4.00 64.26
246.00 122.00 0.00 4.00 59.09
17.00 240.00 1.00 1.00 199.61
3.00 147.00 0.00 3.00 64.10
105.00 161.00 1.00 4.00 164.15
38.00 171.00 1.00 5.00 172.52
114.00 237.00 0.00 1.00 50.33
247.00 242.00 1.00 5.00 140.98
83.00 33.00 0.00 4.00 137.09
251.00 242.00 0.00 1.00 133.75
251.00 237.00 1.00 2.00 119.03
104.00 137.00 1.00 4.00 34.63
238.00 108.00 0.00 4.00 45.86
231.00 209.00 1.00 5.00 129.32
168.00 237.00 1.00 5.00 174.21
244.00 243.00 0.00 2.00 79.44
248.00 243.00 1.00 1.00 117.39
240.00 49.00 1.00 2.00 35.72
245.00 114.00 1.00 3.00 127.10
73.00 17.00 1.00 2.00 92.65
182.00 242.00 0.00 2.00 144.38
236.00 121.00 1.00 3.00 91.24
78.00 245.00 1.00 1.00 195.79
43.00 60.00 1.00 5.00 30.41
199.00 73.00 1.00 4.00 69.06
236.00 251.00 1.00 5.00 80.42
250.00 241.00 1.00 1.00 91.86
78.00 6.00 1.00 4.00 99.82
249.00 205.00 1.00 2.00 60.95
24.00 16.00 0.00 5.00 46.90
249.00 237.00 0.00 1.00 134.88
162.00 22.00 1.00 3.00 81.23
13.00 246.00 0.00 2.00 196.54
225.00 237.00 1.00 2.00 58.30
236.00 9.00 1.00 3.00 58.63
128.00 238.00 0.00 4.00 73.57
251.00 239.00 0.00 3.00 80.39
132.00 240.00 1.00 1.00 30.46
14.00 70.00 1.00 2.00 169.38
98.00 82.00 0.00 2.00 45.56
240.00 247.00 0.00 1.00 88.77
239.00 245.00 1.00 1.00 74.94
242.00 63.00 1.00 4.00 177.36
80.00 238.00 0.00 5.00 181.05
60.00 250.00 0.00 2.00 88.92
174.00 19.00 0.00 5.00 197.89
250.00 244.00 0.00 1.00 158.59
127.00 246.00 0.00 5.00 65.40
40.00 207.00 1.00 2.00 190.32
184.00 245.00 1.00 1.00 47.35
237.00 249.00 1.00 2.00 87.55
238.00 249.00 1.00 2.00 46.92
238.00 110.00 1.00 3.00 175.17
230.00 240.00 0.00 5.00 146.69
75.00 236.00 1.00 4.00 150.33
247.00 78.00 1.00 5.00 119.93
236.00 54.00 1.00 3.00 117.73
199.00 43.00 0.00 5.00 140.74
241.00 251.00 0.00 1.00 52.41
69.00 116.00 0.00 2.00 62.41
18.00 148.00 1.00 1.00 138.32
240.00 247.00 1.00 1.00 156.27
165.00 90.00 0.00 3.00 47.63
156.00 54.00 1.00 2.00 74.98
202.00 146.00 1.00 4.00 86.51
240.00 78.00 1.00 1.00 59.21
251.00 241.00 0.00 2.00 91.49
243.00 50.00 1.00 5.00 141.16
250.00 244.00 0.00 5.00 32.24
83.00 21.00 1.00 5.00 98.38
49.00 226.00 0.00 5.00 95.97
20.00 251.00 0.00 5.00 130.57
158.00 247.00 1.00 2.00 175.25
228.00 132.00 0.00 5.00 35.75
145.00 243.00 0.00 5.00 89.32
85.00 224.00 1.00 2.00 55.29
70.00 135.00 1.00 2.00 124.27
211.00 166.00 1.00 3.00 129.20
250.00 244.00 0.00 1.00 145.60
248.00 110.00 1.00 3.00 70.11
168.00 241.00 0.00 5.00 140.58
241.00 19.00 0.00 1.00 67.40
246.00 191.00 1.00 4.00 80.25
122.00 224.00 1.00 5.00 62.22
231.00 47.00 1.00 4.00 67.95
162.00 251.00 0.00 3.00 91.47
242.00 248.00 1.00 2.00 191.11
241.00 222.00 0.00 2.00 167.96
251.00 214.00 0.00 2.00 123.10
117.00 106.00 1.00 1.00 42.64
170.00 239.00 0.00 1.00 126.15
249.00 241.00 0.00 1.00 72.58
237.00 171.00 0.00 3.00 78.98
249.00 236.00 0.00 5.00 168.30
242.00 246.00 1.00 5.00 149.80
115.00 3.00 0.00 5.00 90.46
246.00 236.00 0.00 4.00 104.95
26.00 120.00 1.00 3.00 50.85
247.00 240.00 0.00 1.00 145.74
243.00 20.00 0.00 4.00 125.33
234.00 171.00 1.00 2.00 138.87
172.00 222.00 0.00 4.00 157.04
162.00 124.00 0.00 1.00 73.97
244.00 242.00 1.00 4.00 47.40
211.00 37.00 0.00 4.00 177.29
38.00 205.00 1.00 4.00 134.41
244.00 5.00 0.00 5.00 166.03
245.00 98.00 1.00 1.00 137.44
243.00 113.00 0.00 3.00 188.67
249.00 239.00 0.00 4.00 92.51
251.00 239.00 0.00 5.00 187.13
96.00 164.00 1.00 4.00 130.21
242.00 118.00 1.00 5.00 106.51
104.00 191.00 1.00 4.00 180.94
246.00 239.00 0.00 4.00 73.73
243.00 12.00 1.00 3.00 118.50
40.00 129.00 0.00 4.00 84.32
71.00 234.00 1.00 3.00 62.57
78.00 233.00 1.00 4.00 145.19
223.00 251.00 1.00 3.00 198.41
25.00 215.00 0.00 2.00 178.75
241.00 245.00 1.00 1.00 40.35
146.00 181.00 1.00 5.00 131.13
42.00 247.00 1.00 2.00 144.53
236.00 59.00 0.00 1.00 192.23
248.00 241.00 1.00 3.00 152.08
240.00 125.00 0.00 4.00 80.36
249.00 236.00 0.00 4.00 104.24
95.00 181.00 1.00 2.00 147.45
74.00 242.00 0.00 2.00 135.46
44.00 241.00 1.00 5.00 104.39
131.00 67.00 0.00 3.00 109.34
251.00 241.00 0.00 2.00 99.27
245.00 251.00 0.00 3.00 113.07
238.00 244.00 1.00 5.00 115.72
154.00 103.00 0.00 5.00 166.50
236.00 248.00 0.00 5.00 99.95
81.00 193.00 0.00 2.00 147.44
163.00 245.00 1.00 5.00 187.69
64.00 246.00 0.00 5.00 155.25
171.00 73.00 1.00 5.00 176.71
236.00 246.00 1.00 2.00 144.09
245.00 97.00 1.00 4.00 56.82
242.00 247.00 0.00 1.00 137.72
237.00 171.00 1.00 4.00 78.25
247.00 169.00 1.00 2.00 187.19
251.00 91.00 0.00 2.00 185.61
243.00 229.00 1.00 2.00 66.19
236.00 247.00 0.00 2.00 125.98
44.00 245.00 1.00 5.00 193.63
210.00 66.00 1.00 1.00 179.57
251.00 237.00 1.00 4.00 47.74
247.00 238.00 1.00 4.00 110.71
101.00 248.00 1.00 3.00 123.13
248.00 239.00 0.00 1.00 96.41
244.00 45.00 0.00 5.00 89.08
123.00 236.00 1.00 2.00 192.30
251.00 239.00 0.00 5.00 85.03
85.00 234.00 0.00 3.00 93.51
166.00 9.00 0.00 4.00 190.81
107.00 204.00 1.00 1.00 165.42
24.00 251.00 0.00 2.00 84.75
157.00 36.00 0.00 4.00 73.09
249.00 243.00 1.00 1.00 85.21
222.00 249.00 1.00 3.00 131.19
175.00 145.00 1.00 5.00 38.07
244.00 65.00 0.00 3.00 114.21
245.00 241.00 0.00 3.00 149.06
246.00 242.00 0.00 4.00 31.24
14.00 188.00 0.00 2.00 199.32
16.00 233.00 1.00 5.00 89.43
90.00 4.00 0.00 1.00 66.59
91.00 113.00 1.00 4.00 130.27
239.00 250.00 1.00 5.00 99.98
249.00 140.00 1.00 4.00 99.52
246.00 96.00 0.00 5.00 54.75
247.00 243.00 1.00 2.00 122.01
249.00 134.00 1.00 4.00 190.19
239.00 124.00 0.00 5.00 35.72
237.00 9.00 1.00 3.00 179.04
79.00 184.00 0.00 3.00 73.30
137.00 244.00 1.00 4.00 62.62
243.00 163.00 0.00 5.00 52.61
249.00 240.00 0.00 5.00 90.86
242.00 249.00 0.00 5.00 155.86
240.00 244.00 0.00 4.00 153.29
213.00 240.00 0.00 5.00 114.64
251.00 167.00 0.00 2.00 163.59
58.00 9.00 0.00 3.00 178.55
250.00 122.00 0.00 1.00 186.47
247.00 66.00 1.00 1.00 184.38
44.00 250.00 0.00 1.00 30.04
249.00 239.00 0.00 4.00 69.74
247.00 77.00 0.00 2.00 81.54
177.00 9.00 1.00 5.00 59.89
143.00 5.00 1.00 5.00 66.68
173.00 240.00 1.00 5.00 71.52
96.00 238.00 0.00 4.00 116.95
181.00 57.00 1.00 1.00 104.95
250.00 185.00 0.00 1.00 127.49
148.00 249.00 1.00 3.00 73.32
239.00 141.00 0.00 4.00 100.93
17.00 251.00 1.00 5.00 112.92
240.00 141.00 1.00 1.00 58.22
213.00 83.00 1.00 4.00 50.38
111.00 238.00 1.00 3.00 168.65
237.00 208.00 0.00 3.00 182.49
251.00 63.00 1.00 1.00 135.31
134.00 238.00 1.00 4.00 119.17
245.00 238.00 1.00 2.00 120.70
249.00 121.00 0.00 5.00 110.25
203.00 177.00 0.00 2.00 68.18
246.00 242.00 1.00 1.00 188.05
97.00 249.00 0.00 1.00 75.68
239.00 228.00 1.00 4.00 71.05
206.00 241.00 0.00 4.00 117.81
248.00 243.00 1.00 1.00 167.80
64.00 242.00 1.00 4.00 112.65
237.00 92.00 1.00 2.00 128.98
212.00 47.00 0.00 2.00 38.86
244.00 143.00 0.00 1.00 178.88
189.00 32.00 0.00 1.00 106.96
108.00 237.00 0.00 3.00 74.03
43.00 243.00 1.00 4.00 115.56
246.00 102.00 1.00 3.00 184.05
199.00 168.00 1.00 5.00 39.82
93.00 239.00 0.00 3.00 58.33
65.00 184.00 0.00 3.00 47.02
250.00 201.00 0.00 3.00 34.01
245.00 242.00 0.00 5.00 149.05
213.00 106.00 1.00 4.00 181.80
205.00 149.00 0.00 1.00 152.98
247.00 19.00 0.00 3.00 151.46
248.00 112.00 0.00 4.00 145.53
247.00 25.00 1.00 5.00 78.31
195.00 251.00 1.00 5.00 57.35
242.00 226.00 1.00 4.00 110.56
64.00 91.00 1.00 2.00 106.65
173.00 39.00 1.00 5.00 73.51
242.00 225.00 1.00 4.00 171.33
96.00 34.00 0.00 2.00 138.55
188.00 12.00 1.00 5.00 146.79
251.00 236.00 0.00 3.00 101.42
237.00 250.00 0.00 5.00 150.59
44.00 250.00 1.00 1.00 33.45
234.00 241.00 1.00 5.00 144.49
196.00 27.00 0.00 2.00 143.29
236.00 6.00 0.00 1.00 60.94
243.00 236.00 0.00 4.00 154.15
242.00 189.00 1.00 1.00 137.30
246.00 97.00 0.00 1.00 114.72
8.00 248.00 1.00 2.00 141.85
246.00 239.00 0.00 1.00 166.27
247.00 237.00 1.00 4.00 98.38
245.00 118.00 1.00 1.00 109.95
243.00 130.00 0.00 4.00 174.49
239.00 244.00 1.00 4.00 192.04
125.00 244.00 1.00 4.00 113.85
238.00 201.00 1.00 1.00 79.14
238.00 244.00 0.00 4.00 38.53
244.00 203.00 1.00 2.00 128.26
193.00 139.00 1.00 4.00 194.82
246.00 243.00 0.00 1.00 74.33
223.00 128.00 1.00 2.00 147.08
131.00 2.00 0.00 1.00 119.63
193.00 238.00 1.00 3.00 128.52
58.00 146.00 0.00 3.00 82.29
243.00 244.00 0.00 2.00 117.64
161.00 137.00 1.00 1.00 161.96
244.00 243.00 0.00 3.00 190.34
196.00 244.00 1.00 1.00 36.01
244.00 242.00 1.00 2.00 54.56
63.00 246.00 1.00 4.00 43.21
236.00 105.00 1.00 1.00 76.66
245.00 242.00 0.00 1.00 74.86
31.00 179.00 1.00 5.00 98.77
180.00 213.00 0.00 4.00 156.53
229.00 236.00 0.00 4.00 105.89
244.00 250.00 0.00 4.00 123.50
236.00 12.00 0.00 1.00 106.39
247.00 236.00 1.00 4.00 117.71
136.00 244.00 1.00 4.00 113.32
245.00 237.00 0.00 5.00 96.69
244.00 40.00 1.00 4.00 121.51
15.00 143.00 0.00 1.00 71.38
221.00 34.00 1.00 4.00 180.15
171.00 248.00 0.00 2.00 119.21
248.00 74.00 1.00 1.00 53.18
72.00 28.00 0.00 5.00 60.67
209.00 98.00 1.00 1.00 82.89
248.00 242.00 1.00 5.00 157.79
249.00 243.00 1.00 1.00 189.04
242.00 246.00 0.00 3.00 75.07
28.00 12.00 1.00 4.00 117.11
237.00 185.00 1.00 4.00 162.87
102.00 231.00 1.00 5.00 111.88
237.00 211.00 0.00 3.00 117.26
245.00 237.00 0.00 5.00 161.80
248.00 75.00 0.00 1.00 156.40
159.00 104.00 0.00 4.00 182.56
104.00 7.00 1.00 5.00 106.53
245.00 75.00 0.00 1.00 35.34
249.00 242.00 0.00 3.00 133.70
50.00 243.00 1.00 3.00 124.19
248.00 0.00 1.00 5.00 153.43
239.00 39.00 1.00 2.00 119.32
245.00 81.00 1.00 2.00 107.96
178.00 251.00 1.00 2.00 189.81
49.00 236.00 1.00 3.00 144.74
249.00 0.00 0.00 1.00 94.31
78.00 160.00 1.00 1.00 125.21
250.00 243.00 1.00 3.00 30.69
249.00 238.00 0.00 1.00 73.58
220.00 150.00 1.00 4.00 60.60
245.00 228.00 0.00 1.00 154.42
236.00 248.00 0.00 1.00 106.53
103.00 237.00 1.00 1.00 69.74
113.00 244.00 0.00 2.00 106.78
247.00 238.00 1.00 3.00 41.02
189.00 140.00 0.00 5.00 76.47
247.00 118.00 0.00 3.00 103.66
251.00 145.00 1.00 3.00 122.48
251.00 236.00 1.00 5.00 145.60
162.00 251.00 1.00 3.00 180.06
193.00 238.00 0.00 3.00 53.70
198.00 241.00 1.00 2.00 44.16
249.00 77.00 0.00 5.00 41.06
246.00 241.00 0.00 1.00 167.43
247.00 242.00 1.00 1.00 122.02
237.00 136.00 1.00 4.00 45.94
207.00 250.00 0.00 3.00 126.63
141.00 238.00 0.00 5.00 86.80
236.00 147.00 1.00 3.00 32.01
81.00 236.00 0.00 2.00 159.87
238.00 52.00 0.00 5.00 115.65
219.00 236.00 0.00 4.00 163.05
241.00 246.00 1.00 2.00 132.29
194.00 133.00 0.00 1.00 105.96
247.00 242.00 0.00 3.00 155.11
237.00 251.00 1.00 5.00 61.20
235.00 236.00 0.00 4.00 105.76
152.00 247.00 0.00 5.00 81.40
246.00 240.00 0.00 3.00 187.04
75.00 245.00 1.00 4.00 80.42
6.00 241.00 1.00 5.00 177.31
88.00 237.00 1.00 2.00 115.43
245.00 20.00 0.00 5.00 173.10
245.00 55.00 1.00 2.00 136.21
250.00 0.00 1.00 4.00 99.01
219.00 236.00 1.00 1.00 57.62
238.00 247.00 0.00 2.00 113.08
119.00 246.00 0.00 4.00 103.59
237.00 78.00 1.00 4.00 147.71
233.00 243.00 0.00 1.00 123.06
245.00 147.00 1.00 2.00 198.18
247.00 236.00 0.00 5.00 173.69
244.00 250.00 1.00 4.00 90.60
84.00 16.00 1.00 1.00 145.86
79.00 38.00 1.00 5.00 30.37
244.00 191.00 1.00 4.00 56.84
231.00 239.00 0.00 4.00 172.97
245.00 239.00 0.00 4.00 139.22
250.00 236.00 0.00 3.00 133.06
155.00 145.00 1.00 1.00 157.01
185.00 78.00 1.00 5.00 193.02
240.00 246.00 1.00 4.00 75.80
113.00 244.00 0.00 5.00 32.47
218.00 185.00 1.00 5.00 186.53
36.00 238.00 0.00 1.00 102.15
242.00 213.00 0.00 2.00 87.40
248.00 243.00 1.00 1.00 126.73
236.00 61.00 0.00 3.00 63.65
99.00 250.00 1.00 2.00 51.99
248.00 88.00 1.00 2.00 50.50
245.00 166.00 1.00 3.00 141.38
166.00 183.00 1.00 3.00 102.16
3.00 234.00 1.00 4.00 102.43
239.00 246.00 1.00 5.00 97.17
65.00 248.00 0.00 4.00 127.97
239.00 247.00 0.00 4.00 155.96
240.00 244.00 0.00 1.00 142.51
109.00 99.00 0.00 2.00 160.00
247.00 240.00 1.00 3.00 193.21
3.00 222.00 1.00 5.00 170.10
28.00 243.00 1.00 2.00 31.12
243.00 200.00 1.00 2.00 96.41
10.00 242.00 0.00 1.00 110.85
97.00 192.00 0.00 4.00 37.11
249.00 72.00 0.00 4.00 128.88
175.00 189.00 1.00 3.00 61.42
129.00 251.00 0.00 4.00 36.64
139.00 246.00 1.00 1.00 50.73
243.00 211.00 1.00 4.00 150.63
245.00 238.00 0.00 1.00 187.93
166.00 39.00 0.00 2.00 105.26
246.00 239.00 1.00 2.00 169.66
248.00 242.00 1.00 5.00 101.12
101.00 242.00 1.00 5.00 68.79
237.00 204.00 1.00 3.00 89.87
67.00 141.00 1.00 5.00 89.93
181.00 95.00 1.00 4.00 178.86
213.00 228.00 1.00 5.00 162.21
240.00 244.00 0.00 4.00 154.73
238.00 169.00 0.00 4.00 46.55
118.00 251.00 0.00 2.00 157.88
46.00 245.00 1.00 1.00 174.49
221.00 3.00 0.00 3.00 36.84
247.00 239.00 1.00 1.00 125.34
239.00 87.00 1.00 5.00 116.51
74.00 47.00 1.00 3.00 112.51
91.00 249.00 0.00 2.00 44.11
246.00 181.00 1.00 4.00 182.67
251.00 51.00 1.00 5.00 146.39
240.00 247.00 1.00 1.00 147.97
246.00 240.00 1.00 5.00 197.48
122.00 245.00 1.00 2.00 100.27
245.00 240.00 1.00 3.00 152.52
6.00 136.00 0.00 5.00 150.75
251.00 244.00 0.00 2.00 115.18
64.00 249.00 0.00 4.00 169.12
247.00 166.00 1.00 3.00 169.13
243.00 76.00 1.00 3.00 117.83
