243.00 93.00 0.00 4.00 197.71
78.00 250.00 0.00 3.00 47.64
87.00 240.00 0.00 3.00 45.01
154.00 242.00 1.00 1.00 44.89
248.00 238.00 0.00 1.00 105.42
41.00 251.00 0.00 2.00 184.49
192.00 184.00 0.00 5.00 105.06
238.00 247.00 0.00 4.00 40.33
52.00 244.00 0.00 2.00 104.10
237.00 245.00 1.00 4.00 183.31
68.00 243.00 1.00 3.00 34.68
23.00 247.00 0.00 1.00 142.54
243.00 103.00 1.00 3.00 66.36
127.00 237.00 1.00 3.00 36.64
66.00 250.00 1.00 1.00 188.07
13.00 107.00 1.00 5.00 97.60
250.00 237.00 0.00 2.00 87.78
190.00 239.00 1.00 2.00 159.97
53.00 69.00 0.00 1.00 71.76
246.00 104.00 1.00 4.00 67.26
178.00 233.00 1.00 4.00 88.51
247.00 239.00 0.00 5.00 78.94
181.00 78.00 0.00 3.00 82.51
244.00 20.00 1.00 1.00 30.78
0.00 14.00 0.00 3.00 136.75
197.00 237.00 1.00 5.00 77.23
245.00 239.00 1.00 2.00 44.67
156.00 240.00 0.00 5.00 44.50
104.00 241.00 0.00 4.00 86.39
191.00 238.00 1.00 2.00 164.38
242.00 247.00 0.00 3.00 102.00
243.00 249.00 1.00 2.00 165.14
239.00 246.00 0.00 4.00 53.93
102.00 239.00 1.00 4.00 31.54
231.00 243.00 0.00 2.00 191.31
134.00 248.00 0.00 4.00 82.58
236.00 248.00 1.00 1.00 124.89
14.00 236.00 0.00 1.00 116.71
36.00 215.00 1.00 4.00 67.63
241.00 229.00 0.00 4.00 75.42
94.00 227.00 1.00 3.00 89.54
246.00 240.00 1.00 2.00 197.45
251.00 238.00 1.00 5.00 35.77
249.00 243.00 1.00 4.00 73.25
247.00 74.00 1.00 5.00 159.33
242.00 169.00 1.00 1.00 118.72
250.00 203.00 0.00 1.00 150.05
248.00 237.00 0.00 3.00 130.36
58.00 103.00 0.00 3.00 156.89
170.00 150.00 1.00 3.00 139.62
79.00 250.00 1.00 1.00 56.65
37.00 248.00 0.00 2.00 71.12
236.00 247.00 0.00 4.00 89.95
245.00 72.00 0.00 5.00 180.88
162.00 244.00 1.00 3.00 197.45
183.00 227.00 1.00 1.00 164.44
147.00 197.00 1.00 4.00 172.41
190.00 50.00 0.00 5.00 199.14
196.00 163.00 1.00 5.00 77.06
222.00 240.00 1.00 1.00 128.60
151.00 9.00 0.00 4.00 56.50
245.00 18.00 1.00 4.00 150.45
236.00 242.00 1.00 4.00 139.50
245.00 242.00 1.00 5.00 154.01
116.00 238.00 0.00 1.00 34.21
6.00 166.00 0.00 5.00 35.94
102.00 123.00 0.00 5.00 161.97
239.00 74.00 1.00 4.00 153.04
241.00 187.00 1.00 1.00 107.60
246.00 194.00 1.00 1.00 155.73
240.00 247.00 1.00 1.00 38.81
213.00 244.00 1.00 4.00 134.07
39.00 108.00 1.00 1.00 124.07
176.00 248.00 0.00 1.00 77.50
232.00 242.00 0.00 4.00 57.46
250.00 239.00 0.00 2.00 137.09
245.00 158.00 1.00 1.00 170.90
30.00 122.00 0.00 1.00 179.92
66.00 153.00 1.00 5.00 182.49
173.00 246.00 1.00 4.00 36.09
238.00 204.00 1.00 3.00 124.92
8.00 246.00 1.00 4.00 49.73
183.00 17.00 1.00 5.00 185.06
43.00 239.00 0.00 4.00 38.10
45.00 230.00 1.00 5.00 181.05
245.00 239.00 1.00 2.00 137.17
239.00 117.00 0.00 2.00 106.46
40.00 249.00 0.00 4.00 170.40
236.00 249.00 1.00 4.00 130.14
86.00 211.00 1.00 1.00 72.68
249.00 239.00 0.00 5.00 191.12
217.00 242.00 0.00 5.00 35.13
237.00 66.00 1.00 4.00 136.40
80.00 241.00 1.00 1.00 43.56
248.00 240.00 0.00 5.00 112.72
242.00 136.00 1.00 1.00 136.76
250.00 208.00 1.00 2.00 131.60
179.00 239.00 0.00 1.00 125.18
138.00 8.00 1.00 5.00 32.42
237.00 68.00 1.00 2.00 193.52
