243.00 232.00 1.00 1.00 73.27
242.00 236.00 0.00 2.00 134.88
246.00 236.00 1.00 2.00 198.50
107.00 237.00 1.00 1.00 73.37
245.00 151.00 1.00 5.00 133.92
240.00 202.00 1.00 2.00 139.50
239.00 246.00 0.00 1.00 151.50
244.00 242.00 0.00 3.00 115.74
239.00 114.00 0.00 3.00 48.43
238.00 244.00 0.00 4.00 174.81
238.00 249.00 0.00 3.00 173.71
106.00 213.00 1.00 3.00 198.70
169.00 248.00 1.00 1.00 181.12
238.00 246.00 0.00 4.00 41.30
244.00 239.00 1.00 5.00 199.48
241.00 171.00 1.00 5.00 35.62
73.00 248.00 0.00 5.00 50.56
70.00 245.00 0.00 3.00 156.24
242.00 244.00 0.00 4.00 172.13
119.00 243.00 0.00 4.00 69.87
243.00 119.00 1.00 5.00 164.90
183.00 223.00 1.00 4.00 134.26
205.00 84.00 1.00 3.00 160.38
131.00 213.00 1.00 5.00 154.34
151.00 250.00 1.00 4.00 45.03
242.00 244.00 0.00 4.00 49.12
190.00 236.00 1.00 4.00 40.29
248.00 238.00 1.00 1.00 143.30
246.00 242.00 0.00 5.00 93.97
251.00 153.00 1.00 1.00 158.06
71.00 175.00 1.00 4.00 150.48
250.00 125.00 1.00 2.00 32.55
251.00 243.00 1.00 4.00 195.17
236.00 5.00 1.00 2.00 30.64
135.00 76.00 1.00 2.00 90.40
95.00 68.00 1.00 5.00 32.80
241.00 251.00 0.00 2.00 94.76
40.00 251.00 1.00 4.00 122.65
247.00 239.00 1.00 1.00 188.82
248.00 237.00 1.00 4.00 114.33
207.00 240.00 0.00 5.00 118.54
161.00 75.00 0.00 2.00 195.96
55.00 177.00 1.00 4.00 117.19
248.00 237.00 1.00 5.00 55.24
244.00 241.00 1.00 5.00 125.78
241.00 249.00 0.00 2.00 73.98
233.00 236.00 0.00 4.00 45.67
103.00 98.00 0.00 1.00 156.33
242.00 118.00 0.00 4.00 155.84
243.00 34.00 0.00 4.00 172.59
242.00 245.00 0.00 1.00 188.47
245.00 76.00 0.00 3.00 181.68
238.00 247.00 1.00 5.00 50.12
245.00 9.00 1.00 5.00 75.09
245.00 189.00 1.00 1.00 32.84
247.00 0.00 0.00 3.00 67.58
9.00 81.00 0.00 4.00 107.10
233.00 174.00 0.00 3.00 180.24
249.00 240.00 1.00 2.00 175.45
227.00 248.00 1.00 4.00 80.12
250.00 244.00 0.00 1.00 105.61
142.00 39.00 0.00 5.00 64.61
170.00 183.00 0.00 3.00 72.53
243.00 118.00 0.00 5.00 196.90
8.00 242.00 0.00 5.00 89.40
238.00 245.00 0.00 2.00 74.97
251.00 236.00 1.00 2.00 60.99
221.00 14.00 1.00 2.00 196.73
248.00 24.00 1.00 1.00 132.37
240.00 189.00 0.00 2.00 142.24
135.00 49.00 1.00 4.00 163.42
8.00 244.00 1.00 2.00 71.16
245.00 242.00 0.00 1.00 188.22
47.00 237.00 1.00 5.00 44.24
39.00 203.00 0.00 2.00 52.32
169.00 244.00 0.00 2.00 145.04
251.00 241.00 1.00 1.00 78.89
246.00 241.00 0.00 2.00 94.70
243.00 22.00 0.00 1.00 144.56
91.00 55.00 1.00 3.00 109.05
181.00 224.00 0.00 4.00 156.35
241.00 170.00 1.00 2.00 136.80
236.00 243.00 0.00 3.00 179.93
110.00 236.00 0.00 1.00 33.06
54.00 27.00 1.00 4.00 64.81
165.00 243.00 1.00 2.00 46.71
243.00 136.00 0.00 4.00 86.37
119.00 246.00 0.00 1.00 34.94
239.00 21.00 1.00 2.00 186.17
127.00 234.00 0.00 1.00 97.04
243.00 246.00 1.00 5.00 177.18
83.00 236.00 1.00 1.00 165.13
43.00 79.00 0.00 5.00 112.15
245.00 243.00 1.00 2.00 157.33
246.00 238.00 0.00 1.00 144.73
251.00 62.00 1.00 5.00 140.80
79.00 28.00 0.00 4.00 178.29
245.00 239.00 0.00 1.00 77.73
246.00 238.00 0.00 2.00 191.76
248.00 243.00 0.00 4.00 165.68
249.00 160.00 1.00 1.00 132.45
19.00 162.00 1.00 5.00 88.08
243.00 150.00 1.00 3.00 114.01
240.00 248.00 0.00 2.00 120.87
245.00 237.00 0.00 3.00 71.34
245.00 243.00 0.00 4.00 104.15
243.00 245.00 0.00 1.00 106.36
240.00 246.00 0.00 2.00 91.42
29.00 106.00 1.00 3.00 183.65
245.00 140.00 1.00 1.00 154.37
237.00 215.00 0.00 2.00 149.81
218.00 130.00 1.00 1.00 198.52
248.00 237.00 0.00 4.00 156.52
245.00 242.00 0.00 4.00 144.90
238.00 185.00 1.00 4.00 55.31
238.00 193.00 0.00 1.00 61.69
39.00 240.00 0.00 1.00 92.64
236.00 242.00 1.00 5.00 150.15
206.00 239.00 1.00 1.00 166.11
155.00 246.00 1.00 5.00 95.36
246.00 242.00 1.00 1.00 109.78
245.00 185.00 1.00 2.00 114.76
67.00 244.00 0.00 3.00 32.50
243.00 250.00 1.00 1.00 68.93
245.00 154.00 0.00 1.00 139.93
238.00 191.00 0.00 5.00 39.45
241.00 249.00 0.00 4.00 95.75
241.00 245.00 1.00 2.00 154.20
11.00 241.00 1.00 3.00 140.05
110.00 242.00 1.00 4.00 116.35
248.00 153.00 0.00 3.00 115.46
251.00 242.00 1.00 5.00 193.61
246.00 240.00 1.00 1.00 185.77
49.00 250.00 1.00 3.00 189.37
237.00 203.00 1.00 1.00 125.89
190.00 126.00 1.00 4.00 178.55
153.00 237.00 0.00 4.00 34.94
41.00 250.00 1.00 3.00 89.87
176.00 224.00 0.00 2.00 113.17
248.00 241.00 0.00 2.00 166.86
121.00 246.00 0.00 5.00 175.03
242.00 247.00 0.00 3.00 151.80
248.00 241.00 0.00 4.00 60.43
239.00 113.00 0.00 5.00 103.94
240.00 219.00 0.00 5.00 171.56
236.00 251.00 0.00 4.00 66.71
206.00 233.00 0.00 1.00 164.00
28.00 247.00 0.00 1.00 174.00
19.00 162.00 0.00 2.00 192.71
153.00 238.00 1.00 5.00 100.81
243.00 244.00 0.00 5.00 109.07
197.00 238.00 0.00 2.00 182.35
185.00 243.00 0.00 2.00 128.37
242.00 101.00 1.00 3.00 145.87
207.00 247.00 1.00 2.00 84.40
241.00 250.00 1.00 1.00 75.61
250.00 236.00 0.00 2.00 184.62
75.00 237.00 0.00 4.00 141.24
141.00 126.00 0.00 3.00 45.66
243.00 244.00 0.00 3.00 104.26
194.00 247.00 1.00 5.00 35.78
249.00 16.00 1.00 3.00 146.71
238.00 246.00 1.00 1.00 67.97
96.00 240.00 0.00 1.00 87.11
249.00 240.00 0.00 1.00 145.67
111.00 240.00 0.00 5.00 74.53
242.00 133.00 1.00 5.00 106.55
0.00 195.00 0.00 3.00 118.01
189.00 89.00 0.00 1.00 141.78
237.00 243.00 1.00 4.00 73.58
238.00 129.00 1.00 1.00 142.76
249.00 41.00 0.00 1.00 134.15
40.00 163.00 1.00 2.00 163.97
246.00 242.00 0.00 5.00 105.72
13.00 92.00 1.00 2.00 105.74
245.00 237.00 1.00 1.00 54.16
118.00 229.00 0.00 4.00 161.43
209.00 17.00 0.00 1.00 127.17
249.00 159.00 0.00 2.00 128.01
57.00 248.00 1.00 5.00 170.56
155.00 249.00 0.00 4.00 58.85
109.00 188.00 0.00 3.00 153.92
141.00 34.00 1.00 5.00 138.46
237.00 208.00 1.00 5.00 190.24
123.00 241.00 0.00 3.00 194.95
250.00 240.00 1.00 5.00 121.85
242.00 231.00 0.00 2.00 125.27
63.00 239.00 0.00 2.00 141.30
208.00 244.00 1.00 3.00 147.59
239.00 251.00 1.00 4.00 126.30
246.00 242.00 0.00 3.00 83.49
243.00 251.00 1.00 2.00 191.28
245.00 242.00 1.00 4.00 82.80
236.00 251.00 1.00 2.00 120.50
157.00 251.00 0.00 2.00 195.22
247.00 38.00 1.00 1.00 58.13
51.00 220.00 0.00 4.00 160.88
51.00 211.00 1.00 1.00 172.74
29.00 190.00 0.00 4.00 94.13
179.00 93.00 1.00 1.00 32.16
238.00 185.00 1.00 2.00 176.12
163.00 245.00 0.00 5.00 111.02
67.00 244.00 0.00 1.00 174.07
238.00 112.00 1.00 2.00 47.00
152.00 248.00 1.00 4.00 32.70
240.00 247.00 1.00 2.00 53.73
179.00 236.00 0.00 1.00 176.56
237.00 220.00 0.00 4.00 99.99
240.00 104.00 0.00 5.00 135.94
246.00 149.00 0.00 5.00 129.96
66.00 128.00 0.00 4.00 186.56
152.00 236.00 1.00 5.00 138.42
164.00 237.00 1.00 4.00 102.93
83.00 239.00 0.00 4.00 74.21
240.00 250.00 0.00 2.00 172.18
248.00 236.00 0.00 4.00 30.20
16.00 114.00 1.00 5.00 63.36
196.00 246.00 0.00 5.00 67.19
171.00 193.00 1.00 4.00 42.63
251.00 236.00 0.00 3.00 130.57
250.00 240.00 1.00 2.00 189.20
239.00 249.00 1.00 5.00 192.69
97.00 39.00 0.00 1.00 187.53
85.00 176.00 1.00 1.00 140.86
242.00 236.00 0.00 1.00 122.71
246.00 240.00 1.00 1.00 69.65
104.00 244.00 1.00 5.00 99.15
241.00 67.00 0.00 5.00 74.56
248.00 85.00 1.00 1.00 81.12
228.00 18.00 1.00 3.00 108.30
87.00 239.00 0.00 4.00 44.99
65.00 145.00 0.00 4.00 152.33
91.00 240.00 1.00 5.00 74.16
241.00 248.00 1.00 2.00 60.88
241.00 247.00 0.00 5.00 160.63
237.00 245.00 1.00 1.00 126.42
100.00 197.00 1.00 2.00 39.06
249.00 240.00 0.00 2.00 96.69
245.00 241.00 1.00 5.00 134.88
161.00 241.00 1.00 1.00 42.41
5.00 247.00 0.00 4.00 78.84
208.00 120.00 0.00 2.00 66.84
106.00 241.00 1.00 2.00 192.82
88.00 152.00 1.00 2.00 198.90
232.00 236.00 1.00 4.00 40.19
239.00 16.00 1.00 2.00 125.40
240.00 233.00 0.00 2.00 105.99
113.00 237.00 0.00 5.00 152.58
191.00 235.00 1.00 2.00 194.31
249.00 94.00 1.00 4.00 31.57
236.00 52.00 0.00 1.00 122.93
247.00 239.00 1.00 3.00 196.74
251.00 236.00 1.00 5.00 61.13
245.00 87.00 1.00 5.00 175.87
248.00 243.00 1.00 5.00 127.26
247.00 240.00 1.00 4.00 165.82
109.00 251.00 1.00 4.00 111.89
246.00 203.00 1.00 3.00 162.14
245.00 11.00 0.00 4.00 122.23
21.00 177.00 1.00 4.00 122.15
163.00 246.00 0.00 4.00 166.66
153.00 74.00 1.00 1.00 161.41
245.00 133.00 1.00 4.00 164.14
105.00 222.00 0.00 5.00 193.56
240.00 246.00 1.00 1.00 58.98
246.00 242.00 1.00 4.00 41.55
240.00 244.00 0.00 1.00 63.91
244.00 251.00 0.00 2.00 194.46
19.00 239.00 1.00 4.00 164.73
250.00 172.00 1.00 1.00 99.20
108.00 88.00 0.00 3.00 66.30
245.00 218.00 0.00 4.00 153.89
239.00 245.00 1.00 5.00 64.58
236.00 3.00 1.00 3.00 182.48
243.00 217.00 1.00 1.00 122.92
250.00 236.00 1.00 4.00 78.75
238.00 155.00 0.00 2.00 163.92
248.00 183.00 1.00 1.00 76.43
22.00 78.00 1.00 1.00 189.89
51.00 242.00 0.00 2.00 193.66
239.00 194.00 0.00 2.00 138.87
241.00 2.00 0.00 1.00 147.62
23.00 38.00 1.00 3.00 128.77
241.00 249.00 0.00 1.00 30.83
194.00 250.00 1.00 5.00 185.83
192.00 201.00 0.00 2.00 86.47
130.00 217.00 0.00 1.00 73.22
199.00 169.00 0.00 1.00 199.74
153.00 236.00 0.00 5.00 30.98
59.00 246.00 0.00 4.00 114.75
59.00 241.00 0.00 5.00 31.51
249.00 153.00 0.00 4.00 37.14
236.00 246.00 0.00 4.00 183.75
251.00 211.00 1.00 1.00 63.44
59.00 158.00 1.00 5.00 186.16
243.00 237.00 0.00 2.00 164.54
247.00 63.00 0.00 2.00 102.76
250.00 242.00 1.00 5.00 150.59
200.00 249.00 0.00 2.00 162.70
238.00 63.00 0.00 5.00 151.88
116.00 238.00 1.00 1.00 139.70
24.00 245.00 1.00 3.00 65.84
249.00 217.00 0.00 5.00 189.50
44.00 251.00 1.00 5.00 95.90
191.00 251.00 0.00 5.00 154.27
244.00 76.00 0.00 2.00 39.62
236.00 242.00 0.00 3.00 117.39
241.00 129.00 1.00 5.00 151.86
164.00 250.00 0.00 2.00 140.49
241.00 70.00 0.00 5.00 161.98
238.00 96.00 0.00 2.00 166.01
243.00 237.00 0.00 4.00 70.26
248.00 240.00 1.00 4.00 80.62
166.00 51.00 1.00 2.00 97.13
240.00 245.00 1.00 1.00 32.14
187.00 236.00 0.00 4.00 134.47
243.00 245.00 0.00 2.00 129.42
155.00 247.00 1.00 1.00 148.19
239.00 130.00 1.00 1.00 137.57
247.00 23.00 1.00 3.00 135.91
237.00 150.00 0.00 4.00 103.11
247.00 241.00 1.00 2.00 52.46
236.00 206.00 1.00 5.00 105.32
238.00 245.00 0.00 5.00 93.40
51.00 246.00 0.00 4.00 58.11
245.00 243.00 1.00 1.00 192.06
124.00 243.00 1.00 5.00 126.71
101.00 50.00 1.00 2.00 38.15
240.00 251.00 1.00 5.00 106.14
251.00 244.00 1.00 4.00 63.07
251.00 143.00 0.00 2.00 190.48
244.00 250.00 1.00 3.00 65.52
140.00 112.00 1.00 3.00 91.00
196.00 37.00 1.00 2.00 192.29
159.00 112.00 0.00 2.00 155.11
177.00 18.00 0.00 3.00 199.10
243.00 1.00 1.00 5.00 185.38
98.00 214.00 0.00 4.00 171.05
92.00 236.00 0.00 5.00 196.64
240.00 171.00 0.00 3.00 189.85
248.00 72.00 1.00 5.00 46.18
240.00 249.00 0.00 2.00 148.69
4.00 239.00 0.00 2.00 81.94
248.00 199.00 1.00 1.00 43.83
135.00 27.00 0.00 3.00 168.22
246.00 237.00 1.00 5.00 73.64
244.00 240.00 1.00 5.00 131.51
190.00 237.00 1.00 5.00 143.62
244.00 71.00 0.00 3.00 134.85
85.00 66.00 1.00 2.00 82.96
75.00 245.00 0.00 1.00 100.68
180.00 247.00 1.00 1.00 110.67
197.00 237.00 0.00 3.00 140.18
125.00 197.00 1.00 3.00 66.55
244.00 73.00 0.00 4.00 151.83
250.00 236.00 0.00 2.00 118.17
239.00 202.00 1.00 3.00 153.59
247.00 241.00 0.00 4.00 174.94
120.00 241.00 0.00 5.00 148.58
17.00 45.00 0.00 2.00 130.08
250.00 83.00 1.00 5.00 143.66
241.00 247.00 1.00 4.00 90.68
131.00 239.00 0.00 3.00 112.57
241.00 127.00 1.00 5.00 80.97
69.00 245.00 0.00 1.00 76.65
134.00 245.00 0.00 3.00 184.94
234.00 28.00 0.00 3.00 136.25
239.00 111.00 0.00 5.00 138.94
250.00 236.00 1.00 2.00 77.85
171.00 250.00 0.00 5.00 72.22
240.00 63.00 1.00 4.00 121.33
248.00 155.00 1.00 1.00 137.51
148.00 183.00 1.00 4.00 137.22
47.00 237.00 1.00 5.00 95.00
238.00 249.00 1.00 3.00 158.66
161.00 250.00 1.00 2.00 71.80
156.00 248.00 1.00 4.00 195.69
159.00 21.00 1.00 3.00 179.82
237.00 247.00 0.00 1.00 142.00
245.00 80.00 0.00 1.00 41.37
237.00 243.00 0.00 5.00 199.52
81.00 239.00 1.00 3.00 155.30
178.00 241.00 1.00 4.00 175.97
237.00 103.00 1.00 5.00 169.11
246.00 158.00 1.00 1.00 85.42
247.00 201.00 1.00 5.00 196.07
189.00 17.00 0.00 1.00 139.31
250.00 243.00 1.00 2.00 174.12
248.00 243.00 1.00 4.00 139.60
244.00 130.00 0.00 2.00 123.79
243.00 196.00 1.00 2.00 68.42
153.00 179.00 1.00 3.00 116.86
14.00 32.00 1.00 2.00 125.91
236.00 3.00 0.00 5.00 118.74
250.00 92.00 0.00 2.00 147.20
24.00 193.00 0.00 4.00 183.40
249.00 144.00 1.00 1.00 199.18
236.00 37.00 1.00 3.00 87.46
13.00 35.00 0.00 1.00 58.42
151.00 198.00 0.00 1.00 156.74
244.00 198.00 0.00 1.00 32.52
103.00 248.00 1.00 1.00 158.56
45.00 242.00 1.00 2.00 123.88
240.00 251.00 1.00 1.00 64.64
243.00 246.00 1.00 5.00 41.16
53.00 11.00 0.00 3.00 168.21
241.00 249.00 0.00 2.00 128.80
163.00 169.00 1.00 1.00 179.50
248.00 241.00 0.00 1.00 92.39
120.00 246.00 1.00 5.00 168.67
166.00 236.00 1.00 3.00 188.50
251.00 244.00 0.00 1.00 128.25
242.00 182.00 0.00 5.00 172.00
245.00 237.00 1.00 5.00 85.14
68.00 174.00 1.00 4.00 64.39
6.00 244.00 1.00 3.00 145.31
102.00 70.00 0.00 1.00 194.36
37.00 127.00 1.00 4.00 62.42
196.00 235.00 1.00 5.00 101.95
247.00 243.00 1.00 1.00 135.25
101.00 38.00 0.00 2.00 196.82
127.00 244.00 1.00 3.00 190.53
245.00 191.00 1.00 4.00 125.88
248.00 243.00 0.00 1.00 173.15
16.00 245.00 1.00 2.00 42.58
124.00 55.00 0.00 1.00 180.59
227.00 241.00 0.00 1.00 188.36
85.00 27.00 1.00 3.00 116.80
29.00 247.00 0.00 5.00 97.60
240.00 249.00 1.00 3.00 136.78
239.00 244.00 1.00 4.00 161.74
239.00 225.00 1.00 2.00 184.16
241.00 249.00 1.00 2.00 63.96
239.00 251.00 0.00 1.00 79.27
238.00 245.00 0.00 3.00 96.66
238.00 250.00 0.00 3.00 131.26
241.00 220.00 1.00 5.00 185.58
147.00 64.00 0.00 3.00 64.27
98.00 199.00 1.00 2.00 66.62
239.00 248.00 1.00 5.00 188.11
246.00 243.00 1.00 5.00 92.69
243.00 237.00 0.00 1.00 69.04
190.00 7.00 1.00 1.00 31.81
242.00 87.00 0.00 2.00 128.59
244.00 96.00 1.00 4.00 168.35
137.00 99.00 1.00 5.00 140.49
214.00 247.00 1.00 4.00 86.93
65.00 237.00 1.00 2.00 55.64
250.00 244.00 1.00 5.00 137.58
69.00 147.00 0.00 5.00 147.32
247.00 154.00 0.00 4.00 47.29
242.00 248.00 0.00 2.00 149.24
247.00 185.00 0.00 4.00 33.53
185.00 238.00 1.00 4.00 158.57
245.00 241.00 1.00 1.00 110.60
38.00 174.00 1.00 4.00 118.61
110.00 246.00 0.00 2.00 176.24
106.00 237.00 1.00 4.00 76.21
158.00 245.00 1.00 1.00 188.28
29.00 227.00 0.00 5.00 131.19
238.00 190.00 1.00 4.00 62.60
162.00 41.00 1.00 2.00 43.83
204.00 149.00 1.00 2.00 133.16
227.00 251.00 0.00 1.00 96.48
133.00 240.00 0.00 4.00 125.49
247.00 214.00 1.00 5.00 123.33
237.00 105.00 0.00 2.00 103.10
244.00 218.00 1.00 3.00 165.63
33.00 157.00 1.00 1.00 50.13
244.00 250.00 0.00 5.00 188.12
98.00 135.00 1.00 4.00 93.29
245.00 251.00 0.00 3.00 114.63
187.00 64.00 1.00 4.00 33.25
77.00 33.00 0.00 5.00 55.14
211.00 249.00 0.00 4.00 129.03
198.00 251.00 1.00 5.00 69.01
61.00 236.00 0.00 5.00 33.84
238.00 248.00 0.00 1.00 145.63
241.00 81.00 1.00 5.00 158.05
241.00 249.00 0.00 5.00 54.74
128.00 77.00 0.00 3.00 64.26
245.00 242.00 0.00 5.00 62.40
249.00 138.00 0.00 4.00 194.82
239.00 248.00 1.00 1.00 182.25
242.00 225.00 0.00 4.00 114.24
126.00 239.00 1.00 3.00 82.69
251.00 204.00 0.00 4.00 133.26
239.00 62.00 1.00 3.00 37.62
251.00 203.00 1.00 4.00 164.21
41.00 243.00 0.00 5.00 164.07
251.00 238.00 1.00 4.00 138.00
241.00 207.00 0.00 4.00 61.15
134.00 115.00 0.00 1.00 152.18
238.00 156.00 1.00 4.00 64.34
200.00 228.00 0.00 4.00 121.86
97.00 246.00 0.00 1.00 115.78
251.00 242.00 1.00 3.00 51.04
240.00 42.00 1.00 2.00 162.85
242.00 250.00 1.00 4.00 83.22
123.00 241.00 0.00 3.00 166.10
119.00 240.00 1.00 3.00 90.33
37.00 245.00 1.00 3.00 129.56
75.00 249.00 0.00 4.00 135.93
2.00 74.00 1.00 4.00 79.32
230.00 4.00 1.00 2.00 158.36
243.00 146.00 1.00 5.00 52.32
241.00 248.00 0.00 5.00 119.31
248.00 241.00 1.00 3.00 171.20
237.00 244.00 0.00 2.00 119.12
251.00 236.00 0.00 2.00 150.93
246.00 236.00 0.00 3.00 142.14
68.00 248.00 0.00 3.00 197.35
251.00 238.00 1.00 5.00 184.90
57.00 244.00 0.00 4.00 72.08
250.00 119.00 0.00 1.00 153.36
227.00 79.00 0.00 2.00 68.30
237.00 148.00 0.00 4.00 50.14
245.00 251.00 0.00 3.00 89.13
237.00 212.00 1.00 1.00 153.10
240.00 181.00 1.00 1.00 177.98
209.00 240.00 1.00 1.00 177.92
219.00 75.00 1.00 3.00 143.20
202.00 241.00 1.00 2.00 90.77
239.00 138.00 0.00 4.00 60.54
128.00 90.00 0.00 2.00 66.01
247.00 209.00 0.00 3.00 96.61
238.00 163.00 0.00 4.00 179.94
243.00 61.00 1.00 2.00 33.84
58.00 200.00 0.00 4.00 123.75
218.00 250.00 0.00 5.00 61.79
122.00 239.00 0.00 3.00 81.39
250.00 238.00 0.00 5.00 46.83
164.00 158.00 1.00 2.00 119.92
239.00 249.00 0.00 4.00 137.03
155.00 14.00 1.00 5.00 176.10
237.00 153.00 0.00 2.00 142.07
244.00 238.00 0.00 5.00 134.24
244.00 242.00 0.00 4.00 134.54
249.00 240.00 1.00 2.00 56.82
243.00 237.00 0.00 5.00 180.64
236.00 148.00 1.00 1.00 113.65
241.00 246.00 0.00 1.00 34.37
39.00 226.00 1.00 4.00 36.76
193.00 251.00 0.00 2.00 45.80
69.00 247.00 1.00 2.00 136.22
144.00 25.00 1.00 4.00 78.45
248.00 217.00 0.00 5.00 125.69
240.00 251.00 1.00 2.00 46.05
236.00 101.00 0.00 4.00 150.77
94.00 239.00 1.00 4.00 138.03
171.00 202.00 0.00 5.00 62.12
246.00 243.00 0.00 4.00 181.31
65.00 34.00 1.00 5.00 181.95
244.00 239.00 0.00 2.00 78.38
246.00 15.00 0.00 3.00 76.98
249.00 241.00 0.00 1.00 122.62
250.00 186.00 1.00 1.00 33.59
98.00 251.00 0.00 3.00 35.06
242.00 244.00 0.00 4.00 120.11
92.00 195.00 0.00 2.00 52.10
246.00 119.00 0.00 3.00 105.64
250.00 190.00 1.00 2.00 169.88
163.00 103.00 1.00 4.00 118.22
111.00 243.00 1.00 2.00 195.52
243.00 227.00 0.00 2.00 71.74
241.00 60.00 0.00 5.00 77.08
170.00 207.00 1.00 5.00 120.92
251.00 88.00 0.00 1.00 124.67
245.00 214.00 1.00 1.00 55.22
251.00 243.00 1.00 2.00 55.95
132.00 244.00 0.00 3.00 61.95
241.00 244.00 0.00 1.00 52.38
225.00 78.00 1.00 1.00 170.78
242.00 249.00 1.00 4.00 98.45
145.00 66.00 0.00 1.00 183.81
93.00 52.00 0.00 2.00 177.03
130.00 250.00 1.00 2.00 77.09
244.00 241.00 1.00 3.00 102.82
191.00 245.00 1.00 5.00 87.50
85.00 214.00 1.00 2.00 158.50
51.00 137.00 0.00 5.00 127.13
53.00 36.00 1.00 4.00 152.99
180.00 239.00 0.00 1.00 117.89
236.00 245.00 1.00 2.00 61.36
52.00 250.00 0.00 5.00 163.96
238.00 250.00 1.00 1.00 135.60
247.00 209.00 0.00 3.00 134.53
237.00 174.00 0.00 4.00 189.66
153.00 55.00 1.00 3.00 136.42
243.00 249.00 0.00 4.00 82.32
249.00 59.00 1.00 3.00 83.26
237.00 246.00 1.00 3.00 84.02
240.00 244.00 1.00 2.00 101.39
239.00 37.00 0.00 3.00 124.15
59.00 156.00 1.00 4.00 43.65
244.00 6.00 1.00 1.00 37.16
31.00 93.00 0.00 5.00 46.98
221.00 242.00 0.00 3.00 173.18
1.00 15.00 0.00 2.00 103.44
242.00 144.00 0.00 5.00 75.42
251.00 241.00 1.00 2.00 46.53
244.00 33.00 1.00 5.00 126.60
18.00 219.00 1.00 1.00 145.62
240.00 106.00 1.00 4.00 198.37
247.00 236.00 1.00 2.00 92.71
195.00 65.00 0.00 3.00 129.13
241.00 14.00 0.00 5.00 92.21
12.00 195.00 0.00 5.00 140.73
120.00 237.00 0.00 3.00 124.73
237.00 243.00 0.00 3.00 56.60
95.00 237.00 0.00 2.00 66.33
240.00 244.00 1.00 4.00 115.20
5.00 149.00 0.00 3.00 94.13
48.00 223.00 0.00 1.00 84.38
184.00 69.00 0.00 5.00 82.16
125.00 158.00 1.00 5.00 158.71
246.00 241.00 1.00 3.00 145.29
91.00 243.00 1.00 4.00 193.01
236.00 96.00 1.00 3.00 131.87
241.00 247.00 0.00 2.00 115.55
169.00 244.00 1.00 3.00 73.38
248.00 241.00 1.00 1.00 41.27
65.00 202.00 1.00 4.00 183.05
75.00 193.00 0.00 1.00 199.42
247.00 241.00 1.00 5.00 162.82
242.00 249.00 0.00 1.00 73.22
119.00 247.00 1.00 5.00 109.79
240.00 251.00 0.00 3.00 141.24
83.00 155.00 1.00 1.00 46.99
241.00 245.00 0.00 4.00 58.64
246.00 3.00 0.00 4.00 71.01
11.00 239.00 1.00 1.00 35.59
148.00 250.00 0.00 4.00 158.55
37.00 130.00 0.00 4.00 36.60
244.00 86.00 1.00 4.00 84.06
187.00 239.00 0.00 1.00 153.02
241.00 246.00 0.00 4.00 77.79
208.00 235.00 1.00 5.00 197.89
42.00 115.00 0.00 3.00 95.84
237.00 164.00 0.00 1.00 142.06
194.00 177.00 1.00 1.00 71.67
242.00 248.00 1.00 5.00 177.92
246.00 240.00 1.00 5.00 44.24
249.00 42.00 0.00 2.00 186.13
0.00 99.00 0.00 4.00 93.16
86.00 249.00 0.00 2.00 197.27
96.00 36.00 1.00 5.00 112.13
213.00 251.00 0.00 3.00 67.55
239.00 194.00 1.00 1.00 48.69
189.00 251.00 0.00 2.00 141.10
48.00 75.00 0.00 4.00 117.94
242.00 234.00 0.00 4.00 112.28
240.00 250.00 1.00 3.00 93.62
241.00 72.00 0.00 4.00 191.00
245.00 133.00 1.00 1.00 188.36
245.00 230.00 1.00 4.00 152.64
243.00 247.00 1.00 4.00 154.65
238.00 217.00 0.00 5.00 106.81
236.00 242.00 1.00 2.00 89.11
89.00 242.00 0.00 1.00 154.18
195.00 181.00 0.00 3.00 124.47
238.00 13.00 1.00 3.00 130.47
132.00 244.00 0.00 1.00 186.41
20.00 156.00 0.00 4.00 133.10
241.00 70.00 1.00 1.00 88.71
208.00 251.00 0.00 4.00 102.00
244.00 139.00 1.00 3.00 104.44
192.00 112.00 0.00 5.00 126.96
249.00 35.00 1.00 1.00 129.38
245.00 239.00 0.00 5.00 56.28
247.00 242.00 1.00 2.00 79.73
155.00 83.00 0.00 5.00 159.92
135.00 237.00 0.00 2.00 63.41
144.00 248.00 1.00 4.00 32.81
244.00 240.00 0.00 2.00 123.80
122.00 53.00 1.00 2.00 141.61
226.00 244.00 0.00 5.00 47.57
235.00 94.00 1.00 4.00 85.57
241.00 246.00 1.00 5.00 194.40
134.00 47.00 0.00 3.00 61.81
238.00 115.00 0.00 5.00 185.85
238.00 244.00 0.00 4.00 118.82
111.00 49.00 1.00 5.00 37.34
240.00 246.00 0.00 2.00 141.02
237.00 250.00 1.00 3.00 74.14
121.00 224.00 1.00 1.00 145.94
246.00 242.00 1.00 3.00 181.42
8.00 59.00 1.00 1.00 77.27
250.00 241.00 0.00 4.00 161.28
45.00 15.00 1.00 3.00 166.01
154.00 179.00 1.00 1.00 94.15
171.00 247.00 0.00 3.00 197.73
76.00 241.00 1.00 2.00 67.87
16.00 249.00 1.00 3.00 150.82
250.00 240.00 0.00 1.00 140.59
204.00 197.00 1.00 3.00 105.02
239.00 246.00 1.00 3.00 91.43
177.00 236.00 0.00 5.00 50.14
231.00 243.00 1.00 3.00 73.05
242.00 203.00 0.00 3.00 110.19
249.00 237.00 1.00 5.00 141.55
87.00 134.00 0.00 3.00 140.52
6.00 238.00 0.00 4.00 40.09
246.00 230.00 1.00 4.00 164.31
193.00 52.00 1.00 5.00 199.18
244.00 0.00 1.00 1.00 37.89
251.00 41.00 0.00 3.00 64.04
238.00 251.00 1.00 1.00 165.26
246.00 239.00 1.00 2.00 110.61
247.00 237.00 0.00 1.00 160.96
59.00 213.00 1.00 5.00 88.65
134.00 251.00 1.00 3.00 58.46
187.00 239.00 0.00 1.00 177.32
245.00 243.00 1.00 3.00 125.90
140.00 238.00 1.00 5.00 77.88
237.00 245.00 0.00 5.00 147.71
65.00 51.00 1.00 2.00 96.34
76.00 163.00 1.00 2.00 190.49
117.00 144.00 1.00 5.00 139.25
240.00 144.00 0.00 5.00 171.86
118.00 206.00 0.00 2.00 68.06
244.00 88.00 1.00 1.00 53.88
187.00 136.00 0.00 1.00 141.53
236.00 250.00 0.00 2.00 30.19
244.00 162.00 0.00 1.00 141.77
250.00 26.00 1.00 4.00 40.71
250.00 238.00 1.00 1.00 65.21
136.00 242.00 0.00 4.00 57.99
87.00 246.00 1.00 3.00 171.96
85.00 249.00 0.00 1.00 65.02
161.00 251.00 0.00 4.00 62.89
60.00 132.00 0.00 4.00 147.09
177.00 21.00 1.00 4.00 31.27
249.00 203.00 0.00 3.00 198.67
200.00 40.00 1.00 3.00 57.46
170.00 242.00 0.00 3.00 168.02
238.00 250.00 0.00 2.00 57.66
88.00 104.00 1.00 5.00 67.68
232.00 79.00 0.00 5.00 63.50
143.00 247.00 0.00 3.00 110.91
205.00 198.00 1.00 2.00 126.40
229.00 246.00 0.00 3.00 130.60
250.00 122.00 1.00 5.00 124.84
164.00 238.00 0.00 1.00 61.95
239.00 2.00 1.00 4.00 172.39
246.00 241.00 1.00 5.00 199.18
241.00 233.00 1.00 2.00 39.21
192.00 242.00 1.00 1.00 106.35
246.00 236.00 0.00 4.00 41.63
232.00 238.00 1.00 4.00 177.15
246.00 240.00 0.00 5.00 95.68
158.00 227.00 0.00 2.00 73.29
86.00 236.00 0.00 2.00 36.18
185.00 247.00 0.00 5.00 183.32
157.00 243.00 0.00 3.00 92.13
243.00 245.00 1.00 4.00 164.13
238.00 246.00 1.00 4.00 84.57
20.00 240.00 0.00 2.00 145.72
229.00 70.00 1.00 4.00 122.72
245.00 226.00 1.00 5.00 117.60
251.00 243.00 0.00 5.00 48.65
244.00 236.00 1.00 3.00 95.43
240.00 163.00 1.00 5.00 173.73
239.00 142.00 0.00 1.00 93.41
220.00 242.00 0.00 3.00 139.26
10.00 182.00 1.00 3.00 104.75
246.00 103.00 1.00 4.00 122.69
181.00 240.00 0.00 3.00 126.40
245.00 242.00 1.00 3.00 134.08
38.00 250.00 0.00 5.00 73.11
242.00 248.00 1.00 4.00 195.86
149.00 5.00 0.00 2.00 92.30
123.00 242.00 1.00 2.00 153.76
238.00 248.00 0.00 2.00 37.15
248.00 100.00 1.00 3.00 139.67
241.00 216.00 1.00 4.00 88.22
249.00 243.00 0.00 3.00 189.96
237.00 158.00 1.00 5.00 127.38
54.00 251.00 0.00 3.00 139.64
247.00 243.00 0.00 2.00 68.78
244.00 139.00 0.00 3.00 80.96
251.00 238.00 0.00 2.00 75.79
39.00 244.00 0.00 3.00 42.14
7.00 59.00 1.00 4.00 156.44
130.00 144.00 1.00 4.00 137.43
239.00 74.00 1.00 5.00 175.71
227.00 245.00 0.00 4.00 117.49
137.00 243.00 0.00 3.00 102.25
246.00 83.00 1.00 1.00 67.05
198.00 243.00 1.00 3.00 139.39
236.00 69.00 0.00 5.00 188.83
247.00 240.00 0.00 4.00 89.94
245.00 237.00 1.00 2.00 146.66
251.00 238.00 0.00 1.00 189.18
242.00 250.00 1.00 2.00 100.69
127.00 248.00 1.00 2.00 86.83
229.00 4.00 1.00 5.00 154.72
215.00 113.00 1.00 1.00 90.38
241.00 246.00 0.00 3.00 76.52
162.00 188.00 1.00 4.00 117.36
91.00 164.00 1.00 3.00 158.66
236.00 247.00 0.00 3.00 129.31
100.00 154.00 0.00 2.00 122.49
247.00 242.00 1.00 2.00 48.04
239.00 246.00 0.00 3.00 127.72
133.00 34.00 0.00 3.00 67.88
102.00 242.00 0.00 2.00 63.56
100.00 247.00 0.00 2.00 58.36
244.00 79.00 0.00 2.00 158.25
201.00 120.00 0.00 3.00 93.98
237.00 197.00 0.00 3.00 126.93
237.00 192.00 1.00 4.00 134.42
249.00 119.00 1.00 5.00 174.93
199.00 239.00 1.00 1.00 127.22
111.00 249.00 1.00 4.00 101.35
213.00 249.00 0.00 2.00 73.40
171.00 83.00 1.00 4.00 154.38
191.00 239.00 1.00 1.00 68.25
241.00 244.00 0.00 5.00 141.77
244.00 250.00 1.00 5.00 42.50
236.00 247.00 1.00 3.00 139.50
243.00 250.00 1.00 1.00 102.86
73.00 17.00 1.00 1.00 90.28
163.00 60.00 0.00 2.00 189.45
131.00 248.00 0.00 5.00 141.35
241.00 246.00 1.00 1.00 148.62
60.00 250.00 1.00 5.00 40.82
100.00 247.00 1.00 5.00 79.91
58.00 238.00 0.00 3.00 149.83
249.00 242.00 0.00 2.00 118.66
248.00 241.00 1.00 5.00 185.27
122.00 244.00 0.00 1.00 166.18
98.00 54.00 0.00 1.00 113.46
241.00 247.00 1.00 3.00 142.11
72.00 100.00 0.00 1.00 170.49
249.00 122.00 0.00 2.00 165.60
245.00 181.00 0.00 5.00 182.68
241.00 192.00 0.00 5.00 167.45
151.00 244.00 1.00 1.00 62.27
44.00 23.00 0.00 5.00 176.25
251.00 172.00 1.00 2.00 103.42
243.00 236.00 1.00 1.00 31.54
251.00 146.00 0.00 5.00 105.50
181.00 243.00 0.00 4.00 176.05
36.00 8.00 0.00 2.00 51.67
53.00 199.00 0.00 4.00 110.48
244.00 250.00 1.00 1.00 199.89
120.00 239.00 0.00 4.00 114.10
118.00 60.00 1.00 2.00 37.58
91.00 251.00 1.00 5.00 94.72
184.00 238.00 0.00 1.00 131.57
243.00 236.00 1.00 4.00 46.64
92.00 249.00 1.00 5.00 179.35
216.00 104.00 1.00 4.00 133.17
248.00 49.00 1.00 1.00 193.19
189.00 73.00 1.00 5.00 54.38
247.00 24.00 1.00 1.00 170.85
244.00 186.00 0.00 1.00 30.65
227.00 244.00 1.00 5.00 170.71
251.00 238.00 0.00 2.00 121.51
237.00 184.00 0.00 4.00 138.90
238.00 251.00 0.00 2.00 95.39
232.00 25.00 1.00 4.00 44.65
236.00 243.00 0.00 3.00 164.28
177.00 239.00 1.00 2.00 59.25
144.00 190.00 1.00 5.00 45.95
104.00 237.00 0.00 4.00 190.75
239.00 90.00 1.00 3.00 153.68
108.00 248.00 1.00 4.00 184.52
64.00 39.00 1.00 4.00 166.43
124.00 246.00 1.00 3.00 106.85
70.00 174.00 1.00 4.00 83.52
43.00 243.00 0.00 3.00 179.22
237.00 56.00 0.00 2.00 157.87
106.00 128.00 0.00 2.00 93.56
242.00 236.00 1.00 1.00 73.29
229.00 4.00 0.00 1.00 104.02
160.00 237.00 0.00 5.00 127.63
58.00 140.00 1.00 1.00 195.70
237.00 135.00 0.00 3.00 49.65
247.00 241.00 1.00 1.00 151.55
171.00 182.00 0.00 3.00 35.41
243.00 91.00 1.00 1.00 176.27
92.00 139.00 0.00 2.00 179.01
248.00 138.00 1.00 5.00 160.21
238.00 244.00 1.00 1.00 56.01
66.00 202.00 1.00 1.00 155.75
242.00 247.00 1.00 2.00 89.26
237.00 235.00 0.00 1.00 56.04
250.00 244.00 1.00 5.00 196.84
236.00 247.00 1.00 2.00 103.03
181.00 246.00 0.00 2.00 88.99
238.00 246.00 1.00 5.00 105.37
165.00 20.00 0.00 5.00 160.53
116.00 85.00 1.00 3.00 178.57
240.00 249.00 0.00 2.00 70.02
218.00 238.00 0.00 4.00 134.12
251.00 121.00 1.00 4.00 104.74
44.00 114.00 0.00 4.00 132.32
248.00 236.00 1.00 4.00 73.19
128.00 63.00 1.00 3.00 170.71
162.00 168.00 1.00 1.00 101.33
184.00 238.00 0.00 1.00 168.15
242.00 251.00 0.00 3.00 59.88
73.00 83.00 0.00 4.00 187.63
242.00 5.00 0.00 4.00 102.94
5.00 6.00 1.00 1.00 175.73
115.00 244.00 1.00 2.00 148.06
173.00 100.00 1.00 2.00 140.23
251.00 240.00 0.00 1.00 139.96
242.00 236.00 1.00 1.00 64.64
25.00 248.00 0.00 2.00 197.69
246.00 236.00 0.00 3.00 58.01
38.00 248.00 1.00 4.00 132.84
242.00 171.00 0.00 5.00 86.13
110.00 241.00 1.00 5.00 186.50
155.00 238.00 0.00 5.00 161.69
8.00 240.00 0.00 1.00 94.77
239.00 185.00 1.00 4.00 46.40
197.00 100.00 1.00 4.00 164.06
77.00 201.00 0.00 4.00 88.69
175.00 118.00 0.00 4.00 148.44
240.00 244.00 0.00 3.00 63.23
72.00 243.00 1.00 5.00 98.96
12.00 243.00 0.00 2.00 151.83
18.00 246.00 0.00 4.00 123.80
207.00 241.00 0.00 1.00 137.88
109.00 236.00 0.00 4.00 146.87
243.00 246.00 1.00 3.00 161.43
231.00 180.00 0.00 4.00 95.24
242.00 206.00 0.00 5.00 39.38
35.00 250.00 1.00 1.00 189.14
244.00 236.00 1.00 3.00 164.09
242.00 236.00 1.00 2.00 56.65
248.00 239.00 0.00 3.00 40.05
244.00 243.00 1.00 2.00 136.27
237.00 147.00 1.00 5.00 135.66
245.00 31.00 0.00 3.00 191.73
237.00 243.00 0.00 4.00 36.31
237.00 125.00 0.00 5.00 84.29
7.00 250.00 1.00 3.00 104.90
24.00 99.00 0.00 2.00 191.07
130.00 241.00 1.00 4.00 133.55
246.00 18.00 0.00 1.00 123.86
239.00 197.00 1.00 1.00 67.16
95.00 246.00 0.00 1.00 80.63
183.00 203.00 1.00 4.00 196.34
237.00 157.00 0.00 4.00 95.12
247.00 241.00 1.00 5.00 195.57
187.00 249.00 1.00 5.00 179.37
42.00 19.00 1.00 4.00 156.89
56.00 39.00 1.00 3.00 71.07
120.00 28.00 0.00 4.00 149.52
209.00 237.00 0.00 1.00 105.61
240.00 36.00 0.00 1.00 89.93
247.00 242.00 1.00 5.00 108.16
40.00 8.00 0.00 3.00 70.38
88.00 244.00 0.00 4.00 189.17
144.00 80.00 0.00 4.00 107.39
239.00 245.00 0.00 2.00 100.10
251.00 92.00 0.00 4.00 104.11
62.00 244.00 1.00 1.00 103.84
37.00 234.00 1.00 5.00 79.77
242.00 244.00 1.00 1.00 175.49
149.00 243.00 1.00 2.00 161.73
9.00 236.00 0.00 5.00 100.32
250.00 51.00 1.00 4.00 146.22
79.00 228.00 0.00 1.00 43.69
236.00 249.00 1.00 5.00 167.78
205.00 13.00 0.00 2.00 145.11
67.00 244.00 1.00 2.00 107.42
150.00 16.00 1.00 5.00 69.55
244.00 5.00 1.00 4.00 92.94
250.00 214.00 0.00 5.00 91.53
4.00 204.00 0.00 1.00 168.81
169.00 129.00 0.00 3.00 189.78
28.00 249.00 1.00 1.00 186.10
38.00 239.00 0.00 4.00 189.44
46.00 241.00 0.00 1.00 148.40
242.00 249.00 0.00 5.00 34.07
98.00 118.00 0.00 2.00 86.37
242.00 249.00 0.00 5.00 155.07
246.00 124.00 1.00 4.00 56.05
203.00 26.00 0.00 1.00 125.50
241.00 245.00 0.00 2.00 127.55
180.00 36.00 1.00 3.00 128.35
238.00 249.00 0.00 2.00 149.82
241.00 111.00 1.00 3.00 55.93
239.00 227.00 0.00 5.00 64.05
69.00 251.00 1.00 4.00 60.12
239.00 245.00 0.00 1.00 41.14
14.00 68.00 0.00 3.00 113.11
245.00 251.00 1.00 2.00 110.73
13.00 249.00 0.00 2.00 77.67
74.00 100.00 1.00 2.00 129.47
28.00 81.00 1.00 2.00 154.09
245.00 135.00 0.00 2.00 163.84
7.00 26.00 0.00 1.00 140.94
111.00 248.00 1.00 3.00 74.23
248.00 163.00 0.00 5.00 182.91
246.00 240.00 0.00 2.00 103.60
85.00 220.00 1.00 5.00 107.26
217.00 26.00 1.00 5.00 82.06
58.00 244.00 1.00 5.00 114.89
122.00 168.00 0.00 3.00 154.66
230.00 250.00 1.00 2.00 43.17
246.00 145.00 0.00 1.00 142.31
236.00 248.00 0.00 2.00 32.80
246.00 60.00 1.00 5.00 183.28
39.00 239.00 0.00 4.00 134.09
250.00 236.00 0.00 1.00 124.23
242.00 61.00 0.00 1.00 42.07
241.00 244.00 0.00 5.00 104.18
238.00 244.00 0.00 1.00 167.51
156.00 240.00 1.00 3.00 36.00
248.00 122.00 1.00 4.00 39.08
244.00 77.00 1.00 5.00 76.82
162.00 129.00 0.00 1.00 66.85
239.00 245.00 0.00 3.00 173.60
250.00 103.00 1.00 3.00 78.74
242.00 175.00 1.00 1.00 130.52
248.00 57.00 0.00 4.00 76.20
247.00 70.00 1.00 2.00 69.34
176.00 248.00 1.00 1.00 179.54
161.00 225.00 1.00 4.00 59.36
129.00 126.00 1.00 1.00 91.37
116.00 41.00 0.00 2.00 38.23
7.00 216.00 0.00 2.00 49.00
91.00 248.00 0.00 2.00 51.62
247.00 82.00 1.00 3.00 61.31
245.00 163.00 0.00 3.00 147.87
8.00 241.00 0.00 5.00 176.54
243.00 173.00 0.00 5.00 85.92
249.00 243.00 0.00 4.00 150.49
243.00 236.00 0.00 5.00 106.80
241.00 18.00 1.00 3.00 39.35
123.00 248.00 0.00 3.00 61.66
124.00 133.00 0.00 2.00 129.69
246.00 241.00 1.00 2.00 66.69
160.00 249.00 1.00 3.00 191.79
236.00 186.00 0.00 4.00 112.01
208.00 177.00 0.00 2.00 96.99
207.00 251.00 1.00 4.00 45.59
46.00 176.00 1.00 5.00 115.21
241.00 246.00 1.00 3.00 113.32
65.00 243.00 1.00 4.00 136.25
240.00 245.00 1.00 3.00 72.62
118.00 98.00 1.00 3.00 172.91
41.00 115.00 1.00 3.00 54.20
248.00 240.00 1.00 1.00 45.42
