6.00 240.00 0.00 3.00 138.63
251.00 152.00 1.00 5.00 106.67
226.00 8.00 0.00 4.00 73.59
237.00 21.00 0.00 5.00 38.36
246.00 17.00 1.00 1.00 71.76
171.00 240.00 1.00 5.00 72.53
248.00 12.00 0.00 5.00 185.53
103.00 17.00 0.00 2.00 132.57
176.00 31.00 1.00 2.00 162.68
250.00 239.00 0.00 1.00 79.82
250.00 113.00 1.00 2.00 77.78
16.00 171.00 1.00 1.00 130.35
41.00 66.00 1.00 2.00 52.82
245.00 183.00 0.00 5.00 53.63
249.00 237.00 1.00 3.00 164.54
217.00 238.00 0.00 4.00 57.56
249.00 240.00 1.00 3.00 175.95
238.00 34.00 1.00 2.00 158.85
120.00 236.00 0.00 1.00 51.53
240.00 38.00 0.00 3.00 54.10
190.00 135.00 1.00 4.00 130.83
155.00 24.00 0.00 3.00 183.56
194.00 38.00 1.00 5.00 170.50
13.00 242.00 1.00 5.00 94.44
198.00 190.00 0.00 3.00 192.04
237.00 249.00 1.00 2.00 131.51
38.00 123.00 1.00 5.00 196.24
27.00 249.00 0.00 4.00 166.36
240.00 82.00 0.00 5.00 31.32
251.00 243.00 1.00 5.00 132.36
249.00 162.00 0.00 3.00 143.29
246.00 242.00 1.00 1.00 61.55
248.00 237.00 0.00 3.00 141.02
227.00 251.00 1.00 2.00 108.68
166.00 133.00 1.00 2.00 31.34
236.00 246.00 1.00 5.00 146.30
110.00 78.00 1.00 5.00 83.07
242.00 246.00 1.00 4.00 170.84
169.00 249.00 1.00 1.00 105.63
177.00 101.00 0.00 3.00 85.06
242.00 246.00 1.00 3.00 109.49
245.00 167.00 1.00 5.00 147.37
24.00 131.00 1.00 2.00 41.51
237.00 249.00 1.00 2.00 165.26
33.00 250.00 0.00 1.00 34.45
72.00 248.00 0.00 1.00 154.53
197.00 239.00 1.00 2.00 45.85
239.00 250.00 1.00 1.00 96.97
116.00 44.00 0.00 3.00 156.83
68.00 11.00 1.00 1.00 85.39
249.00 239.00 0.00 3.00 153.27
245.00 196.00 0.00 1.00 102.44
236.00 116.00 1.00 5.00 65.36
242.00 250.00 0.00 4.00 172.98
7.00 250.00 0.00 3.00 59.07
236.00 251.00 0.00 4.00 91.30
245.00 2.00 1.00 1.00 99.00
56.00 39.00 1.00 5.00 109.82
245.00 236.00 0.00 5.00 59.00
210.00 169.00 1.00 5.00 170.30
85.00 241.00 0.00 4.00 89.13
75.00 81.00 0.00 2.00 180.55
239.00 117.00 0.00 5.00 82.68
251.00 238.00 0.00 1.00 110.74
136.00 77.00 1.00 4.00 42.05
14.00 67.00 1.00 4.00 37.27
237.00 245.00 0.00 2.00 175.50
249.00 117.00 0.00 3.00 154.35
168.00 247.00 0.00 5.00 96.80
114.00 43.00 1.00 4.00 178.71
243.00 100.00 0.00 4.00 88.30
251.00 242.00 0.00 1.00 87.74
147.00 183.00 1.00 3.00 155.26
168.00 240.00 1.00 1.00 33.86
237.00 249.00 0.00 4.00 196.97
59.00 132.00 0.00 3.00 45.91
239.00 251.00 0.00 3.00 189.40
242.00 249.00 1.00 2.00 43.55
245.00 243.00 0.00 2.00 185.53
241.00 248.00 1.00 3.00 41.27
152.00 59.00 1.00 4.00 71.05
201.00 249.00 1.00 2.00 80.51
51.00 249.00 0.00 1.00 69.63
243.00 12.00 0.00 1.00 74.18
240.00 118.00 0.00 1.00 86.36
245.00 236.00 1.00 5.00 192.16
251.00 243.00 1.00 4.00 103.98
37.00 196.00 1.00 2.00 171.94
85.00 183.00 1.00 1.00 87.31
61.00 74.00 0.00 5.00 196.25
247.00 243.00 1.00 3.00 41.56
236.00 247.00 0.00 4.00 150.61
251.00 127.00 0.00 2.00 106.79
239.00 114.00 1.00 5.00 149.50
218.00 248.00 0.00 4.00 158.44
137.00 237.00 0.00 4.00 181.87
161.00 248.00 1.00 5.00 171.39
248.00 239.00 0.00 3.00 150.41
10.00 243.00 0.00 5.00 182.85
249.00 237.00 1.00 5.00 115.35
117.00 199.00 1.00 2.00 100.40
247.00 122.00 1.00 4.00 84.88
237.00 41.00 1.00 2.00 67.89
109.00 239.00 1.00 5.00 183.64
103.00 240.00 0.00 5.00 88.81
22.00 75.00 1.00 4.00 184.30
212.00 206.00 0.00 5.00 116.80
241.00 146.00 1.00 1.00 147.73
240.00 249.00 1.00 2.00 74.72
57.00 194.00 0.00 1.00 185.04
248.00 240.00 1.00 4.00 165.99
243.00 3.00 1.00 1.00 123.26
239.00 114.00 0.00 5.00 129.01
237.00 103.00 1.00 2.00 129.57
243.00 217.00 0.00 5.00 74.13
248.00 107.00 0.00 4.00 44.37
251.00 239.00 0.00 4.00 98.55
248.00 221.00 1.00 2.00 76.93
238.00 244.00 1.00 3.00 125.20
210.00 139.00 0.00 1.00 99.86
236.00 246.00 1.00 4.00 132.62
162.00 14.00 1.00 5.00 161.31
182.00 221.00 1.00 1.00 191.72
225.00 242.00 1.00 2.00 72.90
150.00 212.00 1.00 1.00 44.96
48.00 92.00 1.00 5.00 197.06
242.00 130.00 1.00 5.00 160.12
132.00 251.00 1.00 2.00 187.91
239.00 34.00 0.00 3.00 73.23
84.00 228.00 0.00 4.00 124.36
98.00 238.00 0.00 5.00 81.91
139.00 238.00 1.00 1.00 159.73
244.00 68.00 1.00 4.00 74.37
75.00 172.00 1.00 2.00 107.32
243.00 246.00 1.00 3.00 181.95
241.00 70.00 0.00 1.00 162.80
246.00 38.00 1.00 1.00 142.88
194.00 236.00 0.00 3.00 193.06
241.00 245.00 1.00 5.00 85.35
52.00 246.00 0.00 4.00 109.44
68.00 247.00 0.00 5.00 50.09
194.00 243.00 0.00 5.00 60.83
201.00 16.00 1.00 4.00 153.47
92.00 237.00 0.00 5.00 93.01
251.00 154.00 1.00 3.00 159.33
242.00 236.00 1.00 4.00 103.72
242.00 16.00 0.00 1.00 67.10
60.00 240.00 1.00 3.00 189.54
248.00 39.00 0.00 3.00 111.97
172.00 247.00 1.00 2.00 139.91
185.00 107.00 0.00 4.00 72.72
244.00 239.00 1.00 2.00 104.93
244.00 206.00 0.00 4.00 78.39
167.00 88.00 0.00 2.00 136.83
244.00 148.00 1.00 4.00 45.16
240.00 244.00 0.00 5.00 90.73
246.00 242.00 1.00 1.00 172.15
43.00 188.00 0.00 5.00 191.09
4.00 247.00 1.00 3.00 49.13
241.00 245.00 1.00 5.00 79.29
241.00 250.00 0.00 3.00 115.77
196.00 236.00 1.00 1.00 177.36
242.00 247.00 1.00 4.00 131.84
25.00 251.00 0.00 3.00 160.98
72.00 237.00 0.00 1.00 157.06
236.00 251.00 1.00 4.00 134.99
74.00 240.00 1.00 1.00 78.57
240.00 95.00 1.00 1.00 43.20
105.00 245.00 0.00 2.00 45.29
42.00 237.00 1.00 4.00 90.08
246.00 239.00 0.00 5.00 110.87
181.00 33.00 0.00 1.00 169.46
225.00 241.00 1.00 5.00 74.92
244.00 165.00 1.00 5.00 48.10
169.00 247.00 0.00 1.00 101.26
249.00 184.00 1.00 1.00 58.24
249.00 242.00 0.00 3.00 164.79
124.00 177.00 0.00 4.00 198.23
244.00 225.00 1.00 2.00 166.83
59.00 240.00 0.00 3.00 169.81
240.00 120.00 1.00 2.00 80.60
244.00 108.00 0.00 4.00 57.72
242.00 162.00 0.00 1.00 105.31
96.00 12.00 1.00 2.00 182.26
240.00 105.00 1.00 4.00 105.23
241.00 244.00 1.00 5.00 92.57
244.00 240.00 1.00 3.00 139.44
246.00 60.00 0.00 2.00 67.40
82.00 14.00 0.00 5.00 82.71
107.00 217.00 1.00 5.00 118.07
57.00 248.00 1.00 1.00 179.40
249.00 242.00 0.00 4.00 145.36
248.00 238.00 1.00 1.00 61.58
35.00 246.00 1.00 5.00 185.82
245.00 16.00 0.00 3.00 67.17
9.00 251.00 0.00 2.00 70.94
239.00 249.00 0.00 2.00 161.14
240.00 251.00 1.00 2.00 191.29
250.00 163.00 0.00 1.00 181.72
245.00 126.00 0.00 5.00 55.94
249.00 45.00 0.00 4.00 119.53
132.00 58.00 1.00 1.00 126.90
59.00 28.00 0.00 2.00 127.73
186.00 248.00 1.00 3.00 132.42
248.00 123.00 0.00 4.00 155.73
52.00 235.00 1.00 2.00 63.32
142.00 247.00 1.00 3.00 108.93
245.00 237.00 0.00 5.00 41.97
245.00 11.00 1.00 5.00 97.58
238.00 210.00 1.00 1.00 78.73
243.00 244.00 0.00 5.00 93.06
74.00 242.00 1.00 2.00 199.64
233.00 248.00 0.00 3.00 81.38
239.00 171.00 0.00 3.00 56.53
243.00 144.00 1.00 5.00 111.41
249.00 113.00 0.00 3.00 122.40
251.00 244.00 1.00 2.00 133.99
239.00 244.00 1.00 3.00 122.91
79.00 12.00 0.00 2.00 127.32
250.00 123.00 1.00 3.00 130.27
250.00 243.00 1.00 1.00 39.20
59.00 121.00 0.00 4.00 142.00
245.00 149.00 1.00 5.00 113.72
5.00 123.00 1.00 1.00 70.92
225.00 1.00 1.00 4.00 146.90
138.00 240.00 1.00 3.00 55.41
246.00 167.00 1.00 5.00 140.08
241.00 246.00 1.00 2.00 189.73
95.00 238.00 1.00 3.00 197.47
249.00 65.00 0.00 5.00 47.43
59.00 138.00 1.00 2.00 153.38
238.00 248.00 1.00 3.00 84.49
240.00 140.00 1.00 4.00 56.45
246.00 236.00 1.00 1.00 171.76
142.00 207.00 1.00 5.00 151.32
242.00 247.00 1.00 2.00 173.06
163.00 244.00 1.00 3.00 100.97
240.00 246.00 0.00 5.00 45.09
247.00 7.00 0.00 4.00 165.98
247.00 236.00 0.00 3.00 135.35
167.00 250.00 0.00 3.00 169.65
67.00 78.00 0.00 1.00 56.27
100.00 237.00 1.00 4.00 180.51
244.00 56.00 0.00 1.00 194.90
248.00 239.00 1.00 2.00 148.11
243.00 247.00 0.00 4.00 66.29
245.00 59.00 0.00 4.00 109.61
45.00 249.00 1.00 3.00 104.09
119.00 199.00 1.00 4.00 53.57
246.00 240.00 1.00 1.00 84.71
244.00 239.00 1.00 4.00 142.78
188.00 94.00 1.00 5.00 165.67
244.00 156.00 0.00 3.00 189.63
92.00 180.00 0.00 3.00 42.78
238.00 250.00 1.00 5.00 76.30
245.00 241.00 1.00 5.00 187.55
81.00 106.00 1.00 3.00 157.00
16.00 143.00 0.00 1.00 150.51
228.00 133.00 1.00 3.00 34.60
250.00 95.00 0.00 2.00 107.22
37.00 125.00 1.00 2.00 178.53
244.00 5.00 0.00 1.00 193.17
251.00 230.00 1.00 5.00 37.33
250.00 104.00 0.00 5.00 182.97
93.00 243.00 0.00 5.00 150.35
249.00 240.00 1.00 2.00 93.31
239.00 244.00 0.00 5.00 195.71
114.00 111.00 1.00 2.00 179.33
183.00 19.00 0.00 1.00 41.48
161.00 237.00 1.00 4.00 85.28
206.00 77.00 0.00 4.00 190.65
97.00 244.00 1.00 2.00 71.72
241.00 54.00 1.00 2.00 141.39
37.00 222.00 0.00 3.00 48.15
131.00 241.00 0.00 5.00 121.93
101.00 30.00 0.00 2.00 30.65
215.00 10.00 1.00 1.00 57.21
54.00 243.00 0.00 4.00 81.34
234.00 63.00 1.00 2.00 144.89
241.00 245.00 0.00 5.00 152.83
251.00 43.00 1.00 5.00 163.32
162.00 241.00 0.00 3.00 136.80
240.00 244.00 0.00 2.00 123.39
4.00 250.00 0.00 1.00 131.57
116.00 93.00 0.00 4.00 61.66
218.00 209.00 0.00 5.00 66.06
251.00 243.00 1.00 4.00 73.51
242.00 246.00 0.00 3.00 158.84
246.00 241.00 0.00 5.00 117.97
65.00 247.00 0.00 4.00 50.77
175.00 69.00 0.00 4.00 59.76
251.00 245.00 0.00 5.00 170.79
251.00 110.00 0.00 3.00 47.87
238.00 248.00 0.00 1.00 77.12
243.00 36.00 1.00 3.00 196.36
237.00 251.00 0.00 4.00 194.12
144.00 243.00 1.00 4.00 111.36
241.00 244.00 0.00 1.00 142.40
61.00 130.00 0.00 4.00 128.10
144.00 93.00 0.00 2.00 58.59
236.00 246.00 0.00 5.00 121.67
198.00 247.00 1.00 4.00 148.89
237.00 211.00 1.00 4.00 194.34
248.00 242.00 1.00 3.00 101.15
240.00 11.00 0.00 3.00 43.81
54.00 248.00 1.00 4.00 183.12
150.00 238.00 1.00 4.00 188.75
243.00 244.00 0.00 3.00 160.14
69.00 199.00 1.00 3.00 118.01
161.00 50.00 1.00 2.00 87.70
34.00 213.00 1.00 2.00 116.46
249.00 32.00 1.00 3.00 151.12
21.00 242.00 1.00 3.00 114.41
250.00 243.00 0.00 5.00 158.59
160.00 221.00 0.00 5.00 188.58
168.00 241.00 0.00 5.00 180.19
93.00 242.00 0.00 2.00 155.63
35.00 250.00 0.00 3.00 161.33
248.00 72.00 1.00 3.00 66.18
151.00 244.00 0.00 3.00 110.01
0.00 246.00 1.00 2.00 51.62
8.00 245.00 0.00 2.00 159.11
249.00 242.00 1.00 4.00 129.98
247.00 48.00 1.00 3.00 190.82
236.00 99.00 0.00 5.00 144.94
152.00 40.00 0.00 4.00 88.15
229.00 241.00 1.00 3.00 119.83
114.00 144.00 0.00 2.00 32.40
17.00 244.00 0.00 1.00 113.96
242.00 153.00 1.00 5.00 71.48
131.00 208.00 1.00 4.00 128.08
54.00 201.00 0.00 1.00 91.32
236.00 203.00 1.00 2.00 165.65
242.00 245.00 1.00 4.00 185.90
250.00 243.00 1.00 5.00 165.08
74.00 241.00 0.00 4.00 59.55
104.00 129.00 0.00 1.00 199.00
241.00 195.00 1.00 5.00 152.64
146.00 72.00 0.00 2.00 103.80
248.00 82.00 0.00 3.00 89.06
31.00 244.00 1.00 5.00 122.58
245.00 30.00 0.00 4.00 48.07
118.00 236.00 0.00 4.00 32.25
251.00 114.00 0.00 2.00 163.07
80.00 232.00 0.00 5.00 74.39
249.00 133.00 0.00 2.00 58.87
240.00 87.00 1.00 2.00 50.75
241.00 244.00 1.00 3.00 106.48
250.00 179.00 1.00 5.00 45.49
244.00 243.00 1.00 1.00 33.29
243.00 250.00 1.00 4.00 147.27
238.00 71.00 1.00 3.00 84.91
109.00 214.00 1.00 4.00 68.35
53.00 240.00 1.00 2.00 138.56
242.00 215.00 0.00 1.00 87.29
2.00 241.00 1.00 1.00 175.01
28.00 251.00 0.00 2.00 138.21
96.00 125.00 1.00 4.00 168.87
41.00 193.00 0.00 5.00 169.28
204.00 244.00 0.00 3.00 133.48
96.00 171.00 1.00 3.00 143.12
237.00 127.00 0.00 2.00 103.50
134.00 250.00 1.00 5.00 110.70
251.00 240.00 1.00 1.00 40.35
66.00 245.00 1.00 4.00 159.04
240.00 248.00 1.00 5.00 108.40
241.00 11.00 1.00 2.00 74.19
237.00 246.00 0.00 5.00 142.14
106.00 220.00 0.00 3.00 104.36
225.00 181.00 1.00 1.00 106.44
55.00 251.00 0.00 4.00 92.48
87.00 6.00 1.00 1.00 146.72
163.00 234.00 1.00 1.00 77.23
241.00 249.00 1.00 3.00 98.78
173.00 247.00 1.00 3.00 195.98
243.00 251.00 0.00 1.00 65.28
193.00 246.00 1.00 2.00 121.32
11.00 246.00 0.00 4.00 191.02
237.00 245.00 1.00 3.00 74.75
29.00 251.00 1.00 1.00 190.83
250.00 166.00 1.00 1.00 187.52
198.00 48.00 1.00 1.00 121.85
19.00 248.00 1.00 2.00 132.81
160.00 251.00 0.00 4.00 112.19
242.00 249.00 0.00 5.00 182.74
238.00 247.00 1.00 2.00 164.10
244.00 237.00 1.00 4.00 128.83
39.00 209.00 0.00 3.00 160.05
107.00 141.00 0.00 2.00 77.03
81.00 249.00 1.00 2.00 112.34
215.00 0.00 1.00 5.00 86.66
92.00 173.00 0.00 3.00 180.30
87.00 249.00 0.00 3.00 72.45
246.00 130.00 1.00 2.00 72.95
246.00 53.00 0.00 3.00 34.74
18.00 244.00 1.00 4.00 170.40
236.00 242.00 1.00 1.00 118.80
246.00 24.00 1.00 1.00 34.36
134.00 5.00 0.00 1.00 32.90
98.00 111.00 0.00 4.00 83.32
245.00 204.00 0.00 2.00 113.81
49.00 236.00 0.00 5.00 63.10
92.00 49.00 0.00 1.00 168.84
141.00 10.00 1.00 1.00 171.68
248.00 39.00 1.00 3.00 137.70
240.00 46.00 1.00 2.00 131.31
61.00 229.00 1.00 1.00 125.22
94.00 30.00 0.00 4.00 123.64
244.00 161.00 1.00 3.00 190.48
123.00 246.00 1.00 3.00 151.68
140.00 247.00 1.00 3.00 179.55
23.00 212.00 0.00 5.00 165.45
248.00 94.00 0.00 2.00 184.71
243.00 249.00 1.00 5.00 155.56
243.00 246.00 1.00 3.00 129.10
187.00 246.00 1.00 4.00 106.54
247.00 240.00 0.00 3.00 185.95
243.00 184.00 0.00 5.00 64.10
62.00 247.00 0.00 5.00 167.73
43.00 241.00 0.00 5.00 164.30
243.00 236.00 1.00 3.00 183.71
246.00 240.00 1.00 3.00 180.90
242.00 106.00 0.00 1.00 120.35
10.00 201.00 1.00 4.00 109.30
248.00 183.00 1.00 3.00 78.20
61.00 125.00 0.00 2.00 126.15
238.00 91.00 0.00 5.00 149.31
199.00 83.00 1.00 5.00 135.47
3.00 44.00 0.00 2.00 120.01
239.00 249.00 0.00 1.00 168.23
236.00 164.00 1.00 2.00 116.53
249.00 241.00 1.00 3.00 116.31
13.00 182.00 0.00 1.00 186.51
195.00 227.00 1.00 1.00 77.91
251.00 245.00 1.00 5.00 157.48
242.00 14.00 1.00 5.00 164.45
245.00 242.00 1.00 1.00 69.14
247.00 221.00 1.00 3.00 118.92
240.00 7.00 1.00 3.00 96.60
248.00 236.00 0.00 4.00 80.92
243.00 248.00 0.00 3.00 41.61
243.00 56.00 1.00 4.00 133.14
237.00 161.00 0.00 4.00 65.74
251.00 238.00 0.00 1.00 107.64
126.00 250.00 1.00 5.00 176.63
247.00 238.00 0.00 2.00 67.26
131.00 246.00 1.00 4.00 123.68
250.00 152.00 0.00 3.00 39.69
242.00 249.00 1.00 1.00 143.29
245.00 251.00 0.00 3.00 51.57
131.00 245.00 1.00 3.00 123.80
236.00 249.00 1.00 2.00 158.82
247.00 35.00 1.00 3.00 31.44
37.00 13.00 1.00 2.00 102.78
71.00 241.00 0.00 3.00 98.98
116.00 250.00 0.00 1.00 94.76
93.00 241.00 0.00 1.00 35.71
167.00 245.00 0.00 5.00 98.85
97.00 243.00 0.00 2.00 38.22
251.00 210.00 1.00 3.00 36.45
212.00 19.00 0.00 3.00 82.09
245.00 237.00 1.00 4.00 140.68
135.00 238.00 1.00 5.00 39.07
242.00 247.00 1.00 1.00 60.70
112.00 245.00 0.00 2.00 140.99
168.00 117.00 0.00 4.00 98.24
138.00 250.00 0.00 5.00 94.42
248.00 182.00 0.00 1.00 181.65
55.00 236.00 0.00 3.00 97.82
226.00 247.00 0.00 3.00 143.61
239.00 251.00 0.00 1.00 68.41
237.00 247.00 1.00 2.00 123.54
93.00 239.00 0.00 1.00 167.72
240.00 249.00 1.00 3.00 173.17
246.00 240.00 0.00 3.00 100.30
111.00 246.00 0.00 4.00 112.30
244.00 236.00 1.00 4.00 191.39
239.00 250.00 0.00 5.00 188.47
2.00 230.00 1.00 1.00 96.10
243.00 248.00 1.00 2.00 120.73
246.00 20.00 0.00 4.00 118.71
34.00 249.00 1.00 1.00 120.54
236.00 251.00 1.00 1.00 62.76
244.00 192.00 0.00 2.00 61.45
239.00 44.00 1.00 1.00 121.44
250.00 238.00 1.00 5.00 149.26
68.00 247.00 0.00 2.00 184.77
68.00 189.00 1.00 2.00 62.52
166.00 210.00 1.00 3.00 43.35
176.00 240.00 0.00 1.00 67.46
190.00 251.00 1.00 5.00 137.23
29.00 175.00 1.00 4.00 33.22
209.00 110.00 0.00 1.00 150.19
247.00 243.00 1.00 1.00 73.09
240.00 118.00 0.00 3.00 98.71
171.00 216.00 1.00 4.00 98.77
132.00 238.00 0.00 4.00 126.92
251.00 238.00 1.00 1.00 54.01
155.00 238.00 1.00 2.00 99.18
246.00 186.00 0.00 5.00 172.23
241.00 249.00 1.00 2.00 76.21
246.00 179.00 0.00 4.00 100.17
106.00 165.00 0.00 2.00 57.67
248.00 13.00 0.00 1.00 45.84
200.00 105.00 0.00 2.00 132.27
55.00 243.00 1.00 2.00 189.97
249.00 110.00 0.00 5.00 115.76
245.00 181.00 0.00 4.00 68.71
244.00 183.00 0.00 5.00 88.97
147.00 163.00 0.00 1.00 194.30
194.00 245.00 1.00 5.00 142.97
240.00 249.00 1.00 3.00 121.23
109.00 243.00 0.00 4.00 154.43
166.00 236.00 1.00 4.00 40.30
246.00 241.00 1.00 2.00 33.42
92.00 236.00 1.00 5.00 149.38
243.00 247.00 0.00 4.00 159.13
161.00 61.00 1.00 1.00 70.51
228.00 83.00 0.00 1.00 77.79
245.00 82.00 0.00 3.00 192.56
186.00 139.00 0.00 5.00 87.77
194.00 118.00 1.00 4.00 179.71
125.00 236.00 0.00 1.00 60.95
159.00 0.00 0.00 3.00 179.04
30.00 248.00 1.00 2.00 40.28
158.00 250.00 0.00 3.00 112.42
220.00 32.00 1.00 2.00 136.74
241.00 77.00 1.00 3.00 64.42
232.00 237.00 0.00 5.00 177.46
80.00 12.00 0.00 3.00 51.83
238.00 245.00 1.00 2.00 173.94
10.00 241.00 0.00 1.00 159.63
20.00 246.00 0.00 4.00 72.43
69.00 238.00 0.00 3.00 124.15
240.00 245.00 1.00 4.00 127.35
38.00 239.00 0.00 5.00 170.31
159.00 35.00 1.00 5.00 124.57
247.00 54.00 1.00 1.00 104.77
97.00 41.00 1.00 4.00 175.43
246.00 204.00 0.00 2.00 123.17
250.00 158.00 0.00 3.00 101.27
238.00 245.00 1.00 1.00 67.76
74.00 242.00 1.00 3.00 191.09
241.00 223.00 1.00 4.00 81.92
244.00 131.00 0.00 5.00 183.12
241.00 37.00 0.00 3.00 174.52
241.00 115.00 0.00 2.00 64.85
42.00 38.00 0.00 1.00 101.18
156.00 244.00 1.00 1.00 152.16
251.00 244.00 1.00 1.00 43.47
251.00 238.00 1.00 1.00 91.34
138.00 240.00 1.00 4.00 152.14
72.00 238.00 1.00 3.00 140.64
187.00 163.00 1.00 2.00 199.59
75.00 173.00 1.00 4.00 112.97
243.00 250.00 0.00 2.00 140.40
74.00 123.00 1.00 2.00 68.27
244.00 236.00 1.00 4.00 95.48
245.00 241.00 0.00 1.00 144.15
51.00 203.00 0.00 4.00 100.60
144.00 51.00 0.00 4.00 68.85
240.00 245.00 1.00 4.00 51.43
177.00 240.00 1.00 5.00 57.86
232.00 141.00 1.00 3.00 123.11
129.00 240.00 1.00 2.00 190.50
246.00 236.00 0.00 4.00 82.09
236.00 15.00 1.00 1.00 174.72
247.00 208.00 1.00 4.00 170.09
251.00 243.00 0.00 1.00 41.70
232.00 251.00 1.00 3.00 86.04
24.00 248.00 0.00 3.00 131.51
194.00 217.00 0.00 5.00 52.33
246.00 241.00 0.00 1.00 177.57
251.00 238.00 1.00 5.00 178.48
103.00 250.00 0.00 5.00 74.92
247.00 241.00 1.00 3.00 198.18
84.00 5.00 0.00 3.00 101.80
248.00 71.00 0.00 2.00 132.63
184.00 236.00 1.00 1.00 94.71
251.00 244.00 1.00 1.00 44.85
96.00 126.00 1.00 4.00 189.15
249.00 71.00 0.00 2.00 167.87
237.00 21.00 0.00 1.00 118.33
30.00 159.00 0.00 4.00 159.49
218.00 251.00 1.00 4.00 142.26
240.00 251.00 1.00 1.00 87.17
242.00 0.00 1.00 4.00 192.03
147.00 241.00 1.00 3.00 181.12
166.00 240.00 1.00 3.00 99.41
241.00 251.00 1.00 5.00 138.60
248.00 242.00 1.00 1.00 163.79
216.00 158.00 0.00 1.00 35.29
172.00 101.00 0.00 4.00 192.90
33.00 243.00 0.00 1.00 52.13
247.00 243.00 0.00 1.00 111.17
240.00 87.00 1.00 2.00 147.03
229.00 83.00 1.00 1.00 87.73
132.00 248.00 0.00 2.00 67.27
47.00 242.00 1.00 3.00 84.78
59.00 148.00 0.00 3.00 95.51
75.00 175.00 0.00 5.00 146.87
245.00 4.00 0.00 3.00 118.25
96.00 196.00 0.00 2.00 40.96
245.00 239.00 0.00 1.00 189.09
243.00 248.00 0.00 3.00 139.96
251.00 72.00 1.00 4.00 123.31
154.00 111.00 1.00 4.00 73.00
242.00 236.00 1.00 2.00 139.89
113.00 17.00 1.00 3.00 35.85
120.00 111.00 1.00 2.00 190.02
219.00 48.00 0.00 5.00 180.42
212.00 24.00 0.00 1.00 95.03
242.00 245.00 0.00 3.00 45.10
247.00 76.00 1.00 5.00 46.31
242.00 182.00 1.00 4.00 109.32
248.00 35.00 0.00 3.00 164.60
158.00 245.00 1.00 5.00 175.77
246.00 107.00 0.00 1.00 186.34
98.00 247.00 1.00 5.00 77.18
139.00 242.00 1.00 3.00 66.70
246.00 124.00 1.00 2.00 71.59
241.00 81.00 1.00 2.00 88.01
48.00 247.00 1.00 3.00 183.02
241.00 158.00 1.00 5.00 54.18
112.00 251.00 1.00 5.00 164.41
46.00 240.00 1.00 5.00 187.20
19.00 181.00 1.00 1.00 48.49
69.00 130.00 1.00 5.00 82.72
248.00 238.00 1.00 3.00 131.84
19.00 182.00 1.00 4.00 134.82
239.00 247.00 1.00 4.00 185.66
94.00 236.00 0.00 1.00 180.37
136.00 228.00 1.00 4.00 83.96
180.00 133.00 0.00 3.00 155.05
239.00 247.00 1.00 1.00 55.92
248.00 240.00 0.00 5.00 117.02
14.00 236.00 0.00 2.00 150.30
248.00 240.00 1.00 5.00 89.13
35.00 78.00 0.00 5.00 103.77
21.00 212.00 1.00 4.00 154.86
240.00 161.00 0.00 2.00 54.61
240.00 250.00 1.00 5.00 187.17
246.00 238.00 1.00 3.00 149.62
249.00 242.00 0.00 3.00 147.12
239.00 249.00 1.00 5.00 68.54
247.00 129.00 1.00 4.00 104.87
188.00 247.00 1.00 3.00 85.16
247.00 240.00 1.00 2.00 130.35
240.00 245.00 0.00 3.00 47.17
246.00 74.00 1.00 5.00 195.88
244.00 243.00 0.00 3.00 176.03
7.00 67.00 0.00 1.00 196.23
169.00 249.00 0.00 2.00 146.91
238.00 249.00 0.00 4.00 42.81
237.00 148.00 0.00 5.00 122.67
30.00 208.00 1.00 3.00 48.32
242.00 136.00 0.00 2.00 69.58
248.00 110.00 1.00 5.00 83.10
143.00 236.00 0.00 4.00 188.55
238.00 21.00 1.00 4.00 104.83
249.00 106.00 0.00 1.00 54.92
251.00 243.00 0.00 4.00 111.52
21.00 249.00 1.00 1.00 129.86
237.00 249.00 1.00 4.00 174.38
245.00 197.00 1.00 4.00 63.18
176.00 245.00 0.00 4.00 188.91
249.00 166.00 0.00 5.00 91.10
32.00 179.00 0.00 2.00 107.52
239.00 143.00 1.00 1.00 180.97
118.00 239.00 0.00 5.00 152.10
15.00 247.00 0.00 1.00 184.32
139.00 68.00 0.00 1.00 133.03
240.00 249.00 0.00 1.00 126.34
250.00 25.00 1.00 3.00 38.36
237.00 72.00 1.00 2.00 142.68
247.00 236.00 0.00 4.00 138.11
186.00 36.00 0.00 4.00 187.83
236.00 249.00 1.00 5.00 65.92
240.00 136.00 1.00 2.00 124.13
37.00 250.00 0.00 2.00 56.96
87.00 246.00 0.00 3.00 61.47
115.00 25.00 1.00 3.00 124.57
223.00 236.00 1.00 3.00 156.08
247.00 236.00 0.00 5.00 115.18
241.00 244.00 1.00 5.00 117.77
239.00 248.00 1.00 4.00 50.32
26.00 35.00 1.00 5.00 33.42
247.00 183.00 0.00 5.00 131.32
128.00 236.00 0.00 5.00 139.11
239.00 249.00 0.00 4.00 151.48
251.00 146.00 0.00 1.00 175.51
49.00 240.00 0.00 4.00 48.56
139.00 249.00 0.00 2.00 174.65
181.00 235.00 1.00 2.00 177.15
40.00 116.00 1.00 5.00 100.20
95.00 106.00 1.00 1.00 144.84
231.00 249.00 1.00 2.00 70.10
242.00 236.00 1.00 4.00 154.83
171.00 221.00 1.00 1.00 87.49
48.00 29.00 1.00 2.00 85.69
47.00 77.00 1.00 4.00 199.83
50.00 236.00 0.00 1.00 66.92
236.00 177.00 0.00 2.00 122.70
248.00 237.00 0.00 1.00 104.99
239.00 251.00 0.00 3.00 107.45
238.00 11.00 1.00 5.00 52.14
84.00 39.00 1.00 4.00 109.14
249.00 240.00 0.00 3.00 129.20
214.00 139.00 0.00 3.00 95.97
238.00 207.00 0.00 2.00 165.83
247.00 238.00 1.00 3.00 102.25
247.00 43.00 0.00 3.00 153.11
130.00 248.00 1.00 2.00 66.48
251.00 129.00 0.00 3.00 116.63
241.00 142.00 1.00 5.00 48.81
4.00 188.00 1.00 5.00 60.56
159.00 121.00 1.00 4.00 110.57
107.00 251.00 0.00 2.00 177.30
125.00 154.00 1.00 5.00 87.05
236.00 250.00 0.00 3.00 135.25
243.00 245.00 1.00 4.00 111.67
251.00 245.00 0.00 5.00 110.64
147.00 75.00 0.00 1.00 158.42
240.00 37.00 0.00 4.00 129.75
250.00 78.00 1.00 1.00 194.37
93.00 248.00 0.00 5.00 170.99
247.00 241.00 0.00 3.00 182.45
247.00 162.00 0.00 4.00 102.98
248.00 134.00 1.00 5.00 163.78
238.00 69.00 0.00 2.00 91.25
157.00 236.00 1.00 1.00 36.40
40.00 251.00 0.00 4.00 194.80
239.00 246.00 1.00 1.00 169.12
72.00 102.00 0.00 3.00 134.90
133.00 17.00 1.00 5.00 148.93
249.00 156.00 1.00 3.00 110.31
244.00 153.00 0.00 4.00 30.77
251.00 87.00 1.00 2.00 54.13
107.00 14.00 0.00 3.00 42.67
116.00 149.00 0.00 4.00 85.50
27.00 176.00 0.00 4.00 182.03
248.00 241.00 0.00 1.00 80.36
246.00 238.00 0.00 2.00 32.39
97.00 241.00 1.00 1.00 138.39
224.00 238.00 1.00 1.00 144.15
219.00 101.00 1.00 5.00 105.09
34.00 102.00 1.00 4.00 50.72
246.00 243.00 0.00 5.00 176.37
109.00 237.00 0.00 5.00 83.23
244.00 55.00 1.00 3.00 56.20
123.00 86.00 0.00 1.00 80.33
243.00 236.00 1.00 2.00 81.87
70.00 237.00 1.00 1.00 190.90
48.00 207.00 1.00 4.00 104.30
99.00 238.00 1.00 1.00 128.11
245.00 242.00 0.00 1.00 117.26
180.00 44.00 0.00 4.00 51.85
187.00 67.00 1.00 3.00 162.65
243.00 14.00 1.00 1.00 60.80
249.00 101.00 1.00 2.00 187.81
247.00 87.00 0.00 1.00 156.05
110.00 82.00 0.00 2.00 71.02
24.00 42.00 0.00 4.00 181.00
237.00 51.00 0.00 1.00 169.96
1.00 135.00 0.00 2.00 101.16
243.00 187.00 1.00 3.00 112.19
243.00 6.00 0.00 3.00 99.63
250.00 188.00 0.00 1.00 130.35
179.00 241.00 1.00 3.00 115.69
97.00 248.00 0.00 2.00 81.01
103.00 242.00 1.00 3.00 49.99
241.00 3.00 0.00 1.00 196.62
26.00 169.00 0.00 3.00 153.54
29.00 246.00 0.00 1.00 120.30
227.00 239.00 1.00 3.00 165.79
246.00 240.00 1.00 1.00 56.71
54.00 236.00 0.00 4.00 188.91
241.00 73.00 1.00 5.00 104.27
250.00 239.00 1.00 4.00 115.70
238.00 60.00 0.00 5.00 30.85
90.00 44.00 1.00 1.00 84.73
99.00 245.00 0.00 3.00 197.37
244.00 39.00 1.00 2.00 54.21
22.00 251.00 1.00 3.00 46.92
104.00 91.00 1.00 5.00 90.19
190.00 99.00 0.00 2.00 56.36
102.00 240.00 1.00 5.00 56.70
238.00 47.00 1.00 4.00 124.76
164.00 246.00 0.00 3.00 144.46
221.00 241.00 1.00 1.00 138.57
241.00 59.00 1.00 5.00 62.69
241.00 244.00 0.00 4.00 145.91
241.00 35.00 0.00 5.00 77.74
241.00 249.00 1.00 4.00 72.49
71.00 251.00 0.00 5.00 192.87
100.00 249.00 0.00 2.00 91.24
239.00 15.00 1.00 3.00 78.98
66.00 135.00 0.00 2.00 57.91
236.00 160.00 0.00 1.00 77.24
208.00 250.00 1.00 5.00 199.17
61.00 75.00 0.00 2.00 170.77
237.00 45.00 1.00 1.00 56.45
246.00 240.00 0.00 5.00 187.75
214.00 247.00 1.00 2.00 74.62
72.00 244.00 1.00 5.00 127.58
171.00 236.00 1.00 4.00 159.01
55.00 248.00 0.00 1.00 144.30
244.00 238.00 0.00 5.00 149.94
95.00 239.00 1.00 3.00 171.36
69.00 249.00 0.00 2.00 102.74
144.00 240.00 1.00 1.00 151.45
240.00 114.00 0.00 4.00 81.30
147.00 243.00 0.00 2.00 66.02
73.00 191.00 1.00 1.00 70.10
251.00 125.00 1.00 4.00 81.14
241.00 124.00 0.00 3.00 100.29
61.00 116.00 0.00 5.00 79.97
249.00 83.00 0.00 4.00 38.22
224.00 236.00 1.00 3.00 158.16
250.00 240.00 1.00 4.00 95.59
239.00 248.00 0.00 3.00 53.31
245.00 241.00 0.00 3.00 111.75
238.00 249.00 0.00 1.00 175.37
243.00 76.00 0.00 2.00 48.63
106.00 152.00 0.00 2.00 96.25
245.00 79.00 0.00 2.00 43.37
241.00 208.00 1.00 2.00 156.36
237.00 248.00 0.00 1.00 95.19
250.00 241.00 1.00 3.00 115.92
151.00 93.00 1.00 3.00 192.85
245.00 237.00 0.00 5.00 193.80
242.00 18.00 1.00 4.00 139.46
170.00 239.00 0.00 1.00 57.69
145.00 251.00 0.00 4.00 117.42
237.00 83.00 0.00 4.00 70.40
243.00 249.00 1.00 1.00 159.46
94.00 22.00 0.00 5.00 167.47
89.00 238.00 0.00 2.00 76.12
244.00 251.00 1.00 4.00 131.70
223.00 249.00 0.00 4.00 179.08
117.00 34.00 0.00 3.00 62.17
246.00 240.00 0.00 2.00 73.15
79.00 250.00 0.00 5.00 192.81
190.00 239.00 1.00 5.00 157.75
246.00 240.00 1.00 5.00 83.93
251.00 230.00 0.00 1.00 42.38
67.00 0.00 1.00 4.00 152.15
240.00 248.00 1.00 2.00 77.53
247.00 243.00 1.00 2.00 111.98
247.00 170.00 1.00 1.00 120.90
134.00 238.00 0.00 3.00 156.46
239.00 212.00 1.00 2.00 36.60
70.00 241.00 1.00 4.00 125.76
38.00 247.00 0.00 2.00 144.46
2.00 237.00 1.00 1.00 50.07
211.00 95.00 0.00 2.00 48.64
236.00 43.00 1.00 4.00 34.14
247.00 237.00 0.00 4.00 56.75
251.00 238.00 1.00 2.00 160.32
244.00 34.00 1.00 3.00 54.50
100.00 104.00 0.00 4.00 106.44
127.00 245.00 1.00 2.00 83.32
241.00 246.00 1.00 3.00 151.57
110.00 238.00 0.00 5.00 54.86
88.00 202.00 1.00 2.00 58.46
241.00 248.00 0.00 2.00 56.75
220.00 246.00 1.00 1.00 36.15
250.00 126.00 1.00 1.00 84.43
178.00 246.00 0.00 5.00 103.68
247.00 243.00 1.00 3.00 176.31
243.00 245.00 1.00 2.00 36.95
157.00 115.00 1.00 5.00 97.72
55.00 247.00 0.00 4.00 30.04
237.00 245.00 1.00 2.00 39.30
168.00 245.00 1.00 5.00 111.67
246.00 239.00 1.00 1.00 108.04
138.00 28.00 0.00 3.00 160.29
247.00 83.00 0.00 2.00 164.89
140.00 250.00 1.00 2.00 81.00
238.00 158.00 0.00 5.00 128.38
251.00 243.00 0.00 1.00 130.63
124.00 251.00 1.00 4.00 198.52
1.00 246.00 0.00 3.00 75.95
243.00 228.00 1.00 1.00 129.10
236.00 4.00 0.00 4.00 34.07
248.00 134.00 1.00 1.00 50.01
243.00 126.00 0.00 5.00 79.47
127.00 242.00 0.00 2.00 198.46
47.00 237.00 1.00 4.00 34.43
169.00 239.00 0.00 2.00 158.77
245.00 157.00 1.00 1.00 167.57
236.00 242.00 0.00 3.00 182.68
8.00 98.00 0.00 4.00 184.22
249.00 132.00 1.00 5.00 156.63
116.00 248.00 1.00 4.00 191.29
108.00 120.00 0.00 1.00 52.56
48.00 66.00 0.00 4.00 136.44
241.00 246.00 0.00 5.00 94.42
79.00 237.00 0.00 1.00 132.09
218.00 238.00 1.00 3.00 88.69
244.00 26.00 1.00 1.00 79.13
245.00 91.00 1.00 2.00 124.18
234.00 38.00 1.00 4.00 181.82
244.00 241.00 0.00 3.00 147.57
246.00 81.00 0.00 1.00 153.93
240.00 103.00 1.00 2.00 133.49
213.00 244.00 0.00 5.00 78.67
151.00 40.00 0.00 4.00 59.59
26.00 219.00 0.00 1.00 76.51
226.00 201.00 0.00 3.00 193.76
245.00 185.00 1.00 3.00 96.94
147.00 238.00 1.00 1.00 58.09
233.00 148.00 1.00 4.00 132.81
241.00 249.00 0.00 3.00 135.99
23.00 108.00 0.00 1.00 164.84
20.00 77.00 0.00 1.00 98.11
243.00 173.00 0.00 3.00 92.65
237.00 249.00 1.00 4.00 146.83
251.00 60.00 1.00 5.00 36.39
116.00 238.00 1.00 5.00 73.96
236.00 251.00 0.00 4.00 110.76
238.00 152.00 0.00 4.00 148.27
239.00 245.00 0.00 3.00 134.33
214.00 245.00 0.00 5.00 191.56
84.00 238.00 1.00 3.00 158.41
247.00 51.00 0.00 5.00 116.14
163.00 244.00 0.00 1.00 94.76
35.00 249.00 1.00 3.00 82.78
238.00 244.00 0.00 5.00 162.45
246.00 237.00 0.00 1.00 135.65
45.00 217.00 1.00 5.00 54.20
189.00 138.00 1.00 2.00 68.06
240.00 247.00 1.00 5.00 184.99
1.00 66.00 0.00 2.00 43.71
187.00 238.00 1.00 1.00 111.23
6.00 218.00 1.00 5.00 91.32
200.00 251.00 1.00 1.00 180.48
251.00 237.00 1.00 3.00 123.83
245.00 218.00 1.00 2.00 150.47
53.00 247.00 0.00 2.00 196.13
243.00 77.00 0.00 4.00 76.90
247.00 203.00 0.00 4.00 170.41
56.00 64.00 0.00 4.00 48.71
238.00 244.00 1.00 3.00 195.03
94.00 236.00 0.00 2.00 55.21
240.00 246.00 0.00 4.00 98.91
242.00 51.00 0.00 3.00 184.08
240.00 192.00 0.00 1.00 35.99
13.00 251.00 1.00 2.00 35.99
241.00 251.00 0.00 5.00 189.69
94.00 240.00 0.00 1.00 40.15
200.00 236.00 1.00 5.00 114.29
138.00 249.00 1.00 2.00 154.74
20.00 245.00 0.00 5.00 47.38
130.00 249.00 0.00 4.00 82.06
49.00 195.00 0.00 2.00 114.17
236.00 250.00 1.00 2.00 56.85
95.00 193.00 0.00 3.00 45.25
245.00 240.00 0.00 1.00 108.21
57.00 249.00 1.00 1.00 34.55
242.00 101.00 0.00 3.00 33.18
139.00 238.00 0.00 1.00 53.93
233.00 244.00 1.00 5.00 83.22
251.00 242.00 0.00 2.00 147.72
243.00 103.00 1.00 3.00 37.89
249.00 243.00 0.00 4.00 125.56
244.00 236.00 1.00 4.00 177.77
53.00 143.00 0.00 5.00 192.15
247.00 240.00 1.00 3.00 84.09
144.00 126.00 1.00 2.00 35.66
251.00 55.00 0.00 1.00 148.49
243.00 79.00 1.00 2.00 182.23
0.00 242.00 0.00 2.00 60.06
241.00 37.00 0.00 1.00 129.88
245.00 237.00 0.00 4.00 122.33
40.00 241.00 1.00 3.00 177.83
161.00 251.00 0.00 3.00 73.18
111.00 185.00 1.00 2.00 50.51
251.00 239.00 1.00 5.00 115.29
121.00 26.00 1.00 3.00 69.18
99.00 123.00 1.00 3.00 124.00
41.00 248.00 0.00 5.00 157.68
236.00 140.00 0.00 5.00 75.54
238.00 223.00 1.00 1.00 179.75
244.00 186.00 0.00 1.00 173.91
239.00 125.00 1.00 5.00 50.35
248.00 241.00 1.00 5.00 131.04
91.00 238.00 1.00 5.00 156.69
161.00 240.00 0.00 5.00 112.12
1.00 241.00 1.00 1.00 150.63
243.00 105.00 1.00 4.00 165.51
142.00 250.00 0.00 3.00 62.18
248.00 153.00 0.00 4.00 183.72
249.00 227.00 1.00 2.00 123.15
245.00 92.00 1.00 5.00 134.03
200.00 239.00 1.00 4.00 100.92
9.00 67.00 1.00 2.00 138.89
218.00 226.00 1.00 2.00 105.39
243.00 73.00 0.00 2.00 176.76
247.00 238.00 0.00 3.00 36.34
160.00 149.00 1.00 4.00 132.27
250.00 236.00 0.00 4.00 161.12
218.00 57.00 0.00 2.00 196.52
211.00 150.00 1.00 5.00 116.64
246.00 237.00 1.00 4.00 60.97
200.00 249.00 1.00 2.00 85.03
100.00 15.00 0.00 5.00 162.51
52.00 241.00 1.00 3.00 57.58
16.00 239.00 1.00 3.00 140.08
244.00 251.00 0.00 2.00 154.17
196.00 238.00 1.00 4.00 35.69
245.00 99.00 1.00 4.00 193.73
94.00 243.00 0.00 2.00 113.53
81.00 93.00 1.00 5.00 73.60
208.00 63.00 0.00 3.00 58.57
110.00 62.00 1.00 3.00 161.32
22.00 243.00 1.00 2.00 161.21
44.00 246.00 1.00 5.00 143.09
247.00 102.00 1.00 1.00 76.36
86.00 241.00 1.00 5.00 51.33
202.00 246.00 0.00 4.00 169.92
5.00 244.00 1.00 3.00 122.20
87.00 246.00 1.00 3.00 105.09
220.00 237.00 0.00 1.00 85.51
244.00 242.00 0.00 3.00 145.11
250.00 6.00 1.00 1.00 174.85
242.00 135.00 1.00 5.00 135.96
247.00 238.00 0.00 1.00 91.15
44.00 242.00 1.00 5.00 73.04
248.00 151.00 1.00 5.00 37.42
0.00 211.00 1.00 1.00 92.45
249.00 243.00 1.00 5.00 142.25
160.00 132.00 0.00 2.00 52.46
244.00 61.00 0.00 4.00 63.81
89.00 1.00 1.00 3.00 164.55
141.00 117.00 1.00 2.00 128.74
166.00 99.00 1.00 2.00 99.94
243.00 93.00 1.00 3.00 75.81
238.00 249.00 0.00 5.00 147.68
205.00 238.00 1.00 5.00 180.05
249.00 236.00 1.00 3.00 194.55
246.00 199.00 1.00 5.00 46.31
126.00 77.00 0.00 3.00 64.39
251.00 237.00 0.00 4.00 132.49
249.00 90.00 0.00 2.00 46.11
243.00 51.00 1.00 5.00 123.92
175.00 57.00 0.00 2.00 76.82
132.00 72.00 1.00 3.00 47.26
197.00 247.00 0.00 2.00 154.80
3.00 51.00 1.00 2.00 138.38
238.00 226.00 0.00 5.00 114.35
30.00 245.00 0.00 4.00 67.66
36.00 57.00 0.00 1.00 162.51
173.00 236.00 0.00 2.00 80.78
218.00 46.00 0.00 5.00 142.06
238.00 2.00 1.00 3.00 87.48
118.00 250.00 1.00 2.00 199.30
239.00 251.00 0.00 3.00 191.38
127.00 214.00 1.00 5.00 138.13
110.00 236.00 0.00 5.00 140.41
250.00 239.00 1.00 2.00 98.14
1.00 239.00 0.00 5.00 157.96
238.00 248.00 0.00 5.00 85.66
33.00 244.00 0.00 4.00 198.46
242.00 246.00 1.00 2.00 162.30
243.00 200.00 1.00 3.00 36.02
180.00 97.00 0.00 2.00 176.37
240.00 48.00 1.00 4.00 131.52
241.00 246.00 1.00 2.00 78.99
247.00 238.00 1.00 4.00 106.96
236.00 242.00 1.00 2.00 59.11
237.00 69.00 0.00 3.00 113.71
176.00 58.00 0.00 3.00 74.34
242.00 143.00 1.00 4.00 158.73
61.00 124.00 0.00 2.00 141.15
237.00 243.00 0.00 5.00 149.58
16.00 76.00 0.00 2.00 181.92
69.00 243.00 1.00 2.00 94.54
243.00 183.00 1.00 1.00 85.34
251.00 240.00 1.00 4.00 150.47
241.00 247.00 1.00 2.00 154.23
106.00 143.00 1.00 3.00 147.00
249.00 157.00 0.00 4.00 163.76
96.00 249.00 1.00 5.00 149.76
248.00 194.00 1.00 4.00 115.77
236.00 69.00 1.00 2.00 100.32
236.00 56.00 0.00 2.00 39.92
236.00 243.00 1.00 1.00 131.25
236.00 117.00 1.00 4.00 174.98
57.00 207.00 0.00 3.00 45.92
239.00 70.00 0.00 2.00 130.87
146.00 17.00 1.00 3.00 179.69
247.00 130.00 0.00 2.00 146.61
240.00 244.00 0.00 5.00 43.92
244.00 21.00 1.00 1.00 81.40
119.00 238.00 1.00 1.00 38.76
161.00 1.00 0.00 3.00 31.83
185.00 251.00 0.00 3.00 79.89
246.00 237.00 0.00 5.00 89.21
241.00 58.00 0.00 3.00 131.41
