249.00 104.00 0.00 2.00 83.84
126.00 237.00 0.00 3.00 92.82
239.00 43.00 0.00 1.00 129.91
237.00 246.00 1.00 2.00 193.06
244.00 191.00 0.00 4.00 188.87
129.00 32.00 0.00 5.00 63.06
129.00 241.00 1.00 2.00 152.08
216.00 218.00 0.00 3.00 92.64
242.00 248.00 0.00 3.00 109.01
248.00 237.00 1.00 3.00 109.93
187.00 247.00 0.00 5.00 193.71
239.00 154.00 0.00 1.00 76.62
185.00 200.00 1.00 4.00 180.63
14.00 241.00 0.00 5.00 92.62
54.00 250.00 1.00 1.00 192.70
251.00 27.00 0.00 2.00 151.96
250.00 238.00 1.00 5.00 194.45
226.00 240.00 1.00 5.00 86.33
236.00 210.00 1.00 3.00 109.29
236.00 246.00 0.00 4.00 47.22
50.00 178.00 0.00 4.00 156.86
56.00 249.00 1.00 3.00 178.69
17.00 206.00 1.00 1.00 114.54
155.00 249.00 0.00 2.00 193.51
236.00 235.00 0.00 5.00 69.53
236.00 167.00 0.00 1.00 150.94
248.00 103.00 1.00 2.00 158.20
247.00 157.00 1.00 1.00 150.29
125.00 77.00 1.00 3.00 140.74
250.00 195.00 0.00 1.00 180.95
72.00 183.00 0.00 5.00 56.83
118.00 210.00 1.00 1.00 167.02
101.00 40.00 1.00 5.00 103.20
44.00 237.00 1.00 1.00 51.62
185.00 245.00 1.00 5.00 170.23
228.00 104.00 1.00 3.00 198.07
237.00 110.00 0.00 4.00 83.82
238.00 246.00 1.00 3.00 190.22
241.00 127.00 1.00 2.00 80.43
33.00 61.00 0.00 1.00 53.76
246.00 238.00 1.00 5.00 129.08
248.00 239.00 1.00 4.00 176.54
101.00 231.00 1.00 2.00 91.81
236.00 249.00 0.00 5.00 194.43
53.00 184.00 1.00 1.00 40.97
245.00 236.00 1.00 4.00 184.29
242.00 247.00 1.00 4.00 45.47
249.00 99.00 0.00 5.00 62.71
114.00 76.00 1.00 5.00 173.47
240.00 171.00 1.00 3.00 177.89
200.00 149.00 0.00 3.00 54.63
150.00 240.00 0.00 1.00 37.69
144.00 100.00 0.00 1.00 93.16
30.00 182.00 0.00 5.00 131.46
242.00 247.00 0.00 4.00 121.03
241.00 245.00 0.00 2.00 136.14
244.00 131.00 1.00 1.00 52.25
238.00 158.00 1.00 2.00 186.77
242.00 195.00 1.00 5.00 114.03
246.00 238.00 0.00 3.00 194.90
4.00 251.00 1.00 3.00 30.05
248.00 73.00 1.00 1.00 51.82
240.00 246.00 0.00 4.00 97.87
250.00 103.00 1.00 5.00 133.59
246.00 76.00 0.00 4.00 35.27
85.00 235.00 1.00 2.00 86.99
242.00 217.00 0.00 3.00 110.96
103.00 248.00 0.00 5.00 121.76
248.00 236.00 0.00 2.00 42.04
18.00 153.00 0.00 3.00 38.88
188.00 242.00 1.00 1.00 195.48
236.00 246.00 0.00 2.00 167.25
238.00 109.00 1.00 5.00 66.87
251.00 237.00 0.00 1.00 60.04
247.00 241.00 0.00 2.00 63.93
236.00 245.00 1.00 1.00 56.01
35.00 163.00 0.00 3.00 162.51
248.00 242.00 1.00 1.00 193.17
248.00 240.00 1.00 4.00 197.56
2.00 91.00 1.00 3.00 196.48
222.00 6.00 0.00 3.00 73.09
246.00 239.00 0.00 5.00 160.25
251.00 242.00 1.00 3.00 69.29
241.00 91.00 0.00 5.00 179.10
61.00 48.00 0.00 4.00 177.44
39.00 250.00 0.00 5.00 72.88
244.00 233.00 0.00 2.00 59.12
91.00 240.00 1.00 1.00 146.64
203.00 244.00 1.00 2.00 150.67
239.00 91.00 1.00 5.00 37.75
248.00 242.00 0.00 5.00 199.13
128.00 245.00 1.00 1.00 103.84
185.00 79.00 0.00 3.00 72.75
250.00 12.00 0.00 2.00 71.81
245.00 155.00 0.00 4.00 67.47
138.00 239.00 1.00 1.00 149.43
238.00 244.00 0.00 5.00 164.65
80.00 221.00 0.00 2.00 168.66
250.00 241.00 0.00 3.00 58.83
1.00 126.00 1.00 2.00 98.09
244.00 100.00 1.00 1.00 136.58
237.00 120.00 1.00 5.00 48.52
247.00 202.00 0.00 5.00 148.82
249.00 219.00 0.00 5.00 58.67
239.00 250.00 0.00 3.00 194.36
243.00 133.00 1.00 2.00 155.92
237.00 250.00 0.00 5.00 141.50
248.00 242.00 1.00 2.00 49.09
113.00 26.00 1.00 3.00 46.98
92.00 250.00 0.00 1.00 194.52
248.00 87.00 1.00 3.00 65.44
240.00 148.00 0.00 3.00 178.36
81.00 246.00 0.00 2.00 183.45
168.00 228.00 1.00 5.00 56.14
37.00 220.00 1.00 4.00 45.05
245.00 18.00 0.00 5.00 140.45
103.00 121.00 0.00 3.00 126.12
246.00 241.00 0.00 4.00 108.76
166.00 95.00 1.00 4.00 139.91
213.00 100.00 1.00 5.00 81.67
242.00 247.00 0.00 1.00 177.18
17.00 185.00 1.00 3.00 134.46
4.00 241.00 0.00 3.00 151.01
245.00 206.00 1.00 5.00 49.58
248.00 182.00 0.00 5.00 172.60
240.00 251.00 0.00 4.00 119.09
249.00 238.00 0.00 2.00 55.45
148.00 105.00 0.00 1.00 30.98
163.00 13.00 0.00 3.00 138.44
250.00 78.00 1.00 4.00 42.86
198.00 102.00 1.00 4.00 63.61
249.00 242.00 0.00 1.00 121.61
45.00 234.00 0.00 3.00 81.04
244.00 240.00 0.00 3.00 124.64
243.00 244.00 0.00 4.00 146.71
195.00 104.00 0.00 3.00 35.98
249.00 243.00 1.00 3.00 88.01
247.00 183.00 0.00 1.00 50.31
236.00 165.00 0.00 2.00 112.36
48.00 246.00 0.00 3.00 93.08
112.00 245.00 1.00 5.00 118.14
170.00 224.00 1.00 3.00 100.75
70.00 190.00 0.00 5.00 132.94
249.00 207.00 0.00 2.00 134.98
250.00 238.00 0.00 5.00 108.87
219.00 47.00 1.00 5.00 113.94
243.00 156.00 0.00 1.00 153.40
237.00 46.00 1.00 4.00 198.15
105.00 162.00 0.00 5.00 124.86
202.00 248.00 1.00 2.00 115.71
9.00 245.00 0.00 5.00 32.92
244.00 218.00 1.00 4.00 165.31
236.00 137.00 0.00 5.00 97.05
241.00 244.00 1.00 3.00 33.66
104.00 245.00 1.00 1.00 56.93
1.00 248.00 1.00 2.00 40.18
213.00 74.00 0.00 4.00 68.82
156.00 110.00 0.00 4.00 83.20
250.00 40.00 1.00 1.00 146.13
239.00 8.00 0.00 2.00 95.37
38.00 251.00 0.00 3.00 44.28
231.00 240.00 0.00 2.00 47.83
249.00 238.00 0.00 4.00 144.90
197.00 230.00 0.00 1.00 105.02
245.00 243.00 1.00 1.00 78.28
240.00 100.00 0.00 2.00 197.51
191.00 110.00 0.00 1.00 119.82
214.00 87.00 0.00 4.00 59.98
94.00 207.00 1.00 3.00 130.50
233.00 167.00 1.00 1.00 177.88
249.00 84.00 1.00 1.00 98.20
102.00 238.00 0.00 3.00 85.20
242.00 245.00 1.00 3.00 152.36
54.00 65.00 0.00 2.00 122.78
249.00 55.00 0.00 2.00 110.92
86.00 4.00 0.00 4.00 133.86
248.00 237.00 0.00 2.00 67.53
250.00 120.00 1.00 1.00 70.77
237.00 246.00 0.00 4.00 77.28
180.00 119.00 1.00 3.00 97.17
236.00 245.00 0.00 2.00 74.47
240.00 250.00 0.00 2.00 90.44
242.00 141.00 1.00 1.00 61.02
239.00 132.00 0.00 1.00 60.42
251.00 243.00 1.00 5.00 49.98
236.00 245.00 1.00 2.00 166.23
43.00 166.00 1.00 1.00 54.44
249.00 122.00 1.00 5.00 120.53
25.00 9.00 1.00 2.00 39.76
130.00 249.00 0.00 1.00 91.05
50.00 245.00 0.00 4.00 44.37
236.00 65.00 0.00 1.00 196.85
47.00 250.00 1.00 5.00 51.18
246.00 243.00 1.00 2.00 80.07
246.00 152.00 0.00 3.00 90.15
247.00 0.00 0.00 2.00 160.58
247.00 124.00 1.00 2.00 112.07
237.00 248.00 0.00 5.00 124.67
236.00 250.00 1.00 3.00 96.54
236.00 218.00 1.00 4.00 39.51
237.00 244.00 0.00 1.00 163.48
165.00 246.00 0.00 5.00 31.00
55.00 114.00 1.00 4.00 36.43
249.00 94.00 0.00 5.00 79.22
239.00 244.00 0.00 3.00 105.61
238.00 245.00 1.00 2.00 126.68
11.00 233.00 1.00 5.00 145.46
179.00 105.00 0.00 3.00 176.08
36.00 241.00 0.00 5.00 65.92
240.00 247.00 1.00 1.00 149.51
8.00 187.00 0.00 4.00 148.15
244.00 250.00 1.00 3.00 173.14
236.00 170.00 1.00 3.00 153.82
247.00 10.00 1.00 2.00 86.78
248.00 236.00 0.00 3.00 118.39
251.00 213.00 1.00 5.00 124.73
114.00 187.00 1.00 4.00 118.21
239.00 251.00 1.00 3.00 95.02
238.00 227.00 0.00 1.00 61.27
133.00 237.00 1.00 4.00 167.10
244.00 251.00 1.00 5.00 72.40
64.00 250.00 0.00 1.00 83.83
249.00 185.00 0.00 3.00 102.70
36.00 20.00 1.00 4.00 182.09
9.00 202.00 0.00 3.00 180.30
136.00 246.00 1.00 1.00 73.55
134.00 204.00 0.00 2.00 64.14
242.00 247.00 1.00 2.00 92.50
134.00 239.00 0.00 5.00 61.73
62.00 246.00 0.00 2.00 133.76
200.00 247.00 0.00 5.00 133.00
219.00 242.00 0.00 5.00 191.37
131.00 225.00 0.00 5.00 107.05
238.00 249.00 1.00 3.00 59.15
247.00 93.00 0.00 4.00 111.00
248.00 237.00 1.00 3.00 112.86
102.00 237.00 1.00 2.00 101.11
241.00 248.00 0.00 2.00 63.95
239.00 170.00 1.00 5.00 73.80
241.00 248.00 0.00 3.00 138.02
237.00 244.00 1.00 3.00 181.90
227.00 200.00 0.00 1.00 66.15
95.00 236.00 0.00 5.00 52.59
9.00 241.00 1.00 4.00 79.89
210.00 97.00 0.00 5.00 160.10
48.00 55.00 0.00 3.00 68.88
215.00 193.00 1.00 4.00 89.08
246.00 157.00 1.00 5.00 50.82
251.00 239.00 1.00 5.00 121.74
232.00 185.00 0.00 2.00 127.73
237.00 244.00 1.00 5.00 181.25
237.00 251.00 0.00 1.00 177.72
237.00 76.00 0.00 3.00 105.26
180.00 157.00 0.00 1.00 101.92
240.00 248.00 0.00 2.00 114.31
244.00 152.00 0.00 3.00 80.46
247.00 221.00 1.00 3.00 135.61
250.00 144.00 0.00 3.00 50.75
240.00 72.00 1.00 4.00 78.46
19.00 238.00 0.00 5.00 37.82
246.00 110.00 0.00 1.00 194.58
109.00 203.00 1.00 3.00 64.73
97.00 246.00 1.00 4.00 39.01
246.00 51.00 0.00 4.00 58.89
99.00 43.00 0.00 4.00 114.44
104.00 129.00 1.00 1.00 126.85
242.00 164.00 1.00 1.00 112.68
243.00 247.00 0.00 5.00 49.96
247.00 24.00 0.00 2.00 143.53
248.00 187.00 1.00 1.00 44.30
241.00 200.00 0.00 4.00 120.03
70.00 161.00 0.00 2.00 174.53
240.00 85.00 0.00 1.00 108.09
246.00 242.00 0.00 3.00 53.11
131.00 247.00 1.00 2.00 105.36
80.00 32.00 1.00 3.00 89.57
138.00 110.00 0.00 3.00 157.53
188.00 246.00 1.00 5.00 163.02
16.00 94.00 1.00 4.00 103.68
241.00 132.00 0.00 4.00 113.50
151.00 239.00 1.00 1.00 187.30
246.00 239.00 1.00 5.00 99.50
246.00 242.00 0.00 3.00 135.85
213.00 247.00 1.00 2.00 109.76
233.00 245.00 0.00 1.00 130.56
228.00 239.00 1.00 3.00 31.67
5.00 236.00 1.00 2.00 47.12
68.00 239.00 1.00 1.00 141.35
238.00 182.00 0.00 3.00 104.85
204.00 66.00 0.00 5.00 141.44
241.00 150.00 1.00 5.00 186.97
246.00 243.00 0.00 2.00 131.29
7.00 121.00 0.00 4.00 151.20
108.00 180.00 1.00 3.00 181.55
237.00 5.00 0.00 1.00 132.74
244.00 250.00 1.00 3.00 196.37
241.00 244.00 0.00 4.00 155.77
237.00 247.00 1.00 2.00 67.94
157.00 11.00 0.00 1.00 46.33
76.00 249.00 1.00 3.00 110.88
246.00 144.00 1.00 4.00 167.37
251.00 239.00 1.00 2.00 68.76
239.00 245.00 1.00 4.00 90.51
245.00 237.00 1.00 2.00 95.99
243.00 248.00 1.00 2.00 173.10
79.00 191.00 0.00 3.00 96.20
176.00 98.00 0.00 4.00 122.86
143.00 33.00 0.00 1.00 51.25
209.00 162.00 0.00 2.00 126.07
103.00 240.00 1.00 3.00 183.47
35.00 200.00 0.00 4.00 37.04
242.00 245.00 0.00 5.00 72.49
240.00 244.00 1.00 4.00 174.92
109.00 12.00 1.00 2.00 48.05
244.00 237.00 1.00 3.00 95.43
112.00 67.00 1.00 4.00 109.24
131.00 237.00 0.00 2.00 52.85
242.00 250.00 1.00 5.00 72.77
251.00 239.00 1.00 5.00 86.73
247.00 243.00 1.00 1.00 97.01
151.00 177.00 0.00 2.00 96.70
70.00 248.00 1.00 5.00 141.66
249.00 55.00 0.00 2.00 116.33
219.00 133.00 0.00 4.00 139.37
112.00 221.00 0.00 5.00 123.23
243.00 106.00 0.00 2.00 32.73
122.00 243.00 0.00 1.00 180.74
237.00 37.00 0.00 4.00 33.36
155.00 244.00 0.00 1.00 128.92
172.00 244.00 1.00 1.00 126.90
249.00 114.00 0.00 5.00 125.18
178.00 250.00 1.00 3.00 169.60
103.00 241.00 0.00 5.00 38.83
228.00 244.00 0.00 4.00 183.61
25.00 205.00 1.00 3.00 142.89
248.00 3.00 1.00 2.00 168.41
72.00 226.00 1.00 4.00 121.01
202.00 247.00 0.00 5.00 53.11
238.00 171.00 1.00 2.00 190.73
187.00 120.00 1.00 2.00 92.75
154.00 249.00 0.00 1.00 35.60
48.00 242.00 0.00 1.00 176.15
178.00 59.00 0.00 2.00 60.72
192.00 1.00 0.00 5.00 36.77
251.00 171.00 1.00 5.00 82.45
112.00 236.00 0.00 3.00 54.41
251.00 63.00 1.00 2.00 111.18
87.00 222.00 0.00 4.00 164.95
4.00 139.00 1.00 2.00 124.05
246.00 243.00 0.00 2.00 125.07
242.00 236.00 0.00 4.00 61.04
246.00 240.00 0.00 4.00 141.53
181.00 150.00 1.00 3.00 97.98
251.00 245.00 1.00 1.00 33.54
240.00 155.00 0.00 3.00 57.59
242.00 247.00 0.00 5.00 159.98
51.00 97.00 1.00 1.00 85.90
94.00 240.00 1.00 2.00 89.32
244.00 105.00 1.00 5.00 93.30
245.00 238.00 1.00 1.00 189.77
218.00 248.00 1.00 1.00 141.34
236.00 132.00 0.00 3.00 57.82
239.00 54.00 1.00 1.00 135.84
49.00 138.00 1.00 2.00 38.82
216.00 37.00 0.00 1.00 89.42
246.00 238.00 1.00 1.00 171.10
243.00 76.00 0.00 4.00 97.69
157.00 67.00 1.00 1.00 173.70
184.00 236.00 0.00 1.00 108.74
247.00 237.00 0.00 5.00 34.65
248.00 71.00 1.00 5.00 77.34
102.00 11.00 1.00 2.00 128.07
249.00 240.00 0.00 5.00 70.91
133.00 250.00 1.00 3.00 176.47
247.00 243.00 1.00 1.00 156.76
243.00 141.00 0.00 5.00 185.71
98.00 242.00 0.00 5.00 183.60
245.00 72.00 1.00 2.00 183.29
233.00 193.00 0.00 2.00 104.87
245.00 14.00 1.00 3.00 87.99
134.00 236.00 1.00 2.00 43.14
38.00 243.00 0.00 3.00 149.52
168.00 247.00 1.00 4.00 140.21
15.00 178.00 0.00 2.00 106.91
250.00 153.00 1.00 2.00 92.57
243.00 105.00 0.00 4.00 141.46
238.00 55.00 0.00 2.00 111.34
239.00 165.00 0.00 3.00 181.48
237.00 251.00 0.00 5.00 31.26
23.00 244.00 0.00 4.00 64.76
238.00 247.00 0.00 2.00 180.90
127.00 207.00 0.00 4.00 137.96
42.00 156.00 0.00 1.00 92.49
244.00 108.00 0.00 4.00 63.29
152.00 77.00 0.00 4.00 135.77
251.00 179.00 0.00 5.00 140.11
216.00 3.00 1.00 4.00 118.06
250.00 243.00 0.00 4.00 56.93
239.00 247.00 1.00 5.00 101.37
64.00 0.00 0.00 3.00 176.47
16.00 116.00 0.00 2.00 136.09
240.00 248.00 0.00 1.00 107.49
37.00 242.00 0.00 3.00 55.10
236.00 242.00 0.00 3.00 37.31
238.00 245.00 0.00 2.00 146.69
248.00 239.00 0.00 5.00 56.11
241.00 250.00 1.00 4.00 101.36
185.00 240.00 0.00 3.00 182.57
244.00 240.00 0.00 4.00 197.74
153.00 22.00 1.00 1.00 155.21
100.00 189.00 1.00 4.00 196.44
129.00 250.00 0.00 2.00 141.13
160.00 64.00 1.00 2.00 86.34
237.00 247.00 0.00 5.00 199.79
182.00 131.00 1.00 3.00 101.51
251.00 40.00 1.00 4.00 146.97
214.00 117.00 1.00 4.00 97.28
248.00 238.00 0.00 3.00 90.67
245.00 180.00 0.00 2.00 187.11
142.00 244.00 1.00 5.00 42.20
244.00 236.00 1.00 2.00 39.52
63.00 34.00 0.00 2.00 137.03
35.00 27.00 0.00 3.00 175.36
218.00 122.00 1.00 3.00 189.16
14.00 102.00 0.00 2.00 138.40
236.00 244.00 1.00 1.00 90.76
28.00 250.00 0.00 1.00 37.76
208.00 212.00 0.00 2.00 98.39
251.00 238.00 0.00 3.00 181.86
250.00 237.00 1.00 5.00 154.28
237.00 163.00 1.00 2.00 162.08
70.00 236.00 0.00 2.00 190.52
140.00 209.00 0.00 5.00 163.97
249.00 239.00 1.00 3.00 147.09
199.00 240.00 0.00 5.00 36.35
247.00 239.00 1.00 3.00 160.27
236.00 80.00 0.00 1.00 182.20
244.00 243.00 1.00 4.00 40.77
53.00 209.00 1.00 3.00 43.29
77.00 239.00 0.00 5.00 130.13
237.00 243.00 0.00 1.00 52.24
77.00 93.00 1.00 1.00 163.34
117.00 245.00 1.00 2.00 63.34
95.00 246.00 1.00 4.00 63.45
49.00 167.00 0.00 2.00 188.70
242.00 50.00 0.00 3.00 180.12
248.00 69.00 1.00 3.00 168.19
98.00 173.00 1.00 1.00 169.62
34.00 236.00 1.00 4.00 150.04
13.00 107.00 0.00 3.00 148.97
237.00 116.00 1.00 3.00 89.82
215.00 242.00 0.00 2.00 94.82
188.00 131.00 0.00 5.00 68.24
250.00 239.00 1.00 5.00 144.74
6.00 250.00 1.00 1.00 32.81
172.00 44.00 1.00 2.00 126.76
251.00 125.00 1.00 1.00 139.36
238.00 21.00 1.00 5.00 33.40
98.00 152.00 1.00 5.00 61.28
243.00 2.00 0.00 2.00 149.93
167.00 195.00 1.00 5.00 82.57
237.00 248.00 0.00 1.00 165.46
82.00 63.00 1.00 4.00 104.80
69.00 149.00 1.00 1.00 48.40
242.00 251.00 0.00 2.00 53.43
239.00 251.00 0.00 3.00 37.94
129.00 237.00 0.00 2.00 44.01
247.00 228.00 1.00 3.00 84.43
46.00 120.00 1.00 5.00 58.04
75.00 94.00 0.00 4.00 53.25
251.00 241.00 0.00 3.00 36.22
204.00 106.00 1.00 3.00 136.61
178.00 245.00 0.00 3.00 88.98
201.00 238.00 1.00 1.00 74.64
10.00 80.00 0.00 4.00 139.89
26.00 147.00 0.00 5.00 135.20
236.00 245.00 0.00 4.00 179.46
172.00 224.00 0.00 3.00 146.66
241.00 251.00 1.00 1.00 147.56
249.00 243.00 0.00 5.00 145.27
241.00 95.00 1.00 1.00 180.07
32.00 1.00 0.00 4.00 118.85
115.00 249.00 1.00 1.00 142.27
236.00 130.00 1.00 5.00 171.02
249.00 243.00 0.00 1.00 43.13
169.00 240.00 0.00 1.00 198.71
159.00 213.00 0.00 3.00 183.93
55.00 86.00 1.00 3.00 127.61
144.00 93.00 1.00 5.00 116.01
62.00 158.00 1.00 4.00 55.14
5.00 238.00 1.00 4.00 82.70
169.00 244.00 1.00 4.00 64.33
250.00 102.00 0.00 2.00 90.13
66.00 182.00 1.00 1.00 40.54
248.00 239.00 1.00 1.00 189.34
250.00 242.00 1.00 5.00 125.92
134.00 198.00 0.00 4.00 69.09
241.00 112.00 1.00 2.00 74.54
16.00 137.00 0.00 2.00 155.18
243.00 245.00 0.00 2.00 73.83
61.00 36.00 1.00 4.00 108.72
131.00 107.00 1.00 1.00 34.30
250.00 237.00 1.00 1.00 137.66
71.00 137.00 0.00 1.00 41.12
243.00 37.00 0.00 3.00 86.03
243.00 11.00 0.00 1.00 75.74
241.00 249.00 0.00 1.00 89.51
237.00 74.00 1.00 1.00 83.11
197.00 20.00 0.00 5.00 66.78
238.00 115.00 1.00 4.00 70.81
180.00 94.00 0.00 5.00 190.85
183.00 207.00 1.00 4.00 192.99
248.00 112.00 0.00 3.00 50.12
242.00 250.00 0.00 3.00 110.59
161.00 246.00 1.00 5.00 77.82
66.00 249.00 1.00 1.00 172.14
240.00 249.00 0.00 1.00 151.26
249.00 11.00 1.00 1.00 191.30
222.00 236.00 1.00 2.00 158.79
236.00 203.00 1.00 5.00 83.50
104.00 138.00 1.00 3.00 110.55
115.00 244.00 0.00 1.00 177.59
34.00 248.00 0.00 3.00 135.22
242.00 251.00 1.00 3.00 104.92
46.00 250.00 1.00 4.00 43.75
232.00 249.00 1.00 3.00 83.73
241.00 245.00 0.00 3.00 134.34
247.00 217.00 1.00 2.00 110.20
94.00 246.00 1.00 3.00 118.59
56.00 184.00 1.00 1.00 122.62
137.00 243.00 0.00 3.00 38.69
216.00 242.00 1.00 5.00 185.30
238.00 251.00 1.00 5.00 178.96
199.00 240.00 1.00 3.00 191.09
250.00 238.00 0.00 2.00 40.64
241.00 245.00 1.00 1.00 45.01
246.00 236.00 1.00 4.00 68.12
133.00 66.00 1.00 2.00 114.18
29.00 246.00 0.00 3.00 173.12
245.00 251.00 0.00 4.00 192.69
248.00 236.00 1.00 4.00 183.85
155.00 236.00 1.00 4.00 163.17
3.00 114.00 1.00 5.00 39.89
250.00 86.00 1.00 1.00 136.31
244.00 84.00 0.00 3.00 172.83
53.00 238.00 1.00 2.00 133.59
239.00 251.00 1.00 5.00 174.51
77.00 245.00 1.00 1.00 124.00
103.00 240.00 1.00 1.00 102.47
239.00 247.00 1.00 4.00 119.38
243.00 190.00 1.00 3.00 199.51
177.00 64.00 1.00 3.00 60.52
87.00 137.00 1.00 1.00 162.43
56.00 166.00 0.00 3.00 180.14
49.00 250.00 0.00 5.00 77.66
162.00 241.00 1.00 1.00 80.22
139.00 125.00 0.00 4.00 142.27
250.00 244.00 0.00 3.00 59.88
247.00 181.00 1.00 3.00 130.16
98.00 186.00 0.00 5.00 69.06
239.00 245.00 1.00 2.00 94.29
159.00 162.00 0.00 4.00 71.69
244.00 134.00 1.00 2.00 31.17
120.00 174.00 1.00 5.00 75.87
145.00 240.00 0.00 1.00 154.87
251.00 242.00 1.00 1.00 101.18
117.00 240.00 0.00 5.00 179.63
238.00 82.00 1.00 3.00 96.01
237.00 178.00 0.00 2.00 98.41
214.00 242.00 0.00 3.00 180.40
237.00 105.00 0.00 3.00 72.62
50.00 111.00 0.00 1.00 53.54
194.00 239.00 1.00 5.00 117.98
236.00 246.00 0.00 2.00 35.89
249.00 238.00 1.00 1.00 47.58
203.00 244.00 0.00 1.00 177.43
232.00 96.00 0.00 3.00 127.16
157.00 45.00 0.00 5.00 60.95
251.00 68.00 0.00 1.00 109.29
242.00 154.00 0.00 1.00 72.32
152.00 150.00 0.00 3.00 193.13
249.00 241.00 1.00 2.00 147.95
244.00 238.00 1.00 5.00 121.47
160.00 198.00 0.00 4.00 46.98
240.00 153.00 0.00 3.00 94.63
202.00 247.00 1.00 1.00 173.85
94.00 14.00 1.00 2.00 174.22
198.00 208.00 0.00 5.00 33.61
145.00 207.00 1.00 4.00 103.84
72.00 63.00 1.00 1.00 82.33
13.00 192.00 1.00 1.00 164.89
246.00 106.00 0.00 5.00 57.41
213.00 130.00 1.00 5.00 150.16
247.00 240.00 1.00 4.00 67.50
240.00 245.00 1.00 2.00 55.37
229.00 15.00 0.00 2.00 78.98
237.00 55.00 1.00 4.00 52.84
238.00 246.00 0.00 3.00 32.19
57.00 185.00 1.00 1.00 114.68
79.00 246.00 1.00 4.00 100.98
239.00 197.00 1.00 5.00 36.02
128.00 248.00 0.00 5.00 44.26
153.00 6.00 1.00 5.00 109.80
239.00 251.00 0.00 4.00 107.32
7.00 248.00 1.00 3.00 193.92
118.00 241.00 1.00 3.00 51.73
21.00 250.00 1.00 3.00 93.20
250.00 240.00 0.00 5.00 164.69
249.00 239.00 0.00 3.00 76.39
47.00 244.00 0.00 1.00 197.45
249.00 241.00 0.00 4.00 45.37
79.00 164.00 0.00 4.00 177.29
87.00 246.00 0.00 4.00 196.65
241.00 129.00 0.00 1.00 70.22
228.00 121.00 1.00 2.00 48.86
241.00 108.00 1.00 1.00 119.92
186.00 63.00 1.00 4.00 96.16
128.00 251.00 1.00 2.00 39.54
186.00 16.00 0.00 1.00 101.12
244.00 239.00 0.00 3.00 63.29
243.00 15.00 0.00 4.00 53.06
245.00 240.00 1.00 1.00 109.97
102.00 43.00 0.00 4.00 94.84
136.00 250.00 1.00 3.00 107.52
161.00 246.00 0.00 2.00 198.46
241.00 250.00 1.00 2.00 74.64
245.00 237.00 0.00 2.00 117.47
90.00 232.00 1.00 4.00 49.75
227.00 239.00 1.00 2.00 131.98
6.00 119.00 1.00 2.00 170.93
134.00 226.00 1.00 3.00 152.45
241.00 248.00 1.00 4.00 118.38
98.00 248.00 1.00 3.00 80.33
247.00 239.00 1.00 1.00 60.48
54.00 137.00 0.00 2.00 189.70
144.00 175.00 0.00 5.00 132.80
241.00 151.00 1.00 3.00 107.60
247.00 42.00 0.00 4.00 124.03
4.00 240.00 1.00 1.00 162.81
251.00 56.00 0.00 5.00 118.72
99.00 249.00 0.00 5.00 129.90
250.00 236.00 0.00 2.00 44.35
237.00 247.00 1.00 2.00 30.02
68.00 18.00 0.00 4.00 85.70
239.00 251.00 1.00 2.00 37.88
159.00 60.00 0.00 4.00 137.00
208.00 162.00 1.00 1.00 82.94
251.00 245.00 1.00 1.00 132.12
233.00 247.00 1.00 4.00 165.32
187.00 240.00 0.00 1.00 113.96
248.00 237.00 0.00 2.00 154.54
158.00 189.00 0.00 4.00 106.93
248.00 184.00 0.00 3.00 81.42
72.00 138.00 1.00 5.00 188.54
247.00 236.00 1.00 5.00 146.46
88.00 247.00 0.00 2.00 53.01
251.00 233.00 0.00 2.00 132.22
192.00 115.00 0.00 2.00 171.51
204.00 48.00 1.00 3.00 114.14
250.00 241.00 1.00 4.00 196.36
243.00 249.00 0.00 3.00 88.65
249.00 242.00 1.00 5.00 130.67
241.00 120.00 0.00 1.00 105.98
247.00 49.00 0.00 1.00 117.82
16.00 250.00 0.00 1.00 109.38
29.00 248.00 1.00 2.00 39.73
241.00 50.00 1.00 3.00 51.48
196.00 240.00 0.00 4.00 91.91
248.00 118.00 1.00 1.00 152.92
83.00 173.00 1.00 2.00 72.12
157.00 237.00 1.00 2.00 74.44
152.00 245.00 1.00 5.00 64.18
225.00 177.00 0.00 1.00 185.49
212.00 208.00 0.00 2.00 73.64
244.00 90.00 0.00 3.00 121.10
110.00 236.00 1.00 5.00 94.37
248.00 240.00 0.00 4.00 184.85
138.00 249.00 1.00 5.00 178.36
250.00 241.00 0.00 2.00 62.29
234.00 238.00 1.00 4.00 76.37
146.00 71.00 1.00 3.00 105.61
246.00 239.00 0.00 3.00 193.10
244.00 119.00 0.00 5.00 129.81
246.00 238.00 1.00 3.00 165.25
11.00 95.00 0.00 3.00 30.42
239.00 189.00 1.00 4.00 60.65
240.00 0.00 0.00 3.00 58.25
9.00 141.00 0.00 4.00 72.63
249.00 88.00 1.00 2.00 177.29
15.00 237.00 0.00 5.00 136.79
246.00 237.00 1.00 1.00 124.97
245.00 243.00 0.00 4.00 180.49
76.00 165.00 0.00 4.00 107.33
244.00 78.00 0.00 4.00 82.31
35.00 151.00 0.00 4.00 30.61
245.00 236.00 0.00 2.00 83.18
241.00 16.00 0.00 4.00 127.21
251.00 62.00 0.00 5.00 65.73
251.00 236.00 1.00 2.00 74.29
251.00 7.00 1.00 4.00 92.13
248.00 9.00 0.00 3.00 153.34
128.00 70.00 0.00 3.00 96.42
210.00 238.00 0.00 1.00 86.24
242.00 113.00 0.00 3.00 72.08
212.00 239.00 0.00 2.00 122.21
126.00 173.00 0.00 1.00 47.25
245.00 242.00 0.00 2.00 51.95
124.00 34.00 1.00 5.00 108.18
166.00 241.00 0.00 3.00 99.15
242.00 101.00 1.00 3.00 48.14
197.00 173.00 0.00 2.00 113.03
47.00 171.00 1.00 5.00 165.66
189.00 240.00 0.00 3.00 123.78
251.00 160.00 1.00 2.00 53.89
236.00 11.00 0.00 5.00 141.04
239.00 206.00 0.00 1.00 125.11
29.00 229.00 1.00 3.00 47.98
124.00 248.00 0.00 3.00 93.08
244.00 54.00 1.00 4.00 32.98
96.00 91.00 1.00 2.00 161.01
249.00 55.00 1.00 4.00 118.55
239.00 200.00 0.00 5.00 42.18
207.00 227.00 1.00 3.00 177.43
171.00 194.00 0.00 5.00 91.85
83.00 243.00 1.00 1.00 76.02
81.00 45.00 0.00 1.00 125.05
238.00 248.00 0.00 3.00 61.78
249.00 78.00 0.00 2.00 109.89
245.00 236.00 0.00 3.00 126.46
196.00 246.00 0.00 2.00 41.56
127.00 187.00 0.00 2.00 113.20
240.00 249.00 1.00 5.00 98.67
238.00 159.00 1.00 5.00 77.66
236.00 10.00 1.00 4.00 182.64
103.00 86.00 1.00 5.00 170.62
104.00 53.00 1.00 5.00 133.08
160.00 237.00 1.00 1.00 149.46
246.00 242.00 0.00 5.00 125.27
91.00 245.00 0.00 3.00 191.00
227.00 236.00 0.00 3.00 53.81
251.00 211.00 1.00 4.00 55.72
251.00 107.00 0.00 5.00 168.56
250.00 236.00 0.00 3.00 124.26
188.00 122.00 1.00 3.00 116.24
249.00 74.00 0.00 1.00 107.75
250.00 244.00 0.00 3.00 63.27
242.00 6.00 1.00 5.00 40.51
238.00 249.00 1.00 1.00 187.50
244.00 251.00 1.00 3.00 75.41
243.00 244.00 0.00 1.00 104.50
243.00 246.00 0.00 4.00 138.11
240.00 138.00 0.00 3.00 188.80
239.00 251.00 1.00 5.00 169.58
131.00 194.00 0.00 5.00 101.75
242.00 250.00 1.00 4.00 178.36
242.00 250.00 1.00 5.00 116.75
244.00 240.00 1.00 5.00 42.03
41.00 242.00 1.00 1.00 101.04
246.00 241.00 1.00 2.00 52.63
244.00 236.00 1.00 5.00 65.44
236.00 242.00 0.00 4.00 35.98
245.00 243.00 0.00 3.00 171.38
209.00 243.00 1.00 2.00 93.88
96.00 50.00 1.00 1.00 146.66
207.00 251.00 1.00 4.00 57.48
244.00 134.00 0.00 5.00 83.34
211.00 66.00 0.00 4.00 80.35
249.00 236.00 0.00 5.00 59.73
158.00 223.00 1.00 3.00 34.87
243.00 247.00 1.00 4.00 39.17
157.00 247.00 1.00 4.00 70.87
148.00 14.00 1.00 4.00 156.71
251.00 179.00 1.00 4.00 130.76
139.00 250.00 1.00 2.00 187.68
250.00 240.00 0.00 3.00 36.67
236.00 207.00 1.00 1.00 109.75
65.00 17.00 1.00 1.00 166.08
242.00 96.00 0.00 4.00 172.95
205.00 240.00 1.00 2.00 198.27
68.00 236.00 0.00 4.00 121.29
161.00 242.00 0.00 4.00 51.93
245.00 201.00 0.00 1.00 78.13
242.00 209.00 1.00 4.00 118.09
138.00 52.00 1.00 4.00 111.35
124.00 249.00 1.00 4.00 132.06
22.00 13.00 1.00 3.00 130.43
236.00 249.00 1.00 3.00 42.46
42.00 32.00 0.00 5.00 136.58
192.00 210.00 0.00 3.00 156.97
100.00 250.00 0.00 3.00 120.44
126.00 191.00 0.00 1.00 162.13
142.00 7.00 0.00 5.00 137.35
178.00 246.00 0.00 2.00 125.97
241.00 106.00 1.00 3.00 56.25
251.00 112.00 1.00 3.00 44.35
172.00 239.00 0.00 1.00 111.57
244.00 169.00 1.00 5.00 37.46
250.00 123.00 0.00 3.00 135.75
181.00 236.00 0.00 1.00 192.45
241.00 225.00 1.00 1.00 143.82
94.00 238.00 1.00 5.00 192.17
124.00 246.00 1.00 1.00 47.94
251.00 211.00 0.00 3.00 130.01
36.00 103.00 0.00 4.00 178.24
65.00 184.00 1.00 2.00 48.97
193.00 121.00 0.00 4.00 190.82
249.00 196.00 0.00 2.00 87.32
239.00 80.00 1.00 3.00 69.16
251.00 243.00 0.00 4.00 60.11
29.00 248.00 0.00 5.00 157.23
42.00 239.00 0.00 5.00 108.00
249.00 55.00 0.00 2.00 40.17
242.00 247.00 1.00 2.00 88.31
98.00 238.00 1.00 1.00 98.14
246.00 19.00 0.00 1.00 91.48
251.00 205.00 0.00 5.00 174.62
203.00 127.00 0.00 5.00 143.16
15.00 237.00 1.00 1.00 140.82
251.00 245.00 1.00 3.00 164.25
27.00 162.00 1.00 2.00 103.62
248.00 161.00 1.00 5.00 57.33
203.00 52.00 1.00 5.00 108.78
240.00 156.00 0.00 5.00 94.37
236.00 247.00 0.00 1.00 81.14
17.00 155.00 1.00 2.00 167.20
243.00 251.00 0.00 2.00 156.29
242.00 159.00 0.00 3.00 70.31
244.00 238.00 0.00 5.00 135.79
31.00 249.00 0.00 1.00 127.75
154.00 194.00 1.00 5.00 92.74
3.00 203.00 1.00 4.00 148.39
63.00 77.00 1.00 1.00 136.55
244.00 59.00 0.00 1.00 142.23
244.00 52.00 0.00 2.00 94.90
134.00 207.00 0.00 5.00 62.40
212.00 42.00 0.00 2.00 125.82
21.00 229.00 1.00 2.00 39.25
174.00 237.00 1.00 3.00 148.01
173.00 245.00 0.00 2.00 151.42
102.00 243.00 1.00 3.00 173.16
129.00 97.00 0.00 4.00 140.05
242.00 246.00 0.00 5.00 169.12
132.00 241.00 1.00 3.00 182.35
64.00 17.00 1.00 3.00 125.86
129.00 239.00 0.00 2.00 96.20
243.00 237.00 0.00 5.00 143.34
241.00 245.00 1.00 3.00 192.75
247.00 82.00 0.00 4.00 58.29
240.00 248.00 1.00 2.00 36.33
188.00 102.00 0.00 2.00 118.83
242.00 244.00 1.00 1.00 59.43
212.00 199.00 0.00 3.00 51.40
245.00 83.00 0.00 2.00 182.55
242.00 249.00 0.00 5.00 115.52
2.00 248.00 0.00 1.00 31.65
143.00 250.00 0.00 2.00 146.10
241.00 205.00 1.00 2.00 51.59
182.00 236.00 0.00 4.00 44.52
74.00 248.00 1.00 1.00 48.51
243.00 250.00 1.00 1.00 62.97
116.00 237.00 0.00 1.00 77.78
72.00 236.00 0.00 5.00 105.66
251.00 239.00 0.00 5.00 87.08
74.00 241.00 1.00 3.00 109.00
246.00 164.00 0.00 2.00 133.99
74.00 247.00 1.00 2.00 131.50
30.00 74.00 0.00 5.00 105.74
251.00 240.00 0.00 2.00 89.95
247.00 238.00 1.00 1.00 103.28
236.00 66.00 0.00 5.00 122.35
242.00 250.00 1.00 5.00 121.45
57.00 251.00 1.00 1.00 166.80
245.00 207.00 1.00 1.00 46.58
103.00 155.00 0.00 2.00 124.44
34.00 239.00 1.00 1.00 153.81
156.00 241.00 1.00 1.00 196.25
59.00 114.00 0.00 1.00 81.83
242.00 185.00 0.00 2.00 89.82
246.00 239.00 0.00 3.00 107.16
70.00 239.00 0.00 4.00 199.48
120.00 9.00 1.00 1.00 32.20
52.00 118.00 1.00 4.00 81.24
60.00 123.00 1.00 1.00 78.96
240.00 249.00 1.00 5.00 58.10
91.00 126.00 0.00 2.00 176.64
243.00 137.00 0.00 4.00 102.08
97.00 249.00 0.00 5.00 197.39
246.00 114.00 0.00 1.00 149.02
240.00 249.00 0.00 2.00 107.11
49.00 182.00 0.00 2.00 130.23
83.00 244.00 0.00 4.00 120.55
238.00 151.00 1.00 5.00 139.98
246.00 241.00 1.00 3.00 146.98
249.00 233.00 1.00 4.00 31.32
71.00 241.00 0.00 4.00 87.19
216.00 17.00 0.00 4.00 153.33
244.00 236.00 0.00 5.00 130.90
239.00 8.00 1.00 5.00 47.80
247.00 240.00 1.00 2.00 112.73
35.00 234.00 0.00 3.00 72.09
206.00 243.00 0.00 3.00 48.27
52.00 237.00 0.00 3.00 139.75
124.00 151.00 1.00 1.00 61.28
146.00 251.00 1.00 2.00 110.96
32.00 249.00 0.00 3.00 186.04
240.00 248.00 0.00 2.00 197.12
164.00 55.00 1.00 2.00 77.50
239.00 250.00 0.00 4.00 69.61
249.00 236.00 0.00 4.00 52.09
250.00 198.00 0.00 5.00 174.63
163.00 76.00 1.00 5.00 73.09
238.00 249.00 0.00 4.00 53.84
103.00 249.00 0.00 4.00 127.33
247.00 19.00 1.00 4.00 146.62
241.00 77.00 0.00 4.00 91.94
251.00 236.00 1.00 2.00 177.65
240.00 203.00 1.00 5.00 183.31
177.00 40.00 0.00 5.00 164.40
238.00 245.00 1.00 1.00 101.84
32.00 79.00 1.00 5.00 105.24
93.00 237.00 0.00 4.00 90.68
247.00 236.00 1.00 1.00 89.55
237.00 245.00 1.00 5.00 95.37
238.00 245.00 0.00 2.00 73.11
164.00 240.00 0.00 1.00 65.60
244.00 231.00 0.00 1.00 86.34
243.00 236.00 1.00 5.00 134.54
240.00 249.00 1.00 3.00 110.25
237.00 47.00 1.00 3.00 178.91
238.00 167.00 0.00 3.00 39.53
96.00 241.00 1.00 5.00 145.77
168.00 31.00 1.00 5.00 97.81
242.00 7.00 0.00 4.00 84.54
240.00 176.00 1.00 4.00 105.92
241.00 251.00 0.00 1.00 75.82
10.00 101.00 1.00 5.00 194.54
241.00 7.00 1.00 3.00 54.58
197.00 241.00 0.00 3.00 91.88
249.00 241.00 1.00 2.00 169.41
249.00 50.00 0.00 3.00 144.17
47.00 43.00 1.00 3.00 193.73
244.00 241.00 1.00 1.00 178.92
57.00 244.00 1.00 5.00 152.77
238.00 247.00 0.00 4.00 66.44
40.00 240.00 1.00 4.00 141.57
239.00 147.00 0.00 3.00 186.01
228.00 202.00 1.00 4.00 55.49
239.00 247.00 0.00 4.00 162.15
237.00 94.00 0.00 3.00 122.32
194.00 238.00 0.00 4.00 159.68
243.00 247.00 1.00 2.00 199.73
250.00 242.00 1.00 3.00 49.81
239.00 97.00 1.00 5.00 55.03
237.00 250.00 0.00 4.00 133.57
244.00 236.00 0.00 5.00 81.59
120.00 94.00 1.00 2.00 82.30
237.00 250.00 1.00 2.00 172.33
244.00 231.00 0.00 2.00 46.95
244.00 206.00 0.00 5.00 187.41
41.00 249.00 1.00 1.00 193.64
239.00 70.00 1.00 1.00 135.03
175.00 233.00 1.00 1.00 189.15
250.00 29.00 0.00 5.00 174.48
248.00 123.00 0.00 1.00 139.96
35.00 91.00 0.00 1.00 95.31
127.00 17.00 0.00 3.00 161.26
219.00 236.00 0.00 1.00 31.96
247.00 241.00 0.00 5.00 100.35
237.00 156.00 0.00 4.00 166.61
148.00 45.00 0.00 1.00 153.71
151.00 238.00 0.00 4.00 117.22
129.00 170.00 0.00 2.00 85.48
76.00 14.00 1.00 5.00 46.08
174.00 95.00 1.00 5.00 49.06
154.00 244.00 0.00 5.00 31.87
110.00 217.00 1.00 4.00 67.17
134.00 238.00 1.00 2.00 152.84
238.00 251.00 0.00 5.00 62.74
123.00 197.00 1.00 3.00 88.92
86.00 247.00 0.00 4.00 37.27
15.00 37.00 1.00 2.00 105.43
238.00 244.00 1.00 5.00 111.07
246.00 237.00 1.00 1.00 73.14
244.00 16.00 0.00 3.00 131.23
192.00 240.00 0.00 3.00 93.18
150.00 26.00 1.00 1.00 90.55
245.00 146.00 1.00 1.00 64.38
248.00 186.00 0.00 2.00 72.95
249.00 76.00 1.00 5.00 57.21
18.00 37.00 1.00 4.00 147.49
14.00 187.00 0.00 4.00 186.97
230.00 239.00 0.00 2.00 152.28
249.00 236.00 1.00 5.00 135.76
69.00 120.00 1.00 2.00 167.46
139.00 236.00 1.00 5.00 171.48
236.00 192.00 1.00 5.00 175.52
242.00 249.00 1.00 5.00 132.94
203.00 242.00 1.00 4.00 150.39
250.00 244.00 0.00 3.00 115.20
250.00 29.00 1.00 1.00 142.38
10.00 185.00 1.00 3.00 115.52
232.00 245.00 1.00 2.00 109.00
75.00 243.00 0.00 2.00 147.93
219.00 205.00 0.00 4.00 51.53
75.00 242.00 0.00 1.00 128.32
250.00 244.00 0.00 3.00 135.79
196.00 166.00 0.00 5.00 121.27
146.00 246.00 0.00 4.00 71.68
45.00 88.00 1.00 4.00 53.81
218.00 177.00 0.00 2.00 40.60
101.00 152.00 0.00 4.00 140.54
23.00 228.00 0.00 1.00 126.49
243.00 201.00 1.00 2.00 163.66
157.00 44.00 0.00 1.00 172.96
248.00 172.00 1.00 1.00 124.00
60.00 182.00 0.00 5.00 46.64
248.00 243.00 1.00 3.00 122.78
102.00 248.00 0.00 4.00 142.29
117.00 205.00 1.00 3.00 91.78
121.00 246.00 1.00 4.00 100.29
250.00 241.00 1.00 3.00 194.91
242.00 50.00 0.00 4.00 49.88
248.00 69.00 0.00 4.00 121.38
186.00 44.00 1.00 1.00 164.64
237.00 86.00 0.00 2.00 197.92
143.00 17.00 0.00 5.00 123.55
151.00 37.00 0.00 3.00 195.80
218.00 193.00 0.00 1.00 46.14
162.00 246.00 0.00 1.00 60.60
146.00 238.00 0.00 5.00 165.37
59.00 115.00 1.00 4.00 87.84
237.00 153.00 1.00 2.00 195.35
82.00 63.00 0.00 5.00 39.03
63.00 234.00 1.00 3.00 83.95
195.00 43.00 0.00 5.00 83.91
238.00 132.00 1.00 5.00 60.97
172.00 34.00 0.00 4.00 91.51
238.00 244.00 0.00 3.00 195.60
243.00 236.00 0.00 4.00 44.06
238.00 140.00 0.00 5.00 137.88
247.00 237.00 0.00 5.00 53.64
248.00 243.00 1.00 2.00 93.86
83.00 202.00 0.00 2.00 102.43
12.00 87.00 1.00 1.00 44.17
242.00 227.00 0.00 3.00 86.58
239.00 250.00 0.00 5.00 174.41
236.00 166.00 0.00 3.00 163.31
238.00 120.00 1.00 3.00 41.51
85.00 204.00 0.00 1.00 164.03
250.00 24.00 0.00 1.00 48.39
240.00 178.00 0.00 1.00 173.78
76.00 244.00 1.00 5.00 41.39
18.00 62.00 0.00 3.00 179.77
241.00 1.00 0.00 5.00 166.53
240.00 247.00 1.00 1.00 175.70
77.00 49.00 0.00 3.00 177.12
102.00 203.00 0.00 2.00 118.52
128.00 236.00 0.00 2.00 57.26
244.00 238.00 1.00 1.00 93.81
111.00 92.00 0.00 5.00 133.20
133.00 98.00 1.00 4.00 115.83
45.00 231.00 0.00 3.00 73.98
131.00 237.00 0.00 3.00 66.90
238.00 166.00 1.00 2.00 77.84
75.00 17.00 0.00 3.00 95.22
221.00 249.00 0.00 2.00 93.72
216.00 21.00 1.00 4.00 121.05
247.00 38.00 1.00 5.00 129.22
241.00 250.00 0.00 1.00 132.87
251.00 40.00 1.00 1.00 105.92
251.00 236.00 0.00 5.00 83.92
247.00 238.00 1.00 2.00 131.24
242.00 61.00 0.00 4.00 77.55
179.00 248.00 1.00 3.00 172.99
174.00 249.00 1.00 3.00 74.60
169.00 26.00 0.00 3.00 105.94
79.00 248.00 1.00 2.00 88.39
101.00 127.00 1.00 1.00 169.57
55.00 155.00 1.00 5.00 171.26
238.00 93.00 1.00 1.00 150.94
81.00 63.00 1.00 4.00 198.26
236.00 182.00 1.00 2.00 171.34
251.00 237.00 1.00 1.00 179.44
248.00 31.00 1.00 1.00 113.39
238.00 248.00 1.00 1.00 72.56
15.00 220.00 0.00 1.00 144.87
236.00 12.00 0.00 5.00 143.39
245.00 242.00 1.00 4.00 49.06
190.00 133.00 1.00 4.00 166.94
213.00 244.00 0.00 2.00 118.61
126.00 244.00 0.00 2.00 154.74
244.00 3.00 1.00 2.00 115.14
140.00 249.00 0.00 5.00 119.92
248.00 242.00 1.00 2.00 46.21
85.00 246.00 0.00 2.00 197.90
247.00 243.00 1.00 2.00 30.90
251.00 241.00 1.00 2.00 43.40
244.00 250.00 1.00 1.00 186.67
249.00 112.00 1.00 5.00 44.11
39.00 137.00 1.00 2.00 194.22
245.00 188.00 0.00 4.00 41.32
243.00 43.00 0.00 4.00 52.63
212.00 240.00 1.00 4.00 51.12
238.00 142.00 0.00 1.00 138.66
36.00 243.00 1.00 3.00 87.48
241.00 75.00 0.00 5.00 160.16
246.00 46.00 0.00 4.00 70.52
248.00 176.00 1.00 3.00 193.62
105.00 238.00 0.00 4.00 134.89
160.00 60.00 0.00 5.00 121.30
245.00 20.00 1.00 5.00 176.82
192.00 144.00 1.00 4.00 101.01
251.00 171.00 0.00 2.00 122.10
80.00 237.00 0.00 5.00 186.21
122.00 100.00 1.00 4.00 175.09
220.00 239.00 1.00 5.00 126.47
224.00 19.00 0.00 1.00 103.98
205.00 78.00 1.00 5.00 127.45
240.00 121.00 1.00 4.00 171.31
53.00 248.00 0.00 4.00 52.21
122.00 241.00 0.00 3.00 60.54
143.00 167.00 0.00 4.00 108.59
238.00 248.00 0.00 3.00 148.62
155.00 0.00 1.00 1.00 177.58
246.00 243.00 0.00 4.00 44.12
247.00 156.00 1.00 3.00 36.80
249.00 86.00 1.00 2.00 101.96
103.00 248.00 1.00 1.00 148.76
27.00 251.00 1.00 2.00 194.74
250.00 239.00 0.00 2.00 147.59
162.00 246.00 1.00 5.00 85.44
243.00 49.00 0.00 2.00 108.81
9.00 246.00 0.00 3.00 120.21
249.00 219.00 0.00 4.00 38.41
225.00 179.00 1.00 1.00 119.12
239.00 121.00 0.00 3.00 59.28
83.00 248.00 1.00 2.00 81.45
238.00 245.00 1.00 1.00 160.16
250.00 240.00 1.00 5.00 125.25
58.00 238.00 0.00 2.00 53.19
190.00 61.00 0.00 1.00 99.82
246.00 236.00 0.00 4.00 98.52
175.00 86.00 1.00 1.00 96.23
46.00 250.00 1.00 4.00 177.90
247.00 240.00 0.00 5.00 117.53
244.00 239.00 1.00 2.00 74.18
36.00 250.00 0.00 4.00 47.70
240.00 251.00 1.00 1.00 70.64
243.00 147.00 1.00 1.00 88.40
79.00 231.00 1.00 2.00 30.90
