241.00 164.00 1.00 1.00 136.53
41.00 184.00 1.00 5.00 86.42
135.00 241.00 0.00 5.00 76.17
58.00 248.00 1.00 4.00 157.21
240.00 247.00 1.00 2.00 58.43
117.00 219.00 1.00 1.00 114.80
240.00 246.00 1.00 2.00 52.75
161.00 82.00 1.00 3.00 65.36
135.00 249.00 0.00 5.00 84.64
237.00 134.00 1.00 3.00 35.93
251.00 45.00 0.00 4.00 158.18
243.00 148.00 0.00 3.00 184.25
95.00 245.00 0.00 2.00 124.69
245.00 132.00 1.00 3.00 54.33
243.00 128.00 0.00 3.00 103.76
249.00 237.00 0.00 3.00 151.06
76.00 12.00 1.00 4.00 148.11
41.00 109.00 1.00 4.00 91.02
103.00 245.00 1.00 4.00 109.34
240.00 38.00 0.00 4.00 42.69
56.00 246.00 0.00 3.00 188.47
96.00 35.00 0.00 2.00 111.05
243.00 251.00 1.00 2.00 170.86
107.00 48.00 1.00 3.00 107.02
142.00 236.00 0.00 3.00 181.51
141.00 241.00 0.00 3.00 54.76
251.00 245.00 0.00 4.00 61.54
156.00 241.00 1.00 1.00 93.30
157.00 243.00 0.00 5.00 109.70
243.00 249.00 1.00 5.00 143.12
151.00 250.00 0.00 3.00 163.94
78.00 155.00 1.00 2.00 173.00
159.00 148.00 1.00 1.00 95.05
245.00 48.00 1.00 3.00 117.57
250.00 240.00 1.00 1.00 193.76
100.00 241.00 0.00 4.00 171.30
236.00 43.00 1.00 1.00 198.89
109.00 231.00 0.00 3.00 85.80
105.00 168.00 1.00 2.00 160.89
94.00 29.00 1.00 3.00 154.77
245.00 236.00 0.00 5.00 70.01
200.00 25.00 0.00 3.00 43.67
247.00 82.00 0.00 5.00 115.27
239.00 209.00 1.00 1.00 73.41
246.00 238.00 0.00 3.00 56.23
43.00 105.00 0.00 1.00 186.62
250.00 222.00 1.00 2.00 111.47
251.00 199.00 0.00 2.00 167.79
242.00 245.00 0.00 3.00 194.14
240.00 249.00 1.00 4.00 141.20
213.00 238.00 0.00 5.00 156.27
98.00 35.00 1.00 2.00 167.05
11.00 173.00 1.00 3.00 108.87
144.00 244.00 1.00 3.00 125.28
245.00 239.00 1.00 2.00 178.69
33.00 241.00 1.00 5.00 91.41
87.00 128.00 1.00 5.00 51.26
236.00 35.00 0.00 2.00 119.35
144.00 112.00 0.00 2.00 39.12
251.00 236.00 0.00 5.00 115.96
247.00 236.00 0.00 3.00 41.52
85.00 138.00 1.00 2.00 53.71
245.00 52.00 1.00 2.00 34.02
221.00 242.00 0.00 5.00 154.07
106.00 246.00 0.00 3.00 143.52
242.00 224.00 1.00 4.00 113.33
152.00 246.00 1.00 4.00 63.43
249.00 239.00 0.00 5.00 196.22
172.00 249.00 1.00 5.00 81.62
154.00 240.00 1.00 5.00 190.69
236.00 247.00 0.00 3.00 51.03
250.00 195.00 1.00 1.00 63.59
206.00 237.00 0.00 1.00 92.25
0.00 242.00 0.00 2.00 154.28
212.00 35.00 0.00 4.00 156.02
244.00 241.00 0.00 4.00 36.99
53.00 232.00 0.00 2.00 121.10
164.00 236.00 0.00 2.00 62.21
238.00 107.00 0.00 3.00 103.83
127.00 245.00 1.00 1.00 130.53
246.00 239.00 1.00 4.00 37.23
210.00 248.00 1.00 4.00 117.14
115.00 251.00 0.00 3.00 104.74
246.00 236.00 0.00 3.00 139.14
66.00 77.00 0.00 3.00 108.54
164.00 249.00 1.00 3.00 88.22
250.00 125.00 0.00 5.00 80.19
220.00 240.00 1.00 1.00 106.35
251.00 241.00 1.00 5.00 121.01
249.00 189.00 0.00 2.00 94.06
20.00 244.00 1.00 4.00 70.53
240.00 250.00 0.00 3.00 166.99
240.00 248.00 1.00 5.00 148.01
245.00 251.00 0.00 2.00 79.71
245.00 240.00 1.00 4.00 93.14
226.00 246.00 0.00 1.00 94.42
74.00 47.00 1.00 3.00 155.35
191.00 122.00 0.00 3.00 53.16
145.00 244.00 1.00 3.00 33.04
182.00 237.00 1.00 4.00 155.71
44.00 232.00 0.00 2.00 99.63
28.00 198.00 1.00 2.00 110.70
67.00 99.00 0.00 5.00 188.35
172.00 59.00 0.00 4.00 126.42
46.00 250.00 1.00 2.00 108.68
21.00 242.00 0.00 4.00 48.62
155.00 125.00 1.00 3.00 68.40
104.00 251.00 0.00 4.00 189.60
174.00 251.00 0.00 5.00 157.21
10.00 248.00 1.00 5.00 70.41
167.00 217.00 1.00 1.00 144.22
123.00 216.00 0.00 2.00 151.25
241.00 90.00 1.00 2.00 124.33
170.00 75.00 0.00 3.00 109.70
236.00 122.00 0.00 3.00 63.94
125.00 240.00 1.00 4.00 59.25
172.00 247.00 1.00 1.00 73.88
247.00 239.00 1.00 5.00 157.01
86.00 243.00 1.00 4.00 33.69
123.00 216.00 1.00 2.00 112.36
241.00 251.00 0.00 2.00 197.29
236.00 251.00 0.00 5.00 64.87
251.00 237.00 0.00 3.00 96.03
237.00 107.00 1.00 5.00 59.88
125.00 152.00 1.00 3.00 162.36
247.00 236.00 1.00 5.00 91.61
161.00 135.00 0.00 5.00 31.83
33.00 241.00 1.00 1.00 194.52
243.00 245.00 1.00 3.00 183.17
237.00 246.00 1.00 2.00 44.57
244.00 87.00 0.00 1.00 99.40
243.00 168.00 0.00 5.00 158.63
94.00 122.00 0.00 1.00 39.70
246.00 35.00 0.00 4.00 172.57
114.00 171.00 1.00 4.00 188.16
243.00 206.00 0.00 4.00 96.01
242.00 23.00 0.00 5.00 134.74
47.00 174.00 1.00 2.00 87.11
240.00 246.00 1.00 2.00 161.77
246.00 98.00 1.00 1.00 114.53
190.00 248.00 1.00 3.00 122.63
240.00 249.00 0.00 4.00 88.49
142.00 251.00 1.00 3.00 37.05
240.00 247.00 1.00 5.00 177.67
248.00 241.00 1.00 3.00 34.47
100.00 250.00 0.00 1.00 159.15
251.00 239.00 0.00 4.00 97.69
16.00 74.00 1.00 4.00 121.90
236.00 2.00 1.00 4.00 142.78
218.00 95.00 1.00 5.00 183.33
195.00 245.00 0.00 2.00 45.45
241.00 248.00 1.00 5.00 163.34
90.00 200.00 0.00 3.00 79.57
201.00 147.00 1.00 2.00 101.98
250.00 125.00 1.00 5.00 117.84
34.00 206.00 1.00 1.00 93.38
241.00 0.00 0.00 1.00 171.66
236.00 249.00 1.00 5.00 33.06
249.00 138.00 1.00 5.00 65.40
100.00 242.00 0.00 4.00 171.78
163.00 242.00 1.00 4.00 186.48
74.00 130.00 0.00 5.00 109.37
154.00 30.00 1.00 4.00 111.35
111.00 18.00 0.00 5.00 175.67
149.00 240.00 0.00 4.00 31.01
250.00 0.00 1.00 5.00 86.99
154.00 95.00 1.00 2.00 50.11
242.00 85.00 0.00 2.00 98.90
247.00 243.00 0.00 2.00 54.43
240.00 251.00 1.00 4.00 120.21
245.00 237.00 1.00 1.00 78.44
237.00 251.00 1.00 5.00 137.58
188.00 241.00 1.00 4.00 30.19
172.00 239.00 0.00 5.00 102.75
84.00 240.00 0.00 5.00 95.71
249.00 13.00 1.00 1.00 167.25
146.00 236.00 0.00 1.00 199.93
6.00 70.00 0.00 5.00 61.47
242.00 47.00 0.00 3.00 110.11
126.00 231.00 1.00 3.00 114.58
250.00 239.00 0.00 1.00 52.90
129.00 251.00 1.00 2.00 93.10
247.00 57.00 0.00 5.00 87.73
248.00 243.00 1.00 4.00 45.29
93.00 237.00 1.00 4.00 75.78
192.00 237.00 1.00 1.00 100.16
245.00 97.00 0.00 1.00 168.16
242.00 247.00 0.00 2.00 80.59
246.00 218.00 0.00 3.00 128.72
240.00 247.00 0.00 5.00 34.13
223.00 1.00 1.00 3.00 67.41
242.00 244.00 1.00 3.00 139.27
243.00 248.00 0.00 4.00 43.19
201.00 247.00 0.00 2.00 116.97
177.00 239.00 0.00 3.00 69.91
221.00 242.00 1.00 5.00 143.11
242.00 247.00 1.00 2.00 77.85
251.00 114.00 0.00 4.00 77.01
243.00 244.00 0.00 5.00 154.12
238.00 61.00 1.00 5.00 32.07
236.00 219.00 1.00 2.00 167.83
86.00 50.00 0.00 5.00 199.35
247.00 222.00 0.00 5.00 114.76
42.00 251.00 1.00 5.00 66.73
250.00 14.00 1.00 1.00 95.10
72.00 58.00 1.00 4.00 146.61
182.00 221.00 1.00 3.00 44.55
127.00 133.00 0.00 5.00 124.42
226.00 245.00 0.00 1.00 75.98
245.00 34.00 0.00 4.00 74.47
34.00 80.00 0.00 4.00 97.28
244.00 68.00 1.00 1.00 32.14
237.00 248.00 1.00 3.00 94.65
117.00 112.00 1.00 4.00 100.63
200.00 250.00 1.00 5.00 43.98
243.00 170.00 0.00 1.00 185.17
245.00 241.00 0.00 4.00 80.36
247.00 236.00 1.00 5.00 184.61
160.00 180.00 0.00 3.00 137.49
243.00 251.00 1.00 3.00 120.17
37.00 241.00 1.00 5.00 44.08
248.00 105.00 0.00 5.00 184.26
237.00 244.00 0.00 3.00 127.53
2.00 250.00 0.00 2.00 117.50
243.00 246.00 0.00 1.00 165.00
150.00 243.00 1.00 5.00 184.35
151.00 250.00 1.00 4.00 131.46
236.00 139.00 1.00 5.00 110.93
242.00 249.00 1.00 4.00 73.56
130.00 85.00 0.00 2.00 125.76
251.00 138.00 0.00 5.00 148.14
206.00 247.00 0.00 1.00 53.21
111.00 39.00 1.00 2.00 108.26
251.00 242.00 1.00 2.00 180.78
242.00 248.00 1.00 2.00 81.07
239.00 123.00 1.00 1.00 104.22
248.00 236.00 0.00 2.00 122.66
60.00 20.00 0.00 4.00 30.93
222.00 241.00 0.00 5.00 44.86
234.00 13.00 0.00 4.00 177.77
0.00 238.00 1.00 5.00 158.92
233.00 122.00 0.00 5.00 50.58
247.00 68.00 0.00 3.00 90.96
250.00 238.00 0.00 5.00 85.24
204.00 237.00 0.00 3.00 122.69
243.00 247.00 1.00 2.00 162.68
237.00 246.00 0.00 1.00 173.88
247.00 114.00 0.00 1.00 100.02
4.00 117.00 0.00 1.00 99.38
242.00 28.00 0.00 1.00 157.45
106.00 241.00 0.00 2.00 112.08
230.00 50.00 1.00 5.00 117.82
114.00 251.00 1.00 1.00 170.42
79.00 244.00 0.00 4.00 141.99
227.00 189.00 1.00 4.00 188.49
81.00 245.00 0.00 2.00 92.01
15.00 218.00 0.00 2.00 114.49
240.00 93.00 0.00 1.00 52.16
41.00 213.00 0.00 5.00 159.89
244.00 129.00 1.00 5.00 168.97
241.00 0.00 0.00 4.00 90.07
195.00 148.00 1.00 5.00 150.24
241.00 136.00 0.00 4.00 37.66
174.00 239.00 0.00 1.00 144.27
246.00 93.00 0.00 5.00 108.00
177.00 241.00 0.00 5.00 87.72
250.00 128.00 1.00 4.00 192.39
54.00 100.00 0.00 5.00 121.24
241.00 247.00 1.00 5.00 116.69
20.00 249.00 1.00 5.00 112.40
246.00 152.00 1.00 1.00 151.44
61.00 244.00 0.00 3.00 69.57
249.00 238.00 1.00 4.00 197.49
141.00 205.00 0.00 2.00 172.68
249.00 236.00 1.00 1.00 153.64
119.00 251.00 1.00 1.00 195.03
141.00 246.00 1.00 4.00 139.95
249.00 236.00 0.00 4.00 95.49
92.00 241.00 1.00 1.00 176.38
60.00 107.00 0.00 1.00 164.72
238.00 197.00 0.00 3.00 104.62
245.00 140.00 1.00 3.00 188.24
61.00 251.00 1.00 2.00 32.87
249.00 241.00 1.00 3.00 65.52
238.00 247.00 0.00 1.00 146.23
239.00 250.00 0.00 5.00 144.70
233.00 78.00 1.00 4.00 159.21
250.00 136.00 0.00 2.00 96.94
148.00 17.00 1.00 1.00 117.04
237.00 187.00 0.00 2.00 198.32
236.00 0.00 0.00 3.00 198.91
250.00 244.00 1.00 4.00 39.82
244.00 238.00 0.00 1.00 109.21
247.00 241.00 0.00 3.00 49.01
250.00 239.00 1.00 5.00 101.32
242.00 214.00 1.00 5.00 94.01
71.00 248.00 1.00 4.00 42.66
240.00 21.00 0.00 5.00 142.70
154.00 247.00 0.00 2.00 136.80
247.00 242.00 0.00 1.00 79.44
220.00 46.00 0.00 1.00 95.48
248.00 95.00 1.00 3.00 55.42
241.00 247.00 0.00 1.00 68.15
89.00 242.00 1.00 4.00 31.08
46.00 242.00 0.00 5.00 37.00
186.00 249.00 1.00 5.00 93.97
160.00 214.00 0.00 1.00 111.31
244.00 241.00 0.00 5.00 183.29
238.00 71.00 1.00 3.00 67.02
176.00 248.00 0.00 3.00 197.75
94.00 222.00 1.00 5.00 63.74
232.00 240.00 0.00 1.00 195.04
241.00 227.00 0.00 3.00 49.63
233.00 236.00 0.00 5.00 106.22
63.00 251.00 0.00 4.00 158.29
222.00 60.00 1.00 1.00 194.73
240.00 247.00 1.00 1.00 60.44
251.00 242.00 1.00 1.00 119.52
125.00 251.00 0.00 3.00 31.98
238.00 43.00 1.00 5.00 170.42
146.00 61.00 0.00 5.00 31.65
244.00 50.00 1.00 1.00 80.51
244.00 218.00 1.00 2.00 148.68
238.00 144.00 0.00 4.00 81.49
239.00 245.00 0.00 3.00 52.36
249.00 241.00 1.00 5.00 196.57
191.00 239.00 1.00 2.00 88.63
241.00 158.00 1.00 4.00 101.13
19.00 7.00 0.00 2.00 106.91
237.00 200.00 0.00 4.00 69.05
242.00 190.00 0.00 4.00 156.40
245.00 74.00 0.00 1.00 120.50
245.00 108.00 0.00 3.00 46.21
250.00 243.00 1.00 4.00 155.10
63.00 113.00 1.00 3.00 181.96
15.00 244.00 1.00 4.00 146.11
173.00 240.00 0.00 3.00 192.14
16.00 80.00 1.00 3.00 73.20
251.00 113.00 0.00 4.00 113.42
203.00 241.00 1.00 3.00 119.53
243.00 168.00 1.00 5.00 186.42
246.00 236.00 1.00 5.00 145.99
244.00 60.00 0.00 1.00 187.44
249.00 93.00 0.00 5.00 78.34
250.00 217.00 1.00 4.00 42.83
244.00 242.00 0.00 2.00 192.48
70.00 144.00 0.00 1.00 74.13
241.00 249.00 1.00 5.00 120.49
242.00 245.00 0.00 4.00 195.12
241.00 244.00 0.00 1.00 138.63
236.00 157.00 1.00 4.00 176.27
41.00 24.00 0.00 1.00 31.11
251.00 11.00 0.00 2.00 155.97
46.00 194.00 1.00 1.00 72.26
250.00 39.00 0.00 4.00 34.92
53.00 51.00 1.00 5.00 141.56
111.00 250.00 0.00 2.00 182.83
250.00 130.00 1.00 2.00 179.81
76.00 208.00 1.00 1.00 164.93
177.00 186.00 0.00 5.00 49.93
37.00 8.00 0.00 4.00 44.47
247.00 237.00 0.00 4.00 177.91
244.00 8.00 0.00 3.00 146.85
238.00 245.00 1.00 5.00 67.01
236.00 247.00 1.00 5.00 189.32
238.00 246.00 1.00 5.00 75.58
240.00 249.00 1.00 2.00 92.42
155.00 242.00 0.00 3.00 144.09
251.00 239.00 0.00 1.00 140.92
81.00 139.00 1.00 5.00 109.93
238.00 246.00 1.00 1.00 112.05
236.00 248.00 1.00 5.00 166.68
109.00 251.00 1.00 5.00 107.50
142.00 236.00 1.00 4.00 59.68
247.00 242.00 1.00 1.00 170.17
193.00 239.00 1.00 5.00 123.89
60.00 240.00 0.00 2.00 137.79
202.00 117.00 1.00 3.00 144.38
251.00 243.00 0.00 1.00 86.08
78.00 247.00 0.00 1.00 114.48
248.00 104.00 1.00 5.00 65.06
219.00 96.00 0.00 5.00 194.63
239.00 249.00 1.00 5.00 70.02
250.00 190.00 1.00 1.00 63.00
236.00 197.00 1.00 5.00 125.89
71.00 231.00 0.00 4.00 65.41
167.00 219.00 0.00 1.00 90.93
243.00 237.00 1.00 1.00 76.50
203.00 80.00 1.00 4.00 170.34
249.00 238.00 1.00 4.00 127.02
13.00 242.00 0.00 5.00 193.25
247.00 38.00 1.00 4.00 145.74
245.00 155.00 1.00 5.00 45.10
172.00 250.00 1.00 5.00 147.74
241.00 248.00 1.00 5.00 138.89
246.00 240.00 0.00 5.00 133.47
1.00 237.00 0.00 4.00 122.27
163.00 246.00 0.00 1.00 32.78
237.00 210.00 1.00 1.00 161.28
231.00 62.00 1.00 4.00 114.46
239.00 249.00 1.00 3.00 32.31
129.00 191.00 1.00 5.00 125.47
239.00 251.00 1.00 1.00 160.07
217.00 248.00 1.00 1.00 145.69
74.00 177.00 0.00 5.00 153.55
139.00 239.00 0.00 4.00 66.39
243.00 244.00 1.00 2.00 178.74
247.00 7.00 0.00 1.00 82.90
240.00 4.00 0.00 1.00 193.21
167.00 30.00 1.00 5.00 109.92
245.00 95.00 1.00 4.00 91.45
204.00 237.00 0.00 5.00 117.74
248.00 49.00 1.00 2.00 136.47
246.00 218.00 1.00 5.00 118.50
238.00 185.00 1.00 3.00 190.90
50.00 134.00 0.00 1.00 161.58
87.00 238.00 1.00 4.00 98.19
26.00 2.00 1.00 5.00 187.76
235.00 19.00 1.00 2.00 121.43
243.00 76.00 1.00 4.00 129.36
226.00 246.00 1.00 2.00 192.09
239.00 148.00 1.00 1.00 140.31
246.00 243.00 0.00 5.00 57.91
251.00 243.00 0.00 5.00 184.22
220.00 162.00 1.00 4.00 85.86
251.00 239.00 0.00 3.00 91.04
106.00 188.00 0.00 1.00 173.65
239.00 250.00 1.00 5.00 173.80
240.00 246.00 1.00 5.00 80.68
175.00 244.00 0.00 5.00 186.08
165.00 246.00 1.00 2.00 123.20
244.00 243.00 0.00 2.00 198.13
127.00 242.00 0.00 5.00 38.59
141.00 251.00 1.00 4.00 87.51
217.00 249.00 1.00 3.00 120.13
97.00 184.00 1.00 5.00 93.20
249.00 239.00 1.00 3.00 48.44
107.00 248.00 0.00 1.00 160.39
82.00 221.00 1.00 3.00 86.02
247.00 133.00 0.00 1.00 76.01
240.00 251.00 1.00 4.00 115.32
248.00 45.00 0.00 4.00 195.75
248.00 236.00 0.00 1.00 91.81
249.00 170.00 1.00 2.00 139.75
99.00 240.00 0.00 2.00 45.51
31.00 250.00 0.00 5.00 194.89
95.00 156.00 0.00 3.00 170.96
241.00 245.00 0.00 2.00 119.26
54.00 242.00 1.00 1.00 87.83
67.00 248.00 1.00 5.00 152.05
247.00 170.00 0.00 4.00 185.90
101.00 246.00 1.00 2.00 152.88
242.00 56.00 0.00 3.00 65.47
249.00 242.00 0.00 2.00 117.40
183.00 3.00 0.00 1.00 92.52
251.00 65.00 1.00 5.00 158.60
9.00 243.00 1.00 1.00 181.63
243.00 98.00 0.00 5.00 104.37
247.00 42.00 0.00 3.00 89.06
149.00 8.00 1.00 4.00 78.88
251.00 236.00 1.00 2.00 106.14
247.00 147.00 1.00 3.00 55.06
199.00 250.00 1.00 4.00 119.73
224.00 67.00 0.00 1.00 55.57
237.00 251.00 1.00 1.00 45.21
135.00 195.00 1.00 4.00 69.22
241.00 246.00 0.00 5.00 161.87
59.00 240.00 1.00 1.00 53.41
239.00 103.00 0.00 4.00 41.69
179.00 136.00 1.00 3.00 50.35
147.00 163.00 1.00 2.00 126.49
242.00 83.00 1.00 4.00 178.56
249.00 242.00 1.00 5.00 151.77
148.00 106.00 1.00 2.00 33.45
236.00 77.00 1.00 3.00 143.51
245.00 240.00 0.00 3.00 33.85
48.00 247.00 1.00 3.00 89.98
249.00 241.00 0.00 3.00 88.32
251.00 32.00 1.00 5.00 193.52
128.00 148.00 1.00 1.00 114.58
106.00 210.00 1.00 1.00 147.68
237.00 105.00 0.00 1.00 150.56
238.00 111.00 0.00 5.00 172.31
209.00 195.00 0.00 5.00 74.78
141.00 151.00 1.00 1.00 162.00
105.00 250.00 1.00 4.00 62.23
249.00 155.00 0.00 3.00 143.69
241.00 69.00 1.00 2.00 64.64
245.00 241.00 1.00 3.00 178.22
172.00 240.00 0.00 1.00 31.06
244.00 243.00 1.00 1.00 121.56
161.00 4.00 0.00 5.00 168.53
196.00 248.00 0.00 5.00 33.11
170.00 250.00 0.00 2.00 80.35
237.00 227.00 1.00 5.00 161.43
192.00 244.00 1.00 1.00 163.61
14.00 78.00 0.00 2.00 82.91
249.00 217.00 1.00 5.00 43.79
243.00 97.00 1.00 5.00 123.83
124.00 238.00 1.00 5.00 88.20
199.00 239.00 1.00 1.00 88.59
204.00 248.00 1.00 4.00 172.97
74.00 60.00 1.00 2.00 41.40
243.00 123.00 0.00 3.00 35.21
178.00 248.00 1.00 1.00 69.33
237.00 36.00 0.00 5.00 160.05
75.00 245.00 0.00 2.00 127.72
35.00 236.00 1.00 5.00 65.90
46.00 238.00 1.00 3.00 146.93
50.00 245.00 0.00 5.00 131.35
247.00 217.00 1.00 4.00 160.98
32.00 247.00 0.00 3.00 87.75
249.00 48.00 1.00 5.00 72.41
144.00 205.00 1.00 3.00 43.31
144.00 238.00 1.00 2.00 104.21
251.00 165.00 0.00 3.00 146.07
101.00 143.00 0.00 4.00 87.62
68.00 241.00 0.00 4.00 32.96
242.00 136.00 0.00 4.00 32.24
248.00 240.00 1.00 2.00 181.56
248.00 242.00 0.00 5.00 116.59
251.00 239.00 1.00 5.00 121.72
41.00 248.00 1.00 2.00 44.96
174.00 116.00 0.00 1.00 154.22
127.00 146.00 0.00 4.00 104.16
175.00 238.00 0.00 5.00 173.86
47.00 240.00 0.00 5.00 186.41
242.00 245.00 0.00 5.00 145.42
240.00 165.00 0.00 3.00 70.15
233.00 9.00 1.00 2.00 32.40
132.00 236.00 1.00 1.00 159.61
239.00 249.00 1.00 4.00 189.71
240.00 134.00 0.00 5.00 195.26
250.00 238.00 1.00 2.00 130.44
247.00 98.00 1.00 1.00 94.19
251.00 218.00 1.00 2.00 40.22
16.00 251.00 1.00 5.00 40.16
237.00 243.00 0.00 1.00 47.93
140.00 249.00 1.00 5.00 49.74
205.00 137.00 1.00 4.00 171.78
64.00 181.00 1.00 3.00 90.17
238.00 89.00 1.00 4.00 196.25
232.00 251.00 1.00 1.00 32.07
241.00 89.00 1.00 4.00 184.92
249.00 221.00 1.00 4.00 118.65
249.00 173.00 0.00 4.00 145.44
20.00 191.00 0.00 3.00 99.53
247.00 122.00 1.00 2.00 179.00
239.00 171.00 0.00 1.00 193.34
20.00 123.00 1.00 3.00 122.23
247.00 236.00 0.00 1.00 154.82
250.00 238.00 1.00 5.00 177.70
239.00 180.00 0.00 1.00 169.01
148.00 37.00 0.00 2.00 180.16
237.00 115.00 1.00 5.00 104.91
242.00 249.00 0.00 5.00 156.08
244.00 179.00 0.00 5.00 113.44
106.00 84.00 0.00 1.00 87.96
245.00 242.00 0.00 2.00 96.44
72.00 170.00 0.00 2.00 69.35
242.00 236.00 1.00 5.00 193.39
130.00 251.00 1.00 5.00 189.28
241.00 251.00 1.00 5.00 101.78
238.00 244.00 0.00 5.00 165.66
128.00 238.00 0.00 4.00 69.87
249.00 214.00 0.00 2.00 96.33
89.00 203.00 0.00 5.00 72.47
55.00 250.00 1.00 4.00 83.37
247.00 112.00 0.00 5.00 171.99
72.00 247.00 0.00 5.00 79.18
247.00 61.00 0.00 2.00 126.33
248.00 115.00 0.00 5.00 191.32
154.00 239.00 0.00 2.00 64.22
250.00 191.00 1.00 5.00 157.36
236.00 250.00 1.00 1.00 165.53
244.00 96.00 1.00 1.00 182.78
203.00 251.00 0.00 3.00 77.58
105.00 233.00 1.00 4.00 188.78
237.00 245.00 1.00 3.00 159.45
89.00 251.00 0.00 2.00 31.74
181.00 38.00 1.00 4.00 32.73
84.00 246.00 0.00 2.00 158.64
232.00 106.00 1.00 4.00 196.16
250.00 137.00 1.00 5.00 163.42
199.00 230.00 0.00 5.00 122.71
238.00 52.00 1.00 3.00 124.50
249.00 105.00 0.00 1.00 49.25
250.00 236.00 1.00 3.00 77.25
251.00 245.00 0.00 1.00 164.86
243.00 244.00 0.00 1.00 70.78
137.00 242.00 1.00 3.00 92.00
185.00 243.00 0.00 1.00 161.42
117.00 247.00 0.00 1.00 183.75
237.00 243.00 1.00 2.00 150.97
251.00 53.00 0.00 4.00 48.46
248.00 38.00 0.00 4.00 62.40
192.00 75.00 0.00 3.00 53.05
238.00 251.00 0.00 1.00 131.92
245.00 236.00 1.00 1.00 184.67
249.00 46.00 0.00 3.00 87.34
237.00 250.00 0.00 1.00 150.68
62.00 238.00 1.00 3.00 120.86
176.00 242.00 1.00 4.00 53.10
249.00 154.00 1.00 5.00 193.86
13.00 249.00 0.00 1.00 99.60
165.00 70.00 1.00 5.00 98.76
240.00 244.00 1.00 3.00 198.93
251.00 240.00 0.00 5.00 114.12
237.00 251.00 1.00 2.00 141.61
97.00 1.00 1.00 1.00 148.02
238.00 249.00 1.00 4.00 160.20
249.00 237.00 1.00 3.00 174.24
248.00 239.00 1.00 2.00 192.07
130.00 250.00 1.00 1.00 142.60
91.00 18.00 0.00 4.00 92.63
37.00 110.00 0.00 3.00 68.55
145.00 232.00 1.00 3.00 185.00
191.00 245.00 1.00 3.00 108.23
239.00 248.00 1.00 1.00 67.62
243.00 251.00 1.00 4.00 179.08
238.00 249.00 0.00 4.00 97.50
241.00 247.00 1.00 2.00 68.50
251.00 134.00 0.00 5.00 59.12
204.00 243.00 1.00 5.00 37.73
238.00 100.00 0.00 5.00 188.81
236.00 243.00 0.00 2.00 164.13
243.00 3.00 0.00 5.00 36.33
242.00 203.00 1.00 3.00 98.88
116.00 215.00 0.00 5.00 78.28
94.00 119.00 1.00 2.00 129.48
248.00 242.00 0.00 3.00 68.56
116.00 220.00 1.00 4.00 56.18
45.00 172.00 0.00 2.00 41.89
244.00 242.00 0.00 2.00 68.71
242.00 228.00 0.00 2.00 41.80
250.00 241.00 0.00 3.00 62.11
42.00 247.00 1.00 5.00 66.65
113.00 31.00 0.00 5.00 146.87
188.00 249.00 1.00 4.00 183.08
236.00 250.00 0.00 4.00 168.56
246.00 243.00 0.00 3.00 166.93
243.00 40.00 1.00 5.00 38.25
5.00 77.00 1.00 4.00 72.65
241.00 186.00 1.00 4.00 61.53
85.00 249.00 0.00 1.00 47.43
251.00 238.00 1.00 2.00 75.78
241.00 245.00 1.00 5.00 111.89
109.00 157.00 0.00 3.00 128.96
244.00 238.00 0.00 5.00 175.04
211.00 89.00 0.00 5.00 176.77
213.00 250.00 1.00 2.00 117.11
244.00 167.00 1.00 3.00 103.02
119.00 241.00 1.00 5.00 149.68
248.00 243.00 1.00 1.00 162.81
241.00 124.00 1.00 2.00 177.20
81.00 45.00 1.00 5.00 199.34
246.00 155.00 0.00 4.00 162.29
250.00 3.00 0.00 5.00 141.43
250.00 236.00 0.00 4.00 137.91
222.00 242.00 1.00 5.00 153.90
246.00 236.00 0.00 4.00 62.61
247.00 237.00 0.00 4.00 64.41
238.00 158.00 0.00 1.00 182.79
236.00 243.00 1.00 5.00 161.02
244.00 33.00 1.00 1.00 99.13
248.00 137.00 0.00 3.00 119.64
225.00 236.00 0.00 3.00 111.76
245.00 37.00 1.00 1.00 171.84
145.00 98.00 0.00 5.00 170.69
240.00 245.00 1.00 2.00 140.31
99.00 245.00 0.00 2.00 139.82
223.00 251.00 1.00 5.00 125.24
238.00 251.00 0.00 1.00 59.46
81.00 26.00 0.00 5.00 174.33
84.00 17.00 0.00 2.00 96.11
115.00 249.00 1.00 4.00 75.28
239.00 136.00 1.00 5.00 99.84
238.00 95.00 0.00 4.00 140.09
14.00 22.00 1.00 3.00 63.76
239.00 247.00 1.00 2.00 38.40
250.00 242.00 1.00 2.00 199.80
142.00 249.00 0.00 3.00 138.70
242.00 251.00 1.00 3.00 83.13
248.00 106.00 1.00 1.00 170.72
237.00 114.00 0.00 4.00 199.23
251.00 85.00 1.00 5.00 30.03
229.00 63.00 0.00 1.00 68.28
236.00 235.00 1.00 4.00 87.49
246.00 78.00 0.00 2.00 111.14
241.00 83.00 1.00 1.00 119.20
241.00 251.00 0.00 3.00 119.41
241.00 160.00 1.00 2.00 163.63
240.00 127.00 1.00 5.00 86.02
12.00 241.00 0.00 4.00 71.18
248.00 107.00 1.00 4.00 63.54
107.00 245.00 0.00 4.00 81.76
243.00 251.00 1.00 2.00 146.12
251.00 141.00 1.00 3.00 34.42
170.00 242.00 1.00 5.00 121.84
242.00 162.00 0.00 3.00 43.76
33.00 99.00 0.00 4.00 122.11
249.00 82.00 1.00 4.00 164.24
168.00 80.00 0.00 2.00 165.98
240.00 248.00 1.00 5.00 173.90
156.00 128.00 1.00 5.00 155.13
245.00 237.00 1.00 5.00 110.86
144.00 38.00 0.00 5.00 168.68
191.00 238.00 0.00 1.00 91.28
242.00 235.00 1.00 2.00 178.86
251.00 244.00 1.00 2.00 133.43
244.00 164.00 1.00 4.00 148.49
31.00 217.00 0.00 5.00 66.87
220.00 242.00 0.00 1.00 98.72
238.00 244.00 1.00 3.00 169.07
241.00 244.00 0.00 2.00 89.36
202.00 237.00 0.00 5.00 73.19
22.00 148.00 1.00 1.00 92.39
138.00 241.00 0.00 1.00 113.45
75.00 218.00 1.00 5.00 166.99
150.00 3.00 0.00 5.00 40.41
250.00 240.00 0.00 5.00 79.32
110.00 241.00 0.00 4.00 96.77
240.00 248.00 1.00 1.00 53.63
237.00 119.00 1.00 1.00 131.74
249.00 240.00 1.00 2.00 177.93
238.00 250.00 0.00 5.00 122.13
131.00 104.00 1.00 1.00 134.61
246.00 241.00 1.00 1.00 156.21
239.00 246.00 1.00 2.00 88.94
247.00 242.00 1.00 5.00 68.21
82.00 108.00 0.00 3.00 160.20
194.00 128.00 0.00 1.00 83.76
238.00 246.00 1.00 1.00 159.36
239.00 245.00 1.00 3.00 33.93
250.00 242.00 0.00 4.00 155.64
251.00 243.00 0.00 4.00 69.52
250.00 237.00 1.00 5.00 169.57
216.00 195.00 1.00 4.00 105.12
246.00 242.00 1.00 4.00 31.44
238.00 164.00 0.00 1.00 178.72
100.00 151.00 0.00 2.00 152.87
114.00 180.00 0.00 4.00 38.95
250.00 105.00 1.00 2.00 78.28
50.00 162.00 1.00 1.00 104.25
202.00 190.00 1.00 5.00 75.35
98.00 237.00 0.00 5.00 158.00
240.00 103.00 0.00 4.00 142.33
244.00 168.00 1.00 4.00 94.05
243.00 211.00 0.00 2.00 79.79
168.00 123.00 1.00 1.00 33.77
238.00 251.00 1.00 2.00 71.38
241.00 248.00 0.00 3.00 187.29
248.00 31.00 1.00 3.00 140.97
21.00 219.00 1.00 3.00 149.50
114.00 39.00 1.00 3.00 67.23
105.00 243.00 0.00 5.00 55.83
250.00 238.00 1.00 1.00 60.80
209.00 214.00 0.00 5.00 103.27
251.00 56.00 0.00 3.00 129.56
238.00 231.00 0.00 1.00 188.88
251.00 243.00 1.00 3.00 167.57
30.00 245.00 0.00 1.00 97.26
150.00 246.00 1.00 3.00 199.49
94.00 163.00 0.00 2.00 188.22
45.00 194.00 0.00 1.00 179.79
243.00 78.00 1.00 2.00 67.29
132.00 249.00 1.00 4.00 129.46
238.00 213.00 1.00 4.00 190.46
238.00 247.00 1.00 2.00 176.45
246.00 239.00 1.00 2.00 158.58
192.00 180.00 1.00 1.00 59.32
236.00 248.00 0.00 4.00 65.62
187.00 35.00 1.00 2.00 138.71
243.00 245.00 0.00 5.00 163.91
13.00 249.00 0.00 4.00 79.59
156.00 241.00 1.00 4.00 136.85
236.00 7.00 1.00 5.00 129.83
238.00 250.00 0.00 1.00 101.64
166.00 243.00 0.00 3.00 191.39
81.00 215.00 1.00 3.00 165.17
240.00 245.00 1.00 5.00 67.85
3.00 133.00 1.00 4.00 146.24
244.00 240.00 1.00 5.00 195.31
250.00 240.00 0.00 3.00 43.73
48.00 62.00 0.00 3.00 175.68
32.00 251.00 0.00 3.00 40.77
238.00 234.00 1.00 3.00 93.39
91.00 203.00 1.00 1.00 186.01
244.00 34.00 1.00 2.00 50.47
243.00 244.00 1.00 1.00 121.95
49.00 212.00 0.00 1.00 124.06
205.00 154.00 0.00 1.00 188.70
130.00 239.00 1.00 1.00 103.35
230.00 26.00 0.00 4.00 189.23
125.00 226.00 0.00 1.00 167.82
236.00 164.00 1.00 4.00 153.73
136.00 1.00 1.00 3.00 157.42
35.00 209.00 1.00 3.00 109.63
233.00 209.00 1.00 1.00 51.09
238.00 244.00 1.00 4.00 65.25
236.00 243.00 0.00 1.00 78.01
248.00 48.00 0.00 5.00 120.28
99.00 247.00 1.00 2.00 34.15
127.00 250.00 0.00 4.00 62.93
45.00 196.00 1.00 4.00 96.21
249.00 237.00 1.00 1.00 64.88
247.00 155.00 0.00 1.00 112.50
239.00 2.00 0.00 2.00 139.81
160.00 93.00 1.00 1.00 97.42
236.00 249.00 1.00 3.00 115.95
240.00 244.00 0.00 5.00 156.96
79.00 229.00 0.00 3.00 189.66
244.00 233.00 0.00 4.00 177.28
174.00 38.00 1.00 3.00 52.19
116.00 241.00 1.00 4.00 193.94
110.00 55.00 1.00 1.00 106.51
248.00 239.00 0.00 2.00 128.70
238.00 247.00 0.00 1.00 117.80
245.00 238.00 1.00 2.00 79.70
65.00 0.00 0.00 5.00 193.29
104.00 12.00 1.00 1.00 162.20
128.00 247.00 1.00 3.00 97.21
242.00 251.00 0.00 1.00 175.83
32.00 15.00 0.00 5.00 129.65
243.00 62.00 1.00 2.00 159.83
191.00 175.00 1.00 2.00 185.91
108.00 237.00 1.00 1.00 184.95
193.00 237.00 1.00 1.00 100.91
81.00 183.00 0.00 1.00 101.66
249.00 173.00 0.00 2.00 144.27
242.00 245.00 1.00 5.00 82.09
246.00 198.00 0.00 1.00 86.16
76.00 62.00 1.00 3.00 56.03
244.00 135.00 0.00 5.00 64.23
193.00 242.00 1.00 3.00 189.62
244.00 237.00 1.00 3.00 184.54
242.00 236.00 1.00 2.00 68.88
250.00 102.00 0.00 1.00 42.25
67.00 246.00 1.00 1.00 171.27
210.00 182.00 1.00 3.00 175.95
238.00 244.00 0.00 2.00 77.61
223.00 175.00 0.00 1.00 58.24
205.00 248.00 1.00 2.00 74.64
247.00 238.00 1.00 1.00 70.10
247.00 241.00 0.00 1.00 30.68
240.00 250.00 1.00 1.00 152.02
240.00 190.00 0.00 2.00 77.84
243.00 117.00 1.00 3.00 96.36
243.00 217.00 1.00 2.00 173.39
54.00 239.00 0.00 4.00 43.79
251.00 207.00 1.00 1.00 60.97
223.00 238.00 0.00 5.00 65.07
248.00 27.00 0.00 5.00 112.57
54.00 109.00 0.00 4.00 82.25
44.00 240.00 1.00 5.00 162.84
236.00 246.00 1.00 3.00 84.01
244.00 241.00 1.00 1.00 123.94
11.00 214.00 0.00 5.00 131.08
242.00 230.00 1.00 2.00 166.07
251.00 37.00 1.00 5.00 120.76
245.00 240.00 1.00 4.00 71.09
69.00 115.00 0.00 1.00 103.30
91.00 236.00 0.00 2.00 72.48
237.00 246.00 0.00 1.00 96.27
251.00 244.00 1.00 2.00 135.94
248.00 240.00 1.00 5.00 103.50
160.00 64.00 0.00 1.00 132.93
246.00 236.00 1.00 5.00 118.04
247.00 205.00 0.00 4.00 109.78
131.00 107.00 1.00 3.00 62.74
122.00 239.00 1.00 2.00 191.64
238.00 7.00 0.00 2.00 185.65
40.00 245.00 0.00 5.00 155.10
90.00 243.00 1.00 3.00 84.97
242.00 175.00 1.00 5.00 150.87
46.00 244.00 1.00 3.00 116.44
238.00 251.00 0.00 2.00 47.91
115.00 191.00 0.00 5.00 124.19
238.00 244.00 1.00 2.00 41.71
241.00 9.00 0.00 1.00 91.44
26.00 249.00 0.00 4.00 150.79
4.00 14.00 0.00 4.00 141.54
247.00 164.00 0.00 3.00 57.56
242.00 250.00 1.00 4.00 121.44
138.00 170.00 0.00 1.00 45.20
214.00 240.00 1.00 4.00 179.10
237.00 172.00 0.00 4.00 97.18
239.00 248.00 0.00 1.00 82.31
101.00 208.00 0.00 3.00 138.71
159.00 135.00 0.00 5.00 134.88
155.00 177.00 1.00 3.00 188.79
39.00 244.00 1.00 3.00 55.51
241.00 41.00 0.00 5.00 151.79
72.00 238.00 0.00 3.00 120.10
64.00 246.00 1.00 3.00 48.48
94.00 236.00 1.00 3.00 149.45
130.00 249.00 1.00 1.00 129.79
205.00 30.00 0.00 1.00 81.17
158.00 11.00 1.00 1.00 136.38
74.00 248.00 1.00 1.00 58.16
243.00 83.00 0.00 2.00 35.31
95.00 241.00 1.00 3.00 119.39
173.00 249.00 1.00 2.00 48.96
246.00 144.00 1.00 3.00 191.86
74.00 238.00 0.00 1.00 57.26
248.00 243.00 1.00 5.00 144.17
248.00 3.00 1.00 3.00 193.19
192.00 131.00 1.00 2.00 51.25
245.00 243.00 0.00 2.00 143.33
10.00 240.00 0.00 5.00 58.99
91.00 179.00 1.00 5.00 54.21
242.00 230.00 1.00 2.00 110.81
240.00 244.00 0.00 4.00 168.36
244.00 236.00 0.00 1.00 165.93
107.00 100.00 1.00 3.00 57.14
247.00 237.00 1.00 4.00 109.99
99.00 135.00 1.00 2.00 156.75
242.00 244.00 1.00 5.00 75.72
242.00 188.00 0.00 3.00 118.54
237.00 243.00 1.00 2.00 164.60
102.00 241.00 0.00 4.00 193.08
92.00 246.00 0.00 4.00 101.96
245.00 240.00 0.00 4.00 37.15
5.00 237.00 1.00 2.00 105.27
171.00 211.00 0.00 4.00 172.63
148.00 82.00 1.00 1.00 164.11
23.00 150.00 1.00 1.00 67.29
236.00 167.00 1.00 1.00 95.04
78.00 246.00 0.00 5.00 123.41
217.00 251.00 1.00 3.00 151.02
146.00 249.00 1.00 4.00 171.97
244.00 201.00 0.00 2.00 157.27
248.00 241.00 0.00 3.00 189.96
236.00 251.00 0.00 1.00 197.25
126.00 239.00 0.00 2.00 102.64
245.00 5.00 1.00 3.00 82.52
30.00 230.00 0.00 4.00 160.30
134.00 22.00 0.00 5.00 53.13
163.00 95.00 1.00 5.00 140.24
241.00 244.00 0.00 1.00 102.61
240.00 245.00 0.00 5.00 64.73
105.00 243.00 1.00 4.00 104.02
146.00 125.00 0.00 4.00 52.58
249.00 238.00 0.00 1.00 145.38
243.00 245.00 0.00 4.00 48.60
247.00 241.00 1.00 3.00 137.13
249.00 176.00 0.00 4.00 194.02
81.00 239.00 1.00 1.00 170.25
62.00 244.00 1.00 2.00 165.27
249.00 240.00 0.00 5.00 108.39
117.00 243.00 0.00 3.00 183.69
240.00 251.00 1.00 5.00 182.24
243.00 168.00 0.00 2.00 199.77
115.00 204.00 1.00 2.00 55.51
251.00 245.00 1.00 5.00 102.49
11.00 237.00 1.00 5.00 153.20
41.00 14.00 1.00 5.00 181.38
241.00 44.00 1.00 5.00 161.40
250.00 0.00 1.00 2.00 156.01
238.00 249.00 0.00 1.00 152.10
250.00 240.00 0.00 4.00 192.48
250.00 233.00 0.00 2.00 192.28
79.00 205.00 1.00 1.00 55.93
137.00 246.00 0.00 1.00 120.09
237.00 246.00 0.00 4.00 92.30
240.00 248.00 1.00 2.00 39.19
244.00 128.00 0.00 1.00 79.61
242.00 92.00 0.00 2.00 50.27
83.00 237.00 0.00 5.00 79.53
61.00 14.00 1.00 4.00 102.32
238.00 250.00 0.00 4.00 78.93
61.00 12.00 1.00 2.00 49.43
71.00 112.00 0.00 2.00 62.48
161.00 238.00 0.00 5.00 133.24
243.00 251.00 0.00 3.00 188.19
61.00 204.00 0.00 4.00 186.17
240.00 56.00 0.00 4.00 63.17
43.00 109.00 0.00 3.00 84.20
171.00 244.00 0.00 5.00 190.70
6.00 245.00 1.00 5.00 89.76
239.00 201.00 0.00 5.00 169.16
1.00 244.00 1.00 4.00 58.13
247.00 219.00 1.00 1.00 71.94
9.00 251.00 1.00 2.00 184.70
249.00 243.00 1.00 5.00 35.81
238.00 76.00 1.00 3.00 73.90
79.00 173.00 0.00 3.00 82.85
139.00 193.00 1.00 3.00 146.25
240.00 72.00 0.00 3.00 85.18
239.00 244.00 0.00 5.00 172.28
177.00 21.00 0.00 1.00 131.49
73.00 250.00 0.00 2.00 59.81
249.00 241.00 0.00 5.00 63.67
56.00 248.00 0.00 5.00 107.90
249.00 200.00 1.00 1.00 194.34
241.00 245.00 1.00 2.00 181.88
242.00 50.00 1.00 5.00 58.70
176.00 246.00 1.00 4.00 164.32
167.00 76.00 1.00 2.00 31.07
177.00 248.00 1.00 4.00 58.03
250.00 240.00 0.00 4.00 194.01
240.00 16.00 0.00 4.00 65.59
249.00 238.00 0.00 3.00 85.17
94.00 250.00 0.00 1.00 171.28
243.00 152.00 1.00 5.00 190.07
238.00 251.00 1.00 5.00 79.12
243.00 249.00 1.00 4.00 111.84
214.00 129.00 0.00 2.00 104.22
247.00 238.00 1.00 3.00 140.31
243.00 111.00 0.00 3.00 114.67
240.00 79.00 0.00 1.00 72.87
247.00 242.00 1.00 3.00 71.11
72.00 250.00 0.00 3.00 197.11
242.00 250.00 1.00 3.00 165.56
241.00 233.00 1.00 3.00 71.11
0.00 251.00 1.00 1.00 111.73
63.00 245.00 0.00 2.00 122.23
247.00 243.00 1.00 5.00 176.54
240.00 250.00 1.00 4.00 51.41
249.00 241.00 0.00 2.00 94.01
158.00 33.00 1.00 5.00 86.38
240.00 245.00 0.00 2.00 190.95
178.00 247.00 0.00 5.00 39.02
247.00 17.00 1.00 4.00 187.97
242.00 247.00 1.00 3.00 55.13
242.00 250.00 0.00 4.00 192.15
15.00 251.00 0.00 1.00 143.87
78.00 242.00 0.00 4.00 64.74
238.00 249.00 0.00 2.00 198.60
250.00 240.00 1.00 2.00 197.97
236.00 248.00 0.00 2.00 174.12
238.00 133.00 1.00 5.00 176.92
69.00 227.00 0.00 1.00 193.25
246.00 104.00 1.00 2.00 105.54
248.00 240.00 1.00 3.00 176.25
240.00 249.00 1.00 3.00 188.80
80.00 43.00 0.00 3.00 99.56
183.00 236.00 0.00 3.00 181.46
237.00 86.00 1.00 3.00 132.36
89.00 246.00 1.00 1.00 162.55
243.00 236.00 1.00 5.00 83.64
242.00 74.00 1.00 4.00 43.50
242.00 128.00 0.00 1.00 76.82
247.00 237.00 0.00 4.00 34.36
199.00 241.00 1.00 5.00 34.67
244.00 127.00 0.00 4.00 45.05
170.00 241.00 1.00 5.00 155.39
240.00 224.00 1.00 2.00 176.29
238.00 147.00 0.00 4.00 54.09
218.00 247.00 1.00 3.00 178.59
241.00 247.00 0.00 5.00 107.70
173.00 245.00 1.00 1.00 35.84
237.00 243.00 1.00 4.00 41.77
30.00 250.00 1.00 3.00 94.34
242.00 137.00 1.00 2.00 35.30
240.00 244.00 0.00 3.00 50.86
238.00 15.00 1.00 4.00 139.47
239.00 248.00 1.00 1.00 190.15
219.00 15.00 0.00 3.00 34.13
66.00 165.00 0.00 3.00 82.12
251.00 238.00 1.00 1.00 37.78
245.00 238.00 1.00 2.00 160.97
205.00 248.00 0.00 3.00 129.83
240.00 162.00 0.00 1.00 99.25
249.00 239.00 0.00 1.00 144.01
236.00 248.00 1.00 5.00 136.42
59.00 251.00 1.00 1.00 108.71
211.00 249.00 0.00 4.00 141.07
246.00 237.00 1.00 4.00 42.70
245.00 242.00 0.00 1.00 199.36
124.00 100.00 0.00 5.00 165.77
245.00 237.00 1.00 3.00 131.96
239.00 245.00 1.00 1.00 183.55
148.00 187.00 1.00 1.00 88.99
10.00 249.00 1.00 4.00 164.26
57.00 210.00 1.00 4.00 199.18
246.00 242.00 1.00 4.00 43.58
251.00 239.00 0.00 3.00 145.59
0.00 117.00 0.00 3.00 108.00
61.00 247.00 0.00 1.00 198.37
239.00 244.00 0.00 1.00 117.98
245.00 240.00 1.00 5.00 87.61
240.00 68.00 1.00 2.00 53.83
151.00 21.00 0.00 2.00 76.81
28.00 103.00 1.00 5.00 101.33
152.00 240.00 0.00 1.00 87.62
35.00 250.00 1.00 5.00 185.19
251.00 243.00 1.00 2.00 198.55
231.00 246.00 0.00 5.00 142.28
246.00 242.00 1.00 4.00 137.63
90.00 223.00 1.00 4.00 152.63
45.00 122.00 0.00 2.00 181.82
62.00 245.00 0.00 1.00 174.09
242.00 236.00 0.00 4.00 88.72
34.00 136.00 0.00 2.00 103.09
207.00 134.00 0.00 3.00 116.91
250.00 114.00 1.00 4.00 111.20
116.00 246.00 0.00 3.00 136.41
66.00 237.00 1.00 2.00 133.38
106.00 239.00 0.00 1.00 170.43
162.00 237.00 1.00 3.00 73.75
251.00 238.00 1.00 3.00 166.89
86.00 238.00 1.00 3.00 138.46
249.00 238.00 1.00 1.00 49.08
164.00 119.00 1.00 3.00 196.34
238.00 198.00 0.00 5.00 195.71
44.00 241.00 0.00 2.00 149.78
236.00 247.00 1.00 4.00 48.19
9.00 99.00 1.00 2.00 109.24
135.00 156.00 0.00 5.00 122.47
227.00 251.00 1.00 4.00 81.15
244.00 242.00 1.00 4.00 191.41
219.00 11.00 1.00 5.00 181.36
239.00 245.00 0.00 3.00 174.37
33.00 13.00 1.00 1.00 99.49
238.00 246.00 1.00 1.00 181.40
241.00 208.00 0.00 5.00 174.86
250.00 132.00 1.00 3.00 82.80
191.00 48.00 0.00 1.00 92.68
246.00 186.00 0.00 3.00 41.52
237.00 249.00 1.00 4.00 43.75
251.00 237.00 1.00 2.00 129.40
237.00 251.00 0.00 4.00 196.56
106.00 79.00 1.00 1.00 37.35
250.00 149.00 1.00 3.00 154.70
79.00 243.00 0.00 5.00 109.65
237.00 100.00 1.00 5.00 57.51
143.00 136.00 0.00 1.00 86.07
147.00 241.00 0.00 1.00 94.67
168.00 240.00 0.00 3.00 76.81
72.00 7.00 0.00 2.00 57.33
244.00 236.00 0.00 5.00 117.22
250.00 243.00 0.00 4.00 131.44
251.00 127.00 1.00 2.00 110.57
195.00 246.00 0.00 2.00 114.87
241.00 248.00 0.00 3.00 121.52
110.00 74.00 0.00 1.00 142.04
240.00 105.00 0.00 5.00 74.31
240.00 250.00 1.00 4.00 123.33
73.00 243.00 0.00 5.00 75.52
240.00 199.00 1.00 1.00 159.96
227.00 101.00 0.00 1.00 118.33
17.00 240.00 0.00 3.00 134.19
205.00 15.00 1.00 1.00 37.50
239.00 250.00 1.00 5.00 159.65
240.00 249.00 0.00 4.00 142.42
239.00 39.00 0.00 5.00 113.41
250.00 237.00 1.00 3.00 155.84
50.00 224.00 1.00 4.00 94.79
240.00 69.00 0.00 5.00 120.54
249.00 236.00 1.00 3.00 109.46
246.00 241.00 1.00 4.00 135.13
193.00 250.00 1.00 3.00 30.28
250.00 242.00 0.00 2.00 63.58
244.00 242.00 1.00 3.00 58.21
115.00 191.00 1.00 3.00 120.66
76.00 249.00 1.00 3.00 52.49
251.00 111.00 0.00 5.00 64.78
247.00 94.00 0.00 3.00 81.00
246.00 161.00 0.00 1.00 55.25
245.00 96.00 1.00 3.00 174.76
237.00 246.00 1.00 3.00 83.98
249.00 240.00 1.00 2.00 166.74
239.00 249.00 1.00 5.00 80.46
236.00 145.00 1.00 3.00 32.99
241.00 98.00 1.00 5.00 133.71
241.00 247.00 1.00 4.00 189.03
248.00 167.00 1.00 2.00 152.50
131.00 126.00 0.00 2.00 110.87
249.00 241.00 1.00 2.00 73.61
137.00 11.00 1.00 1.00 99.31
43.00 70.00 0.00 3.00 79.94
238.00 37.00 1.00 1.00 102.88
114.00 247.00 0.00 5.00 115.72
165.00 244.00 0.00 5.00 59.35
197.00 248.00 0.00 3.00 85.20
106.00 245.00 0.00 5.00 104.82
248.00 240.00 0.00 5.00 51.13
199.00 103.00 0.00 3.00 114.02
244.00 238.00 0.00 1.00 67.32
219.00 248.00 0.00 2.00 58.10
240.00 230.00 0.00 1.00 35.65
87.00 216.00 1.00 2.00 48.15
189.00 241.00 1.00 2.00 108.69
237.00 56.00 0.00 5.00 141.94
101.00 72.00 1.00 3.00 156.50
170.00 176.00 0.00 5.00 98.37
156.00 249.00 0.00 4.00 123.36
249.00 134.00 0.00 2.00 150.08
243.00 112.00 0.00 1.00 171.18
244.00 198.00 0.00 1.00 138.96
4.00 85.00 0.00 2.00 166.26
48.00 251.00 0.00 2.00 51.26
14.00 246.00 1.00 5.00 136.39
37.00 240.00 1.00 5.00 130.56
240.00 117.00 1.00 3.00 56.43
97.00 111.00 1.00 2.00 191.94
246.00 181.00 0.00 3.00 199.01
134.00 156.00 0.00 2.00 77.07
0.00 47.00 0.00 2.00 169.36
