197.00 103.00 0.00 3.00 137.18
3.00 225.00 1.00 2.00 147.52
239.00 251.00 0.00 5.00 81.45
244.00 242.00 1.00 4.00 163.50
214.00 5.00 1.00 3.00 71.32
244.00 163.00 0.00 5.00 193.06
247.00 241.00 0.00 1.00 71.15
184.00 251.00 0.00 4.00 54.92
244.00 243.00 0.00 1.00 157.23
170.00 236.00 0.00 2.00 163.25
242.00 9.00 0.00 3.00 91.42
243.00 115.00 1.00 5.00 173.59
238.00 246.00 0.00 4.00 151.12
242.00 248.00 1.00 2.00 115.45
3.00 251.00 1.00 4.00 150.58
48.00 236.00 0.00 1.00 121.10
223.00 248.00 0.00 1.00 87.77
179.00 245.00 1.00 3.00 60.22
251.00 33.00 0.00 2.00 198.11
239.00 38.00 1.00 4.00 183.53
244.00 239.00 0.00 3.00 148.57
49.00 239.00 1.00 2.00 104.05
238.00 110.00 1.00 5.00 129.13
236.00 74.00 0.00 3.00 81.86
240.00 57.00 1.00 3.00 120.63
190.00 10.00 0.00 4.00 48.10
147.00 248.00 1.00 4.00 177.14
12.00 89.00 1.00 4.00 72.32
241.00 14.00 1.00 4.00 107.27
72.00 243.00 0.00 3.00 147.58
34.00 8.00 0.00 2.00 112.60
249.00 49.00 1.00 3.00 127.63
20.00 159.00 1.00 5.00 157.85
234.00 173.00 1.00 5.00 146.94
91.00 18.00 0.00 5.00 126.58
251.00 91.00 0.00 1.00 149.87
141.00 203.00 1.00 3.00 195.17
86.00 175.00 0.00 5.00 32.65
240.00 220.00 1.00 1.00 84.32
249.00 28.00 1.00 1.00 162.44
65.00 8.00 0.00 2.00 72.77
242.00 178.00 1.00 2.00 181.20
247.00 239.00 0.00 3.00 49.76
166.00 249.00 1.00 4.00 128.72
242.00 33.00 1.00 5.00 173.65
192.00 249.00 0.00 5.00 135.55
236.00 80.00 1.00 3.00 40.81
247.00 238.00 0.00 3.00 134.72
238.00 249.00 0.00 5.00 195.58
46.00 240.00 1.00 3.00 146.26
19.00 242.00 0.00 3.00 85.75
248.00 243.00 1.00 4.00 150.51
203.00 100.00 0.00 1.00 43.95
242.00 249.00 0.00 3.00 191.06
129.00 237.00 1.00 1.00 69.29
245.00 243.00 0.00 5.00 138.08
246.00 63.00 1.00 3.00 39.55
66.00 211.00 0.00 3.00 136.69
97.00 165.00 1.00 2.00 123.67
37.00 251.00 1.00 4.00 64.76
245.00 251.00 0.00 1.00 99.79
240.00 137.00 1.00 4.00 184.20
240.00 244.00 0.00 5.00 186.85
247.00 243.00 0.00 5.00 106.03
208.00 169.00 0.00 3.00 158.39
250.00 35.00 0.00 3.00 75.11
240.00 80.00 0.00 4.00 132.65
248.00 239.00 1.00 5.00 161.70
236.00 249.00 1.00 3.00 128.16
189.00 245.00 0.00 1.00 187.65
240.00 49.00 1.00 1.00 177.82
143.00 249.00 0.00 4.00 51.21
174.00 246.00 1.00 2.00 75.52
167.00 244.00 1.00 1.00 198.29
246.00 119.00 1.00 3.00 85.25
249.00 109.00 0.00 5.00 146.18
31.00 90.00 0.00 4.00 94.53
241.00 116.00 0.00 3.00 177.04
240.00 5.00 1.00 1.00 72.47
52.00 203.00 1.00 5.00 30.43
237.00 250.00 0.00 2.00 174.95
154.00 113.00 1.00 5.00 58.67
83.00 38.00 1.00 3.00 63.79
244.00 242.00 1.00 3.00 90.08
67.00 72.00 1.00 1.00 44.11
242.00 169.00 1.00 5.00 122.28
119.00 238.00 1.00 5.00 97.83
219.00 245.00 0.00 2.00 59.96
236.00 190.00 0.00 1.00 82.76
246.00 238.00 0.00 3.00 74.90
212.00 162.00 1.00 2.00 180.55
117.00 236.00 1.00 5.00 185.58
156.00 90.00 0.00 3.00 92.58
132.00 242.00 0.00 4.00 70.47
250.00 238.00 0.00 1.00 181.82
244.00 237.00 0.00 5.00 61.25
158.00 34.00 0.00 4.00 182.17
73.00 251.00 1.00 4.00 69.39
136.00 207.00 0.00 3.00 154.98
83.00 163.00 0.00 4.00 39.09
242.00 156.00 1.00 2.00 130.92
241.00 123.00 0.00 1.00 96.30
64.00 243.00 1.00 5.00 152.05
152.00 243.00 0.00 4.00 119.75
192.00 238.00 0.00 5.00 140.79
239.00 49.00 1.00 4.00 132.21
241.00 98.00 1.00 2.00 195.39
131.00 55.00 1.00 1.00 78.69
239.00 1.00 1.00 4.00 53.82
242.00 231.00 1.00 2.00 89.67
244.00 242.00 0.00 1.00 170.24
243.00 98.00 1.00 3.00 44.57
182.00 239.00 1.00 3.00 50.31
250.00 159.00 0.00 1.00 187.93
247.00 83.00 0.00 3.00 99.72
236.00 179.00 1.00 3.00 163.96
178.00 125.00 0.00 3.00 107.07
134.00 23.00 0.00 4.00 83.12
120.00 249.00 1.00 5.00 188.53
14.00 216.00 0.00 2.00 40.08
102.00 94.00 1.00 3.00 184.61
30.00 244.00 0.00 2.00 66.04
251.00 154.00 0.00 5.00 123.98
171.00 195.00 0.00 5.00 46.47
236.00 246.00 1.00 3.00 137.21
158.00 63.00 1.00 5.00 98.75
240.00 226.00 1.00 4.00 178.56
240.00 46.00 1.00 2.00 192.37
4.00 67.00 0.00 4.00 174.68
239.00 38.00 1.00 2.00 117.55
13.00 113.00 0.00 2.00 83.59
132.00 248.00 1.00 2.00 197.90
243.00 251.00 0.00 5.00 153.27
241.00 247.00 0.00 1.00 66.21
248.00 240.00 1.00 2.00 60.10
113.00 200.00 1.00 3.00 156.39
17.00 65.00 1.00 4.00 131.92
241.00 246.00 0.00 3.00 112.02
212.00 53.00 1.00 3.00 113.92
246.00 243.00 1.00 2.00 160.80
156.00 245.00 1.00 4.00 84.22
241.00 51.00 1.00 4.00 194.47
28.00 81.00 0.00 5.00 56.63
25.00 139.00 0.00 2.00 186.39
185.00 236.00 0.00 1.00 76.03
237.00 40.00 0.00 1.00 70.81
242.00 236.00 0.00 1.00 170.38
238.00 181.00 0.00 3.00 147.29
15.00 100.00 0.00 3.00 96.53
237.00 4.00 1.00 5.00 174.06
240.00 249.00 1.00 5.00 105.85
77.00 243.00 0.00 5.00 197.07
248.00 241.00 1.00 5.00 61.78
236.00 251.00 1.00 4.00 191.77
247.00 87.00 0.00 1.00 60.73
245.00 73.00 1.00 4.00 106.31
236.00 163.00 0.00 1.00 167.61
246.00 6.00 0.00 4.00 98.65
42.00 64.00 0.00 4.00 149.94
11.00 249.00 1.00 3.00 181.19
114.00 251.00 1.00 5.00 117.98
59.00 250.00 1.00 1.00 68.85
237.00 38.00 0.00 1.00 91.58
200.00 251.00 0.00 1.00 68.37
250.00 115.00 1.00 1.00 123.54
160.00 242.00 0.00 1.00 77.68
194.00 239.00 0.00 1.00 197.23
119.00 248.00 1.00 3.00 192.17
159.00 251.00 0.00 1.00 197.60
39.00 250.00 1.00 2.00 108.92
242.00 245.00 1.00 5.00 36.63
238.00 91.00 1.00 5.00 85.14
12.00 150.00 0.00 1.00 170.35
246.00 237.00 0.00 3.00 108.78
245.00 236.00 0.00 4.00 194.87
160.00 201.00 1.00 4.00 96.86
50.00 237.00 0.00 4.00 164.34
251.00 236.00 0.00 4.00 48.12
244.00 236.00 0.00 5.00 35.16
233.00 62.00 0.00 2.00 133.24
199.00 172.00 0.00 2.00 85.78
240.00 250.00 0.00 5.00 197.18
198.00 39.00 1.00 5.00 153.77
12.00 186.00 0.00 4.00 141.13
249.00 201.00 0.00 1.00 169.84
165.00 251.00 0.00 1.00 154.33
243.00 250.00 1.00 2.00 77.75
18.00 183.00 0.00 3.00 109.10
8.00 245.00 1.00 1.00 142.10
228.00 177.00 1.00 3.00 104.34
139.00 240.00 1.00 2.00 125.15
145.00 251.00 1.00 3.00 191.68
131.00 24.00 0.00 1.00 45.64
54.00 250.00 1.00 2.00 94.05
238.00 246.00 1.00 3.00 34.39
237.00 226.00 0.00 2.00 110.97
248.00 233.00 0.00 3.00 74.03
195.00 243.00 0.00 3.00 86.51
239.00 251.00 0.00 5.00 114.76
249.00 231.00 1.00 5.00 112.82
47.00 245.00 0.00 1.00 123.29
238.00 246.00 1.00 3.00 111.93
247.00 242.00 1.00 5.00 61.05
18.00 6.00 0.00 5.00 137.18
126.00 239.00 1.00 4.00 76.85
9.00 244.00 1.00 1.00 96.48
213.00 129.00 0.00 3.00 182.56
247.00 236.00 0.00 3.00 183.74
239.00 158.00 1.00 4.00 90.68
245.00 49.00 0.00 4.00 146.37
251.00 60.00 1.00 3.00 32.53
10.00 247.00 1.00 1.00 103.89
251.00 161.00 0.00 2.00 126.81
240.00 57.00 1.00 4.00 160.07
251.00 240.00 1.00 4.00 57.24
220.00 235.00 1.00 4.00 124.20
78.00 225.00 1.00 4.00 137.94
199.00 117.00 0.00 5.00 121.37
62.00 78.00 1.00 4.00 41.56
249.00 217.00 1.00 4.00 180.62
247.00 187.00 1.00 3.00 135.97
67.00 241.00 0.00 2.00 132.00
251.00 55.00 1.00 5.00 133.48
87.00 225.00 0.00 4.00 145.56
106.00 135.00 0.00 5.00 184.71
126.00 205.00 1.00 2.00 188.05
152.00 238.00 0.00 4.00 107.34
138.00 250.00 0.00 4.00 94.77
236.00 247.00 0.00 3.00 159.81
227.00 63.00 1.00 5.00 120.65
145.00 173.00 1.00 3.00 104.17
38.00 22.00 1.00 4.00 133.87
248.00 130.00 0.00 2.00 44.83
240.00 244.00 1.00 2.00 43.95
25.00 250.00 0.00 1.00 197.52
245.00 156.00 0.00 2.00 123.61
60.00 156.00 0.00 2.00 91.76
92.00 230.00 1.00 2.00 132.37
236.00 242.00 0.00 2.00 82.02
242.00 250.00 0.00 2.00 194.80
153.00 86.00 1.00 3.00 115.35
244.00 238.00 0.00 2.00 84.78
246.00 239.00 0.00 5.00 53.43
189.00 82.00 0.00 2.00 198.89
111.00 244.00 0.00 1.00 127.81
239.00 251.00 1.00 5.00 108.76
242.00 103.00 1.00 2.00 155.06
169.00 145.00 0.00 1.00 178.51
239.00 221.00 0.00 5.00 133.09
204.00 137.00 0.00 2.00 191.73
244.00 242.00 1.00 1.00 30.06
132.00 14.00 1.00 3.00 151.69
240.00 245.00 0.00 1.00 53.37
239.00 251.00 0.00 1.00 34.53
247.00 237.00 1.00 1.00 126.92
175.00 30.00 0.00 5.00 58.77
98.00 238.00 0.00 4.00 150.26
250.00 116.00 0.00 3.00 102.21
177.00 248.00 1.00 3.00 53.73
238.00 245.00 0.00 4.00 153.04
241.00 251.00 1.00 2.00 160.83
237.00 245.00 0.00 2.00 138.25
155.00 243.00 1.00 5.00 101.51
60.00 247.00 0.00 1.00 36.81
223.00 240.00 1.00 2.00 178.11
97.00 244.00 1.00 2.00 107.99
251.00 237.00 1.00 5.00 52.04
85.00 15.00 1.00 2.00 129.88
31.00 191.00 0.00 1.00 169.95
249.00 164.00 1.00 2.00 160.06
83.00 36.00 1.00 3.00 87.19
63.00 123.00 0.00 4.00 182.26
84.00 208.00 1.00 1.00 177.54
233.00 242.00 0.00 1.00 128.10
31.00 245.00 1.00 2.00 122.03
237.00 250.00 0.00 1.00 139.94
240.00 223.00 0.00 4.00 165.00
246.00 13.00 1.00 5.00 199.37
142.00 236.00 0.00 3.00 89.04
240.00 100.00 1.00 4.00 81.39
243.00 244.00 0.00 2.00 80.83
216.00 226.00 0.00 4.00 80.04
228.00 245.00 1.00 1.00 99.14
244.00 241.00 0.00 3.00 116.01
236.00 244.00 0.00 2.00 55.69
240.00 162.00 0.00 1.00 140.77
241.00 22.00 1.00 1.00 53.30
14.00 251.00 0.00 4.00 53.70
243.00 184.00 0.00 2.00 54.87
238.00 187.00 0.00 2.00 40.36
239.00 244.00 1.00 5.00 46.97
236.00 215.00 1.00 5.00 64.12
210.00 61.00 0.00 5.00 65.40
251.00 2.00 0.00 5.00 55.83
236.00 250.00 0.00 3.00 40.59
236.00 157.00 1.00 3.00 38.24
74.00 79.00 0.00 5.00 121.64
251.00 182.00 0.00 3.00 124.22
60.00 177.00 1.00 5.00 186.21
51.00 237.00 1.00 3.00 155.90
250.00 9.00 1.00 3.00 102.61
146.00 249.00 0.00 5.00 143.53
53.00 247.00 0.00 3.00 63.62
88.00 238.00 0.00 2.00 75.26
37.00 227.00 0.00 4.00 199.16
237.00 246.00 1.00 3.00 162.56
250.00 130.00 1.00 4.00 130.36
237.00 68.00 1.00 4.00 180.11
160.00 27.00 0.00 1.00 196.86
223.00 239.00 1.00 2.00 153.44
245.00 237.00 0.00 3.00 188.44
248.00 52.00 0.00 2.00 153.07
245.00 226.00 1.00 1.00 85.56
234.00 160.00 0.00 2.00 184.95
239.00 249.00 1.00 5.00 125.09
251.00 237.00 0.00 2.00 147.23
94.00 242.00 1.00 4.00 67.20
244.00 160.00 1.00 4.00 92.21
10.00 239.00 1.00 5.00 123.83
228.00 200.00 0.00 4.00 143.42
0.00 250.00 1.00 1.00 147.60
222.00 246.00 0.00 4.00 39.63
245.00 81.00 0.00 1.00 66.43
241.00 18.00 1.00 1.00 73.27
91.00 230.00 1.00 2.00 46.18
173.00 248.00 0.00 5.00 182.37
240.00 245.00 0.00 4.00 151.01
244.00 53.00 1.00 4.00 76.07
89.00 244.00 1.00 5.00 114.70
236.00 248.00 0.00 1.00 84.65
203.00 196.00 1.00 4.00 162.23
246.00 236.00 0.00 5.00 155.37
236.00 247.00 0.00 4.00 35.96
138.00 64.00 0.00 1.00 84.03
122.00 1.00 1.00 1.00 104.23
247.00 134.00 1.00 5.00 31.99
67.00 130.00 1.00 5.00 140.27
94.00 238.00 1.00 2.00 88.14
205.00 246.00 1.00 3.00 44.11
242.00 249.00 0.00 2.00 157.40
205.00 134.00 0.00 5.00 117.40
137.00 248.00 0.00 5.00 121.81
236.00 108.00 0.00 1.00 143.26
251.00 148.00 1.00 3.00 184.88
145.00 240.00 1.00 1.00 103.32
142.00 238.00 1.00 1.00 104.38
242.00 248.00 0.00 4.00 162.23
242.00 236.00 0.00 5.00 152.49
236.00 246.00 0.00 3.00 121.40
243.00 215.00 0.00 3.00 193.05
241.00 87.00 0.00 4.00 111.17
65.00 168.00 1.00 1.00 94.17
239.00 7.00 1.00 1.00 160.51
250.00 134.00 0.00 4.00 62.99
116.00 133.00 1.00 2.00 163.44
191.00 246.00 1.00 4.00 82.73
242.00 84.00 0.00 3.00 108.39
133.00 31.00 1.00 1.00 52.65
209.00 249.00 1.00 3.00 179.83
47.00 120.00 0.00 2.00 195.43
131.00 75.00 1.00 5.00 157.29
245.00 159.00 1.00 2.00 113.98
244.00 240.00 0.00 4.00 33.28
242.00 249.00 1.00 2.00 107.71
249.00 242.00 1.00 4.00 135.10
228.00 99.00 0.00 2.00 96.10
236.00 243.00 1.00 1.00 97.98
245.00 239.00 1.00 2.00 125.99
105.00 59.00 1.00 5.00 185.35
251.00 156.00 1.00 5.00 159.90
242.00 248.00 0.00 3.00 45.28
239.00 188.00 0.00 1.00 108.09
251.00 55.00 0.00 4.00 188.55
241.00 225.00 1.00 2.00 82.22
241.00 49.00 1.00 3.00 116.59
102.00 188.00 0.00 5.00 167.48
39.00 249.00 0.00 5.00 132.71
122.00 45.00 1.00 2.00 62.93
214.00 248.00 1.00 1.00 58.08
176.00 37.00 1.00 2.00 123.17
248.00 72.00 1.00 3.00 76.05
152.00 51.00 0.00 4.00 157.12
150.00 241.00 1.00 4.00 151.40
238.00 200.00 0.00 4.00 97.27
239.00 39.00 1.00 2.00 116.66
238.00 189.00 1.00 4.00 147.81
236.00 249.00 0.00 5.00 131.19
128.00 249.00 1.00 5.00 90.65
243.00 80.00 1.00 5.00 34.30
243.00 12.00 0.00 2.00 36.80
50.00 155.00 0.00 2.00 91.61
245.00 198.00 0.00 4.00 73.01
92.00 241.00 1.00 5.00 39.02
244.00 121.00 0.00 2.00 32.05
237.00 246.00 0.00 2.00 65.96
247.00 239.00 1.00 1.00 122.86
104.00 177.00 1.00 1.00 97.43
249.00 241.00 1.00 2.00 162.42
21.00 247.00 0.00 5.00 45.98
249.00 14.00 1.00 5.00 154.10
247.00 180.00 0.00 5.00 174.22
238.00 244.00 1.00 3.00 156.09
236.00 207.00 0.00 5.00 146.69
213.00 237.00 1.00 1.00 124.68
122.00 251.00 1.00 3.00 62.67
237.00 244.00 0.00 4.00 50.79
244.00 80.00 1.00 5.00 102.62
120.00 250.00 0.00 2.00 108.26
29.00 123.00 0.00 2.00 105.46
242.00 236.00 0.00 5.00 149.11
233.00 248.00 1.00 5.00 199.39
240.00 245.00 1.00 3.00 199.01
185.00 112.00 1.00 5.00 103.85
139.00 247.00 0.00 3.00 31.47
249.00 91.00 0.00 4.00 32.52
248.00 184.00 0.00 2.00 170.52
77.00 250.00 0.00 3.00 164.62
19.00 248.00 0.00 2.00 145.51
116.00 244.00 1.00 5.00 186.92
236.00 36.00 1.00 3.00 33.67
98.00 251.00 0.00 2.00 148.37
238.00 82.00 0.00 1.00 166.02
242.00 251.00 1.00 4.00 55.26
167.00 147.00 0.00 2.00 139.28
250.00 232.00 0.00 3.00 136.34
31.00 246.00 1.00 4.00 162.60
245.00 236.00 0.00 4.00 109.42
188.00 110.00 0.00 4.00 183.80
246.00 241.00 0.00 4.00 103.28
243.00 75.00 0.00 4.00 190.81
244.00 151.00 1.00 3.00 87.99
204.00 148.00 0.00 2.00 44.97
179.00 234.00 0.00 1.00 100.74
236.00 247.00 0.00 1.00 74.68
247.00 20.00 1.00 1.00 100.25
111.00 238.00 1.00 2.00 91.18
241.00 251.00 1.00 4.00 74.78
248.00 238.00 1.00 5.00 91.54
243.00 246.00 0.00 2.00 142.45
239.00 173.00 0.00 4.00 119.23
241.00 246.00 1.00 1.00 61.84
97.00 237.00 0.00 4.00 188.14
28.00 249.00 1.00 5.00 85.26
248.00 243.00 0.00 5.00 76.95
251.00 240.00 1.00 3.00 103.35
38.00 251.00 1.00 3.00 172.71
249.00 241.00 1.00 1.00 103.64
20.00 138.00 0.00 1.00 86.66
49.00 242.00 0.00 5.00 196.78
244.00 250.00 1.00 1.00 132.94
250.00 240.00 0.00 4.00 142.30
106.00 245.00 0.00 2.00 132.03
245.00 238.00 1.00 5.00 94.54
237.00 249.00 1.00 1.00 35.62
239.00 116.00 0.00 5.00 137.15
91.00 202.00 1.00 4.00 89.92
60.00 172.00 0.00 2.00 137.57
7.00 25.00 1.00 4.00 129.52
238.00 154.00 0.00 5.00 115.69
240.00 86.00 1.00 3.00 78.20
206.00 237.00 1.00 2.00 105.64
248.00 239.00 1.00 4.00 159.12
157.00 21.00 0.00 5.00 36.47
203.00 237.00 0.00 2.00 105.76
246.00 237.00 1.00 5.00 122.47
244.00 138.00 1.00 4.00 68.67
244.00 7.00 1.00 1.00 165.89
91.00 248.00 1.00 2.00 180.54
245.00 242.00 1.00 2.00 130.74
58.00 62.00 1.00 2.00 174.61
244.00 95.00 1.00 3.00 115.57
249.00 240.00 1.00 1.00 111.66
244.00 243.00 0.00 5.00 65.05
131.00 250.00 1.00 3.00 170.79
27.00 245.00 1.00 3.00 69.50
249.00 74.00 1.00 4.00 167.48
248.00 124.00 1.00 3.00 52.49
239.00 109.00 1.00 2.00 133.24
70.00 238.00 1.00 4.00 199.83
246.00 169.00 0.00 4.00 161.73
251.00 113.00 1.00 2.00 68.42
246.00 242.00 1.00 4.00 191.90
244.00 62.00 1.00 2.00 88.11
251.00 112.00 0.00 2.00 88.39
249.00 185.00 1.00 3.00 149.02
8.00 250.00 1.00 5.00 84.36
249.00 237.00 0.00 3.00 160.97
145.00 249.00 1.00 3.00 138.63
82.00 245.00 1.00 4.00 176.46
65.00 236.00 1.00 2.00 111.50
186.00 238.00 0.00 2.00 161.78
72.00 20.00 0.00 3.00 143.53
222.00 239.00 0.00 5.00 86.74
39.00 17.00 1.00 4.00 195.39
136.00 250.00 1.00 3.00 122.89
180.00 245.00 1.00 5.00 193.80
33.00 159.00 1.00 1.00 110.31
250.00 221.00 1.00 4.00 77.01
240.00 121.00 0.00 3.00 39.97
179.00 58.00 1.00 1.00 60.24
249.00 238.00 0.00 4.00 46.52
227.00 112.00 0.00 3.00 94.62
86.00 236.00 0.00 5.00 108.24
123.00 15.00 0.00 5.00 168.38
238.00 135.00 0.00 5.00 97.89
2.00 187.00 1.00 5.00 40.97
241.00 246.00 0.00 3.00 97.61
244.00 137.00 0.00 4.00 65.09
35.00 201.00 0.00 3.00 175.66
238.00 251.00 0.00 1.00 191.27
223.00 219.00 1.00 1.00 179.05
131.00 94.00 0.00 5.00 139.48
247.00 72.00 1.00 4.00 169.10
7.00 244.00 0.00 2.00 106.01
74.00 242.00 1.00 2.00 126.23
242.00 9.00 0.00 3.00 61.72
67.00 188.00 0.00 1.00 189.27
249.00 243.00 1.00 2.00 52.32
240.00 202.00 0.00 3.00 181.80
70.00 237.00 1.00 5.00 40.04
244.00 239.00 0.00 2.00 94.79
240.00 199.00 0.00 1.00 99.14
90.00 65.00 1.00 4.00 36.81
87.00 248.00 0.00 1.00 135.57
134.00 243.00 0.00 5.00 107.69
251.00 5.00 1.00 2.00 136.54
125.00 245.00 0.00 1.00 140.56
76.00 31.00 1.00 1.00 124.54
59.00 248.00 0.00 2.00 99.91
237.00 77.00 0.00 2.00 54.42
246.00 237.00 1.00 3.00 179.12
35.00 236.00 0.00 1.00 199.93
241.00 157.00 1.00 5.00 114.23
135.00 240.00 0.00 5.00 189.32
250.00 243.00 0.00 4.00 134.14
214.00 18.00 1.00 5.00 140.64
251.00 238.00 1.00 3.00 194.71
240.00 249.00 1.00 1.00 84.92
240.00 113.00 0.00 4.00 185.42
240.00 248.00 1.00 2.00 187.52
94.00 85.00 0.00 4.00 196.28
250.00 188.00 1.00 5.00 168.27
78.00 138.00 0.00 3.00 42.26
210.00 243.00 0.00 1.00 172.83
237.00 15.00 0.00 1.00 145.84
238.00 110.00 1.00 4.00 52.11
250.00 243.00 0.00 2.00 165.25
173.00 243.00 0.00 2.00 108.36
112.00 5.00 0.00 1.00 72.80
54.00 242.00 0.00 2.00 196.23
247.00 242.00 1.00 5.00 129.98
57.00 14.00 0.00 4.00 172.61
237.00 178.00 0.00 1.00 69.01
235.00 66.00 0.00 2.00 63.90
239.00 251.00 0.00 4.00 44.86
237.00 129.00 1.00 5.00 179.98
240.00 35.00 0.00 4.00 135.72
237.00 2.00 1.00 1.00 193.51
247.00 238.00 1.00 3.00 102.57
41.00 244.00 1.00 5.00 35.00
243.00 245.00 1.00 4.00 35.96
3.00 246.00 0.00 2.00 62.58
77.00 241.00 0.00 3.00 196.37
244.00 174.00 1.00 3.00 140.00
110.00 3.00 0.00 4.00 72.96
251.00 238.00 1.00 3.00 177.19
53.00 137.00 1.00 3.00 31.38
92.00 212.00 0.00 4.00 182.85
18.00 104.00 0.00 1.00 126.17
245.00 238.00 0.00 1.00 132.19
154.00 34.00 1.00 4.00 172.19
244.00 237.00 1.00 2.00 186.66
239.00 246.00 0.00 5.00 182.99
239.00 59.00 1.00 3.00 157.53
150.00 14.00 1.00 1.00 163.22
249.00 236.00 1.00 5.00 180.97
134.00 75.00 1.00 4.00 161.94
247.00 10.00 1.00 3.00 113.09
22.00 243.00 0.00 2.00 188.40
86.00 248.00 1.00 3.00 96.85
13.00 244.00 1.00 5.00 196.69
0.00 89.00 0.00 2.00 176.87
3.00 236.00 1.00 1.00 82.43
42.00 58.00 1.00 3.00 30.31
223.00 243.00 0.00 4.00 175.85
154.00 248.00 0.00 5.00 127.10
251.00 181.00 0.00 4.00 66.46
104.00 238.00 1.00 1.00 39.27
242.00 250.00 0.00 2.00 116.08
249.00 236.00 1.00 3.00 192.52
43.00 250.00 0.00 4.00 71.63
190.00 239.00 0.00 5.00 124.32
250.00 198.00 1.00 3.00 155.36
237.00 245.00 1.00 3.00 91.75
246.00 236.00 0.00 4.00 75.45
96.00 248.00 0.00 4.00 191.41
245.00 144.00 0.00 5.00 147.56
239.00 251.00 1.00 3.00 132.82
242.00 249.00 1.00 3.00 48.80
28.00 243.00 1.00 3.00 158.37
174.00 249.00 0.00 1.00 142.91
241.00 156.00 1.00 1.00 76.15
242.00 225.00 1.00 1.00 99.14
226.00 82.00 1.00 2.00 121.43
27.00 207.00 1.00 1.00 165.57
218.00 50.00 0.00 3.00 198.51
184.00 244.00 1.00 2.00 160.26
206.00 244.00 1.00 3.00 67.53
174.00 249.00 1.00 3.00 172.18
239.00 245.00 1.00 4.00 196.55
238.00 192.00 1.00 5.00 93.43
244.00 243.00 1.00 5.00 44.54
241.00 244.00 0.00 2.00 172.47
245.00 251.00 1.00 5.00 60.31
230.00 243.00 0.00 2.00 76.82
14.00 173.00 1.00 2.00 78.79
238.00 246.00 0.00 2.00 119.54
240.00 43.00 1.00 2.00 101.88
14.00 126.00 0.00 4.00 157.56
244.00 241.00 1.00 1.00 157.99
232.00 169.00 0.00 1.00 108.45
250.00 54.00 1.00 1.00 182.07
72.00 246.00 0.00 5.00 137.83
242.00 248.00 1.00 1.00 71.70
178.00 249.00 0.00 5.00 64.97
23.00 117.00 0.00 1.00 153.46
236.00 210.00 1.00 4.00 148.23
247.00 237.00 0.00 1.00 183.53
248.00 236.00 1.00 5.00 115.96
217.00 109.00 1.00 5.00 121.29
126.00 249.00 0.00 5.00 85.41
238.00 73.00 1.00 4.00 80.36
175.00 164.00 1.00 3.00 63.56
89.00 239.00 0.00 2.00 142.30
116.00 241.00 0.00 2.00 199.33
172.00 176.00 0.00 3.00 120.83
83.00 74.00 1.00 2.00 88.02
243.00 28.00 1.00 1.00 103.78
131.00 240.00 1.00 3.00 42.97
236.00 73.00 1.00 4.00 102.71
242.00 236.00 1.00 1.00 124.31
245.00 151.00 0.00 3.00 102.24
237.00 218.00 0.00 3.00 192.77
5.00 104.00 1.00 1.00 115.31
251.00 240.00 0.00 3.00 125.93
245.00 226.00 1.00 5.00 33.87
249.00 131.00 1.00 5.00 182.37
244.00 242.00 1.00 4.00 116.64
244.00 250.00 0.00 1.00 43.31
242.00 44.00 1.00 2.00 111.81
138.00 62.00 0.00 2.00 196.36
249.00 236.00 1.00 2.00 91.38
69.00 81.00 0.00 3.00 86.07
197.00 5.00 1.00 3.00 141.83
249.00 190.00 1.00 2.00 190.97
207.00 238.00 0.00 1.00 36.52
174.00 249.00 0.00 4.00 136.50
206.00 18.00 1.00 3.00 111.73
250.00 30.00 0.00 1.00 149.25
42.00 248.00 1.00 4.00 81.92
203.00 24.00 1.00 4.00 182.28
90.00 231.00 0.00 2.00 79.24
243.00 56.00 0.00 3.00 178.49
246.00 79.00 0.00 2.00 145.85
96.00 251.00 1.00 1.00 36.01
242.00 64.00 1.00 2.00 41.31
146.00 243.00 0.00 5.00 33.42
250.00 214.00 0.00 4.00 98.65
225.00 44.00 0.00 5.00 122.59
244.00 238.00 1.00 4.00 194.61
248.00 236.00 0.00 3.00 90.48
242.00 251.00 1.00 3.00 102.90
239.00 221.00 0.00 1.00 45.45
246.00 12.00 0.00 3.00 123.41
242.00 244.00 1.00 1.00 126.12
72.00 243.00 0.00 1.00 105.03
243.00 171.00 1.00 3.00 125.03
242.00 244.00 0.00 1.00 70.53
216.00 123.00 0.00 5.00 98.08
240.00 247.00 0.00 5.00 164.38
249.00 238.00 0.00 2.00 106.31
247.00 23.00 1.00 5.00 53.07
216.00 236.00 1.00 1.00 196.79
2.00 239.00 0.00 1.00 134.03
240.00 249.00 0.00 4.00 184.01
238.00 60.00 1.00 4.00 69.10
236.00 187.00 1.00 3.00 89.19
124.00 238.00 0.00 4.00 44.32
249.00 186.00 1.00 2.00 39.83
251.00 240.00 0.00 3.00 46.73
68.00 242.00 0.00 1.00 174.54
208.00 246.00 1.00 5.00 49.72
237.00 249.00 0.00 3.00 66.66
245.00 190.00 1.00 2.00 133.83
241.00 63.00 1.00 3.00 62.64
251.00 190.00 1.00 5.00 99.98
236.00 248.00 1.00 1.00 186.50
246.00 41.00 1.00 1.00 69.54
246.00 239.00 1.00 5.00 100.72
244.00 251.00 1.00 5.00 86.82
248.00 243.00 1.00 3.00 149.44
243.00 248.00 0.00 4.00 171.77
51.00 241.00 0.00 4.00 151.60
34.00 240.00 0.00 2.00 74.97
85.00 167.00 0.00 3.00 164.01
251.00 209.00 1.00 5.00 110.80
160.00 44.00 1.00 4.00 48.31
99.00 248.00 1.00 1.00 41.60
238.00 81.00 0.00 2.00 197.08
92.00 251.00 1.00 1.00 84.45
246.00 239.00 0.00 1.00 186.41
17.00 251.00 0.00 3.00 148.22
70.00 244.00 1.00 2.00 42.74
243.00 247.00 1.00 2.00 62.32
218.00 248.00 1.00 5.00 168.59
62.00 249.00 1.00 2.00 76.43
242.00 189.00 0.00 2.00 156.51
241.00 203.00 0.00 4.00 102.01
249.00 147.00 0.00 4.00 162.39
141.00 242.00 1.00 3.00 44.55
237.00 250.00 0.00 5.00 78.59
108.00 240.00 1.00 2.00 77.33
245.00 251.00 1.00 4.00 65.32
223.00 249.00 1.00 1.00 166.44
52.00 241.00 1.00 3.00 161.66
70.00 22.00 1.00 4.00 129.65
239.00 227.00 0.00 3.00 130.78
251.00 43.00 1.00 3.00 70.67
205.00 8.00 0.00 1.00 133.03
55.00 151.00 1.00 1.00 97.34
250.00 140.00 1.00 1.00 46.20
250.00 239.00 1.00 5.00 184.03
239.00 97.00 1.00 2.00 197.20
210.00 70.00 0.00 4.00 125.02
92.00 247.00 1.00 2.00 44.05
249.00 241.00 0.00 5.00 149.72
52.00 250.00 1.00 1.00 195.37
248.00 44.00 1.00 5.00 88.13
240.00 136.00 1.00 5.00 190.59
86.00 248.00 0.00 2.00 118.77
248.00 236.00 0.00 2.00 53.92
241.00 247.00 1.00 1.00 38.01
241.00 250.00 0.00 2.00 41.19
240.00 246.00 1.00 4.00 84.82
240.00 0.00 1.00 5.00 49.04
237.00 11.00 0.00 3.00 31.28
250.00 243.00 1.00 1.00 57.08
237.00 10.00 0.00 1.00 74.90
4.00 239.00 1.00 4.00 127.58
236.00 228.00 1.00 2.00 38.93
118.00 107.00 0.00 1.00 125.29
90.00 239.00 0.00 1.00 125.53
181.00 200.00 0.00 3.00 79.74
215.00 77.00 1.00 2.00 196.71
225.00 206.00 0.00 1.00 134.25
245.00 237.00 1.00 4.00 126.92
242.00 248.00 1.00 4.00 57.72
113.00 242.00 1.00 4.00 173.34
251.00 244.00 1.00 1.00 53.96
235.00 198.00 0.00 1.00 95.00
9.00 106.00 1.00 2.00 166.56
241.00 249.00 1.00 3.00 129.50
197.00 155.00 0.00 4.00 76.75
243.00 144.00 0.00 3.00 87.02
251.00 63.00 1.00 4.00 162.77
243.00 245.00 0.00 5.00 59.70
230.00 93.00 0.00 5.00 193.49
36.00 241.00 0.00 3.00 185.16
170.00 202.00 1.00 4.00 177.47
93.00 140.00 1.00 2.00 100.55
130.00 226.00 1.00 1.00 126.61
245.00 145.00 0.00 2.00 151.03
82.00 250.00 0.00 2.00 189.38
250.00 204.00 1.00 3.00 34.37
230.00 250.00 1.00 2.00 128.47
239.00 121.00 0.00 5.00 84.56
128.00 75.00 1.00 5.00 111.61
243.00 22.00 0.00 3.00 95.91
248.00 22.00 1.00 2.00 114.80
14.00 248.00 1.00 4.00 166.85
236.00 142.00 0.00 5.00 188.89
247.00 64.00 1.00 2.00 124.73
239.00 244.00 0.00 5.00 67.72
103.00 191.00 0.00 1.00 67.24
239.00 245.00 0.00 4.00 78.09
238.00 120.00 1.00 1.00 162.18
11.00 244.00 0.00 2.00 70.42
89.00 207.00 1.00 4.00 179.56
52.00 248.00 1.00 4.00 40.09
249.00 240.00 1.00 1.00 161.88
248.00 207.00 1.00 2.00 137.02
41.00 238.00 1.00 3.00 65.39
239.00 244.00 0.00 4.00 146.46
237.00 243.00 0.00 3.00 60.70
25.00 9.00 0.00 5.00 105.07
240.00 249.00 1.00 2.00 79.87
241.00 161.00 0.00 5.00 195.46
243.00 250.00 1.00 2.00 99.50
138.00 87.00 1.00 3.00 30.15
248.00 196.00 0.00 4.00 115.21
248.00 241.00 1.00 5.00 59.95
185.00 200.00 0.00 4.00 52.34
93.00 227.00 0.00 5.00 52.09
125.00 245.00 0.00 3.00 169.64
251.00 28.00 1.00 4.00 164.40
248.00 45.00 0.00 5.00 94.88
249.00 135.00 1.00 2.00 77.66
246.00 176.00 0.00 1.00 195.54
30.00 166.00 1.00 3.00 36.84
117.00 241.00 0.00 2.00 181.24
124.00 149.00 1.00 1.00 158.06
237.00 222.00 1.00 1.00 101.50
196.00 250.00 1.00 1.00 127.81
46.00 243.00 0.00 5.00 79.49
189.00 242.00 1.00 1.00 149.87
165.00 242.00 1.00 3.00 105.13
248.00 242.00 1.00 5.00 178.44
241.00 213.00 0.00 1.00 195.48
168.00 167.00 1.00 2.00 52.57
62.00 17.00 1.00 3.00 189.93
107.00 118.00 1.00 2.00 145.08
33.00 9.00 0.00 5.00 91.49
230.00 238.00 0.00 2.00 181.48
251.00 234.00 1.00 1.00 68.87
241.00 250.00 0.00 5.00 196.98
236.00 242.00 1.00 5.00 61.45
247.00 239.00 1.00 4.00 85.69
147.00 246.00 0.00 5.00 126.06
246.00 240.00 0.00 2.00 89.35
227.00 237.00 1.00 3.00 61.16
247.00 236.00 1.00 5.00 90.86
228.00 242.00 0.00 3.00 86.49
140.00 100.00 1.00 1.00 51.44
242.00 38.00 0.00 5.00 167.19
249.00 239.00 0.00 2.00 36.98
247.00 175.00 0.00 1.00 60.90
79.00 69.00 0.00 3.00 172.28
251.00 120.00 1.00 1.00 57.89
184.00 153.00 0.00 5.00 112.14
188.00 42.00 1.00 5.00 85.00
237.00 250.00 1.00 3.00 35.75
165.00 139.00 1.00 3.00 96.78
3.00 94.00 0.00 1.00 130.91
250.00 237.00 1.00 5.00 134.11
186.00 171.00 1.00 4.00 37.88
11.00 236.00 1.00 4.00 89.43
247.00 117.00 1.00 2.00 30.14
241.00 251.00 0.00 1.00 186.91
241.00 248.00 1.00 1.00 170.79
73.00 132.00 0.00 4.00 138.27
0.00 46.00 1.00 2.00 160.66
173.00 251.00 1.00 5.00 133.49
84.00 246.00 1.00 4.00 157.82
19.00 133.00 0.00 1.00 48.69
50.00 94.00 0.00 3.00 160.88
246.00 236.00 0.00 4.00 102.33
239.00 154.00 1.00 5.00 50.52
242.00 248.00 1.00 4.00 111.57
201.00 247.00 1.00 4.00 119.27
247.00 241.00 0.00 1.00 126.77
250.00 244.00 0.00 2.00 62.54
154.00 0.00 0.00 5.00 120.49
98.00 82.00 0.00 5.00 178.60
240.00 152.00 1.00 3.00 111.31
73.00 244.00 1.00 4.00 193.31
243.00 64.00 0.00 5.00 193.24
241.00 248.00 1.00 2.00 144.74
242.00 250.00 0.00 1.00 157.04
242.00 251.00 1.00 5.00 182.25
76.00 249.00 0.00 3.00 42.67
248.00 241.00 0.00 1.00 132.89
246.00 242.00 1.00 3.00 57.56
133.00 242.00 0.00 4.00 62.54
248.00 148.00 1.00 5.00 121.12
111.00 57.00 1.00 4.00 188.32
210.00 237.00 1.00 5.00 74.94
243.00 245.00 1.00 4.00 132.12
245.00 243.00 1.00 1.00 137.64
241.00 244.00 1.00 4.00 133.49
236.00 247.00 0.00 2.00 118.12
18.00 248.00 1.00 5.00 46.97
164.00 239.00 1.00 1.00 157.00
247.00 140.00 1.00 1.00 73.52
246.00 155.00 0.00 1.00 46.24
240.00 13.00 0.00 2.00 97.10
250.00 242.00 1.00 5.00 187.35
241.00 107.00 1.00 4.00 128.86
207.00 246.00 0.00 1.00 151.79
237.00 248.00 1.00 1.00 39.72
95.00 244.00 0.00 5.00 192.66
177.00 215.00 0.00 2.00 123.97
250.00 237.00 0.00 3.00 151.30
116.00 248.00 0.00 5.00 191.74
5.00 237.00 1.00 5.00 123.21
238.00 245.00 1.00 1.00 98.74
131.00 101.00 0.00 1.00 177.31
92.00 250.00 0.00 3.00 118.04
251.00 239.00 1.00 5.00 170.49
126.00 229.00 1.00 3.00 189.22
245.00 238.00 0.00 3.00 170.72
18.00 220.00 1.00 3.00 149.91
246.00 182.00 0.00 3.00 111.68
237.00 219.00 1.00 4.00 67.91
104.00 244.00 1.00 4.00 145.53
8.00 178.00 1.00 3.00 116.23
29.00 249.00 0.00 4.00 66.97
41.00 158.00 0.00 1.00 150.96
247.00 242.00 1.00 5.00 79.62
5.00 241.00 1.00 2.00 190.91
66.00 157.00 1.00 2.00 103.10
241.00 251.00 1.00 3.00 139.88
243.00 163.00 0.00 2.00 36.85
20.00 138.00 1.00 1.00 119.78
19.00 145.00 0.00 1.00 45.94
15.00 249.00 0.00 1.00 49.97
250.00 243.00 0.00 2.00 154.22
8.00 241.00 1.00 3.00 191.35
237.00 247.00 0.00 3.00 103.27
236.00 165.00 0.00 3.00 57.24
241.00 217.00 1.00 4.00 42.24
243.00 98.00 0.00 3.00 64.04
242.00 158.00 0.00 1.00 30.74
250.00 244.00 0.00 4.00 151.60
136.00 241.00 1.00 2.00 92.38
169.00 111.00 1.00 2.00 189.52
236.00 242.00 1.00 3.00 44.81
246.00 107.00 0.00 1.00 146.08
159.00 236.00 0.00 1.00 157.62
124.00 238.00 1.00 2.00 69.23
158.00 237.00 0.00 3.00 160.59
17.00 87.00 0.00 1.00 52.18
250.00 97.00 1.00 1.00 127.94
249.00 25.00 1.00 2.00 167.23
236.00 250.00 0.00 4.00 57.41
248.00 75.00 0.00 4.00 98.29
238.00 157.00 0.00 1.00 56.47
251.00 238.00 1.00 1.00 34.20
246.00 170.00 1.00 4.00 165.35
214.00 242.00 0.00 4.00 78.06
241.00 67.00 1.00 5.00 165.45
231.00 79.00 1.00 4.00 126.75
237.00 248.00 1.00 1.00 138.14
228.00 146.00 1.00 1.00 170.22
135.00 250.00 1.00 2.00 187.46
83.00 240.00 0.00 4.00 161.23
248.00 11.00 0.00 4.00 44.19
243.00 246.00 0.00 3.00 109.53
124.00 247.00 1.00 1.00 132.35
242.00 244.00 1.00 3.00 36.57
39.00 122.00 1.00 2.00 75.31
120.00 35.00 1.00 2.00 167.96
249.00 94.00 1.00 2.00 121.62
244.00 162.00 0.00 3.00 72.87
244.00 96.00 0.00 3.00 163.80
212.00 238.00 0.00 5.00 147.17
127.00 247.00 1.00 3.00 140.44
243.00 227.00 1.00 3.00 156.69
245.00 243.00 0.00 4.00 34.06
141.00 238.00 1.00 1.00 92.61
86.00 247.00 0.00 4.00 183.84
68.00 81.00 0.00 3.00 190.86
237.00 139.00 1.00 2.00 70.11
236.00 4.00 0.00 2.00 102.40
236.00 42.00 0.00 5.00 168.32
42.00 246.00 0.00 1.00 194.42
249.00 65.00 0.00 2.00 91.71
245.00 132.00 0.00 5.00 33.54
240.00 222.00 1.00 1.00 82.03
245.00 238.00 1.00 3.00 141.41
229.00 187.00 1.00 2.00 141.49
145.00 10.00 0.00 5.00 42.25
81.00 18.00 1.00 5.00 198.94
245.00 193.00 1.00 5.00 31.49
171.00 103.00 1.00 4.00 82.14
161.00 117.00 1.00 4.00 106.81
155.00 188.00 1.00 5.00 57.33
251.00 38.00 1.00 1.00 119.26
250.00 244.00 0.00 5.00 190.68
81.00 242.00 0.00 3.00 88.29
64.00 14.00 0.00 5.00 38.73
215.00 236.00 0.00 3.00 34.16
241.00 129.00 1.00 3.00 48.90
246.00 23.00 1.00 1.00 131.11
93.00 163.00 1.00 2.00 103.21
251.00 243.00 1.00 4.00 144.97
236.00 100.00 1.00 1.00 88.07
246.00 79.00 1.00 3.00 135.00
243.00 220.00 1.00 4.00 105.23
131.00 192.00 0.00 3.00 154.27
240.00 6.00 0.00 5.00 63.52
182.00 237.00 0.00 2.00 56.08
241.00 119.00 0.00 1.00 87.97
238.00 245.00 0.00 4.00 137.23
244.00 250.00 0.00 3.00 91.77
130.00 214.00 0.00 4.00 169.43
32.00 62.00 0.00 2.00 44.43
147.00 241.00 1.00 1.00 174.55
241.00 169.00 1.00 3.00 73.51
155.00 236.00 1.00 5.00 91.29
242.00 129.00 1.00 1.00 88.26
249.00 236.00 0.00 3.00 88.87
157.00 40.00 0.00 5.00 106.66
179.00 112.00 0.00 5.00 55.85
218.00 248.00 1.00 1.00 144.02
185.00 108.00 0.00 3.00 172.13
188.00 250.00 1.00 3.00 39.61
207.00 135.00 0.00 5.00 88.10
248.00 110.00 0.00 2.00 190.33
52.00 236.00 1.00 3.00 40.20
63.00 236.00 1.00 2.00 76.63
241.00 244.00 0.00 1.00 199.81
239.00 231.00 1.00 1.00 96.61
211.00 130.00 1.00 5.00 119.20
249.00 241.00 1.00 4.00 122.95
247.00 33.00 0.00 5.00 148.72
249.00 138.00 0.00 3.00 74.91
244.00 238.00 0.00 1.00 48.26
199.00 239.00 0.00 4.00 124.79
239.00 249.00 1.00 3.00 165.64
245.00 116.00 0.00 3.00 100.45
45.00 231.00 1.00 3.00 199.81
246.00 140.00 0.00 2.00 187.00
251.00 242.00 1.00 1.00 165.25
74.00 179.00 1.00 4.00 180.09
245.00 10.00 0.00 3.00 65.26
169.00 240.00 0.00 3.00 31.23
244.00 29.00 0.00 1.00 173.46
55.00 245.00 0.00 4.00 32.58
237.00 233.00 0.00 2.00 191.38
239.00 216.00 1.00 3.00 199.56
43.00 115.00 0.00 4.00 194.16
248.00 236.00 1.00 1.00 65.06
237.00 69.00 0.00 2.00 195.02
195.00 247.00 1.00 5.00 164.77
242.00 247.00 1.00 4.00 31.16
211.00 109.00 1.00 4.00 136.85
177.00 175.00 0.00 1.00 90.89
52.00 248.00 1.00 3.00 166.19
239.00 249.00 1.00 5.00 164.04
242.00 124.00 1.00 2.00 187.13
241.00 73.00 0.00 5.00 57.93
248.00 157.00 0.00 4.00 102.39
246.00 242.00 0.00 3.00 96.03
250.00 237.00 0.00 4.00 50.07
227.00 249.00 1.00 2.00 90.69
7.00 181.00 1.00 3.00 87.69
247.00 242.00 1.00 1.00 185.38
180.00 244.00 1.00 1.00 81.87
102.00 161.00 0.00 3.00 151.58
193.00 15.00 1.00 2.00 64.35
241.00 244.00 1.00 3.00 149.77
182.00 74.00 1.00 1.00 133.17
52.00 214.00 1.00 3.00 148.62
48.00 237.00 0.00 1.00 167.76
236.00 244.00 1.00 2.00 117.09
239.00 75.00 1.00 3.00 181.19
76.00 239.00 0.00 3.00 81.49
198.00 242.00 0.00 1.00 170.45
187.00 96.00 1.00 5.00 196.70
202.00 49.00 1.00 1.00 125.04
242.00 249.00 1.00 1.00 121.29
251.00 237.00 0.00 3.00 183.30
246.00 59.00 1.00 3.00 173.41
76.00 248.00 1.00 4.00 116.95
237.00 248.00 0.00 5.00 34.08
249.00 0.00 1.00 4.00 74.46
247.00 241.00 0.00 2.00 125.12
134.00 2.00 1.00 4.00 70.00
120.00 238.00 0.00 5.00 48.20
75.00 241.00 1.00 1.00 150.60
39.00 146.00 1.00 5.00 192.26
64.00 243.00 1.00 4.00 195.19
247.00 237.00 1.00 3.00 145.07
248.00 7.00 0.00 2.00 82.64
241.00 250.00 0.00 3.00 146.08
244.00 12.00 1.00 2.00 182.36
119.00 12.00 1.00 5.00 37.86
246.00 186.00 1.00 5.00 120.34
246.00 21.00 0.00 2.00 49.94
246.00 202.00 1.00 1.00 35.44
249.00 146.00 0.00 2.00 56.33
249.00 236.00 1.00 2.00 128.28
82.00 101.00 1.00 2.00 76.56
249.00 133.00 0.00 4.00 88.57
251.00 52.00 1.00 3.00 131.89
240.00 251.00 1.00 1.00 162.75
241.00 39.00 0.00 3.00 197.52
250.00 241.00 1.00 5.00 87.74
91.00 242.00 1.00 4.00 125.64
249.00 146.00 0.00 1.00 35.75
120.00 244.00 0.00 3.00 128.93
235.00 89.00 0.00 1.00 73.44
236.00 251.00 0.00 2.00 63.02
249.00 232.00 0.00 1.00 170.73
169.00 243.00 0.00 4.00 188.83
66.00 2.00 1.00 3.00 184.98
236.00 146.00 0.00 3.00 123.16
142.00 47.00 1.00 4.00 118.15
173.00 237.00 0.00 4.00 103.44
150.00 100.00 0.00 3.00 122.69
62.00 213.00 0.00 1.00 126.83
238.00 244.00 1.00 5.00 171.34
45.00 247.00 1.00 5.00 167.16
249.00 236.00 0.00 1.00 63.73
202.00 188.00 0.00 2.00 189.29
242.00 232.00 1.00 5.00 99.90
114.00 241.00 0.00 2.00 56.70
226.00 115.00 0.00 5.00 194.70
241.00 122.00 0.00 5.00 80.11
242.00 236.00 0.00 3.00 66.51
239.00 246.00 1.00 1.00 182.68
144.00 68.00 0.00 1.00 57.71
239.00 172.00 1.00 5.00 153.60
249.00 180.00 0.00 1.00 124.71
35.00 243.00 1.00 3.00 193.64
227.00 197.00 1.00 4.00 128.08
249.00 238.00 0.00 4.00 32.43
78.00 200.00 0.00 2.00 57.64
110.00 21.00 1.00 1.00 155.27
130.00 243.00 0.00 2.00 66.53
13.00 237.00 1.00 2.00 78.11
141.00 81.00 0.00 2.00 132.33
221.00 242.00 0.00 1.00 38.26
246.00 240.00 1.00 1.00 177.85
251.00 119.00 0.00 5.00 149.79
251.00 6.00 0.00 5.00 36.16
251.00 238.00 1.00 4.00 185.63
237.00 251.00 0.00 3.00 56.71
245.00 238.00 1.00 1.00 151.20
89.00 237.00 1.00 2.00 107.82
228.00 246.00 1.00 2.00 49.44
240.00 126.00 0.00 2.00 136.43
241.00 250.00 0.00 5.00 94.29
214.00 246.00 1.00 5.00 96.17
144.00 93.00 1.00 4.00 42.62
238.00 10.00 0.00 5.00 76.51
168.00 241.00 1.00 3.00 129.69
245.00 236.00 0.00 4.00 69.90
247.00 236.00 1.00 5.00 121.84
237.00 157.00 1.00 1.00 142.59
185.00 10.00 0.00 5.00 101.22
28.00 120.00 0.00 5.00 142.02
223.00 127.00 1.00 5.00 191.38
247.00 183.00 1.00 4.00 183.88
242.00 211.00 1.00 2.00 51.42
244.00 236.00 1.00 3.00 99.58
246.00 236.00 1.00 3.00 72.44
244.00 251.00 0.00 3.00 71.66
198.00 54.00 0.00 3.00 192.53
128.00 181.00 0.00 4.00 78.52
243.00 247.00 0.00 3.00 171.07
93.00 247.00 0.00 3.00 61.10
67.00 245.00 0.00 1.00 84.78
244.00 241.00 0.00 4.00 141.95
249.00 242.00 0.00 3.00 88.77
249.00 239.00 0.00 1.00 188.98
132.00 183.00 1.00 1.00 49.29
249.00 7.00 1.00 3.00 57.26
95.00 31.00 1.00 3.00 76.45
164.00 243.00 1.00 4.00 157.95
245.00 241.00 0.00 4.00 121.63
247.00 236.00 1.00 2.00 191.21
239.00 244.00 1.00 2.00 47.03
73.00 240.00 1.00 3.00 95.50
191.00 61.00 0.00 3.00 129.21
241.00 248.00 1.00 3.00 54.28
128.00 72.00 1.00 4.00 94.28
237.00 41.00 0.00 5.00 32.98
137.00 220.00 0.00 5.00 95.09
238.00 251.00 0.00 3.00 194.00
55.00 147.00 1.00 1.00 52.45
245.00 145.00 0.00 2.00 41.40
14.00 241.00 0.00 4.00 166.73
142.00 230.00 1.00 1.00 162.63
244.00 241.00 0.00 1.00 86.32
48.00 241.00 0.00 4.00 69.73
246.00 243.00 0.00 4.00 62.23
244.00 141.00 0.00 2.00 161.19
249.00 192.00 1.00 4.00 146.21
238.00 251.00 0.00 2.00 116.38
39.00 206.00 1.00 1.00 93.08
237.00 249.00 0.00 1.00 83.58
168.00 245.00 0.00 4.00 135.27
185.00 48.00 1.00 5.00 63.96
158.00 140.00 1.00 2.00 168.31
251.00 96.00 1.00 4.00 112.33
242.00 250.00 0.00 4.00 183.72
86.00 238.00 0.00 4.00 110.25
125.00 249.00 0.00 4.00 42.91
192.00 182.00 1.00 4.00 156.06
19.00 240.00 0.00 4.00 148.42
238.00 250.00 1.00 1.00 116.34
241.00 251.00 0.00 3.00 154.62
10.00 248.00 1.00 4.00 152.55
9.00 244.00 1.00 2.00 148.46
249.00 243.00 0.00 4.00 141.32
242.00 118.00 1.00 1.00 44.64
45.00 247.00 0.00 5.00 57.62
243.00 251.00 1.00 5.00 119.79
248.00 111.00 1.00 3.00 70.97
241.00 251.00 1.00 1.00 102.55
242.00 236.00 1.00 5.00 38.01
236.00 246.00 0.00 1.00 100.10
11.00 111.00 0.00 5.00 168.59
251.00 242.00 1.00 1.00 164.22
251.00 41.00 1.00 2.00 63.49
249.00 147.00 0.00 3.00 177.90
119.00 74.00 1.00 1.00 67.47
99.00 220.00 0.00 1.00 71.76
117.00 242.00 0.00 3.00 73.64
211.00 251.00 0.00 1.00 38.15
171.00 248.00 1.00 5.00 37.03
242.00 246.00 0.00 5.00 164.56
250.00 238.00 1.00 2.00 185.67
251.00 221.00 1.00 3.00 185.10
245.00 243.00 0.00 4.00 120.22
229.00 82.00 0.00 3.00 155.06
154.00 249.00 0.00 1.00 189.11
214.00 69.00 0.00 3.00 74.40
49.00 241.00 0.00 3.00 94.67
123.00 243.00 0.00 2.00 117.22
148.00 249.00 1.00 1.00 183.31
145.00 27.00 0.00 4.00 196.81
125.00 149.00 0.00 5.00 30.76
59.00 43.00 1.00 2.00 192.30
244.00 62.00 0.00 2.00 172.49
163.00 65.00 0.00 4.00 69.82
53.00 240.00 0.00 4.00 135.63
106.00 34.00 1.00 4.00 40.81
239.00 232.00 1.00 3.00 100.01
238.00 216.00 0.00 2.00 120.18
242.00 101.00 0.00 1.00 146.45
38.00 237.00 1.00 2.00 104.82
160.00 35.00 0.00 2.00 70.96
207.00 173.00 1.00 3.00 33.72
237.00 172.00 0.00 5.00 102.66
27.00 173.00 1.00 2.00 65.25
251.00 239.00 0.00 1.00 89.69
240.00 92.00 1.00 5.00 173.10
242.00 228.00 0.00 5.00 105.89
131.00 246.00 1.00 4.00 47.95
50.00 102.00 0.00 3.00 127.45
251.00 90.00 1.00 2.00 37.47
236.00 247.00 1.00 2.00 55.71
234.00 58.00 1.00 5.00 106.10
74.00 250.00 1.00 4.00 31.38
131.00 243.00 0.00 2.00 46.10
237.00 248.00 0.00 2.00 97.77
133.00 236.00 0.00 1.00 35.84
142.00 100.00 0.00 1.00 191.23
