240.00 163.00 1.00 3.00 52.41
236.00 59.00 0.00 1.00 154.37
123.00 237.00 0.00 2.00 81.45
250.00 59.00 1.00 3.00 77.02
198.00 186.00 1.00 4.00 142.98
220.00 244.00 1.00 4.00 193.19
235.00 240.00 0.00 4.00 142.02
14.00 4.00 0.00 2.00 189.06
245.00 187.00 0.00 1.00 177.80
250.00 243.00 1.00 4.00 172.71
203.00 248.00 0.00 3.00 89.53
242.00 56.00 1.00 4.00 62.35
240.00 103.00 1.00 5.00 157.21
246.00 77.00 1.00 5.00 53.31
248.00 26.00 1.00 4.00 153.64
247.00 128.00 1.00 2.00 118.06
237.00 246.00 1.00 4.00 85.92
88.00 249.00 1.00 4.00 39.79
242.00 143.00 1.00 1.00 40.78
29.00 95.00 1.00 3.00 122.08
251.00 176.00 0.00 4.00 31.47
180.00 249.00 0.00 4.00 135.66
21.00 248.00 1.00 1.00 116.53
239.00 95.00 1.00 4.00 173.75
220.00 246.00 0.00 2.00 78.07
241.00 248.00 1.00 2.00 32.87
209.00 246.00 1.00 5.00 94.03
157.00 250.00 0.00 4.00 51.12
183.00 238.00 1.00 5.00 166.25
98.00 69.00 0.00 4.00 122.43
249.00 231.00 1.00 3.00 159.13
83.00 250.00 0.00 1.00 54.21
250.00 65.00 0.00 5.00 66.20
119.00 235.00 0.00 4.00 171.36
239.00 188.00 0.00 5.00 86.43
245.00 208.00 1.00 1.00 124.95
243.00 68.00 0.00 4.00 97.75
45.00 191.00 0.00 5.00 158.93
125.00 244.00 0.00 2.00 151.12
239.00 193.00 1.00 5.00 93.54
251.00 245.00 0.00 4.00 80.78
50.00 62.00 1.00 2.00 142.82
168.00 244.00 1.00 4.00 73.03
240.00 129.00 1.00 2.00 99.02
250.00 187.00 0.00 2.00 31.47
164.00 175.00 0.00 5.00 133.65
238.00 244.00 1.00 2.00 114.18
229.00 244.00 0.00 2.00 45.94
242.00 236.00 1.00 2.00 154.13
12.00 208.00 1.00 4.00 133.24
239.00 165.00 1.00 1.00 108.98
239.00 235.00 0.00 2.00 85.99
251.00 242.00 0.00 1.00 145.68
241.00 178.00 1.00 3.00 40.35
143.00 51.00 0.00 1.00 68.63
250.00 77.00 0.00 4.00 50.87
211.00 185.00 0.00 5.00 144.50
129.00 244.00 1.00 3.00 150.14
246.00 24.00 0.00 3.00 173.71
243.00 236.00 1.00 2.00 70.25
250.00 167.00 1.00 4.00 186.77
190.00 238.00 0.00 3.00 198.88
191.00 248.00 0.00 5.00 64.20
238.00 157.00 0.00 1.00 30.64
144.00 114.00 1.00 5.00 191.27
242.00 250.00 1.00 2.00 95.55
238.00 250.00 1.00 4.00 97.86
251.00 158.00 0.00 5.00 106.67
207.00 91.00 1.00 4.00 162.30
241.00 250.00 0.00 4.00 183.08
80.00 185.00 0.00 1.00 144.38
80.00 251.00 0.00 1.00 162.65
197.00 50.00 0.00 1.00 183.15
193.00 242.00 1.00 3.00 106.15
248.00 238.00 1.00 2.00 38.07
26.00 251.00 0.00 1.00 164.48
58.00 244.00 1.00 1.00 114.76
9.00 241.00 1.00 3.00 138.87
68.00 240.00 1.00 2.00 150.48
58.00 62.00 0.00 2.00 168.09
248.00 241.00 1.00 3.00 76.54
221.00 242.00 1.00 4.00 46.67
243.00 132.00 0.00 4.00 73.72
65.00 247.00 1.00 2.00 33.93
250.00 25.00 0.00 1.00 173.71
108.00 240.00 1.00 5.00 102.15
106.00 246.00 1.00 2.00 114.81
239.00 247.00 0.00 5.00 86.06
246.00 75.00 0.00 3.00 78.83
3.00 151.00 1.00 1.00 89.99
240.00 154.00 1.00 4.00 102.28
113.00 246.00 0.00 3.00 89.66
238.00 249.00 0.00 3.00 120.19
75.00 248.00 1.00 1.00 111.16
246.00 240.00 1.00 4.00 126.65
126.00 237.00 1.00 1.00 30.04
242.00 248.00 1.00 5.00 139.72
163.00 125.00 1.00 3.00 171.80
170.00 236.00 1.00 1.00 178.46
197.00 101.00 0.00 2.00 84.14
169.00 239.00 1.00 5.00 183.03
120.00 245.00 1.00 5.00 138.39
249.00 237.00 1.00 4.00 113.62
49.00 237.00 0.00 5.00 150.64
155.00 85.00 0.00 2.00 74.13
241.00 234.00 1.00 3.00 70.21
184.00 251.00 0.00 2.00 146.24
238.00 206.00 0.00 5.00 179.55
8.00 82.00 0.00 5.00 197.20
41.00 196.00 1.00 5.00 186.59
248.00 167.00 1.00 1.00 104.30
246.00 239.00 1.00 1.00 185.43
243.00 246.00 1.00 1.00 147.40
109.00 13.00 1.00 4.00 157.39
70.00 247.00 1.00 4.00 96.00
236.00 245.00 1.00 4.00 76.23
242.00 251.00 0.00 2.00 60.97
245.00 237.00 1.00 1.00 163.57
237.00 185.00 0.00 3.00 194.57
250.00 237.00 1.00 4.00 32.85
185.00 242.00 0.00 2.00 112.55
52.00 248.00 0.00 4.00 69.62
150.00 238.00 1.00 5.00 93.77
15.00 251.00 0.00 4.00 133.35
142.00 242.00 0.00 4.00 114.52
33.00 243.00 0.00 1.00 119.69
165.00 250.00 0.00 1.00 41.94
112.00 221.00 1.00 2.00 86.11
193.00 23.00 1.00 3.00 72.96
74.00 7.00 0.00 5.00 77.29
112.00 122.00 0.00 5.00 131.33
188.00 248.00 1.00 4.00 120.55
247.00 243.00 0.00 1.00 94.29
245.00 241.00 1.00 3.00 124.90
220.00 167.00 0.00 2.00 121.87
240.00 248.00 0.00 5.00 177.20
131.00 140.00 1.00 1.00 104.09
248.00 242.00 1.00 1.00 157.82
243.00 245.00 1.00 5.00 170.83
27.00 249.00 0.00 4.00 80.70
78.00 238.00 1.00 4.00 128.66
240.00 88.00 0.00 1.00 70.85
20.00 251.00 1.00 4.00 36.37
12.00 129.00 1.00 5.00 45.74
249.00 208.00 1.00 4.00 32.11
38.00 189.00 1.00 3.00 38.98
241.00 250.00 1.00 4.00 96.15
16.00 238.00 1.00 3.00 88.32
228.00 11.00 0.00 2.00 42.41
35.00 112.00 0.00 1.00 109.55
154.00 112.00 1.00 4.00 115.34
85.00 241.00 1.00 1.00 109.37
249.00 12.00 1.00 5.00 42.11
244.00 134.00 1.00 4.00 144.57
237.00 246.00 1.00 5.00 158.71
121.00 244.00 1.00 1.00 186.35
238.00 251.00 1.00 4.00 143.45
32.00 203.00 1.00 3.00 194.58
238.00 247.00 0.00 2.00 160.14
227.00 244.00 1.00 4.00 34.67
238.00 80.00 1.00 5.00 72.61
239.00 248.00 0.00 1.00 86.42
251.00 110.00 0.00 1.00 93.83
225.00 237.00 1.00 5.00 182.58
157.00 211.00 0.00 1.00 93.98
185.00 244.00 1.00 3.00 179.47
243.00 244.00 1.00 4.00 49.57
249.00 188.00 1.00 1.00 165.59
93.00 13.00 0.00 4.00 32.38
178.00 51.00 0.00 4.00 128.38
71.00 204.00 1.00 1.00 186.67
61.00 39.00 1.00 5.00 68.59
27.00 170.00 0.00 1.00 125.66
241.00 136.00 0.00 1.00 91.36
70.00 236.00 1.00 2.00 154.13
164.00 141.00 1.00 3.00 118.08
245.00 240.00 1.00 3.00 53.68
248.00 77.00 1.00 5.00 88.32
90.00 242.00 0.00 1.00 31.03
242.00 250.00 0.00 2.00 166.11
240.00 249.00 0.00 2.00 124.48
140.00 13.00 1.00 3.00 48.76
237.00 248.00 0.00 4.00 125.83
12.00 237.00 1.00 5.00 109.41
245.00 240.00 1.00 2.00 54.66
131.00 242.00 1.00 4.00 131.10
110.00 95.00 0.00 4.00 46.09
236.00 250.00 1.00 5.00 168.38
250.00 211.00 1.00 2.00 168.98
122.00 244.00 1.00 3.00 134.48
248.00 102.00 0.00 3.00 79.42
249.00 194.00 1.00 4.00 197.04
247.00 241.00 0.00 4.00 58.76
240.00 87.00 0.00 5.00 86.69
192.00 248.00 1.00 5.00 95.64
91.00 121.00 0.00 3.00 176.94
99.00 36.00 0.00 3.00 128.96
246.00 236.00 1.00 2.00 54.02
4.00 215.00 0.00 1.00 183.70
150.00 94.00 1.00 1.00 199.51
15.00 236.00 0.00 1.00 101.10
169.00 156.00 0.00 1.00 167.10
10.00 23.00 1.00 1.00 70.23
133.00 39.00 0.00 2.00 44.93
90.00 177.00 0.00 4.00 95.69
238.00 247.00 0.00 2.00 144.61
172.00 188.00 0.00 1.00 124.34
110.00 247.00 1.00 3.00 92.41
223.00 239.00 1.00 3.00 55.43
69.00 243.00 0.00 4.00 159.72
244.00 125.00 1.00 5.00 105.33
237.00 247.00 0.00 2.00 114.97
24.00 244.00 1.00 5.00 70.17
196.00 57.00 1.00 2.00 31.45
247.00 65.00 0.00 2.00 125.75
234.00 240.00 1.00 3.00 149.96
237.00 63.00 0.00 4.00 147.93
204.00 182.00 0.00 3.00 46.00
232.00 124.00 1.00 3.00 149.53
73.00 241.00 1.00 2.00 80.31
243.00 205.00 1.00 3.00 195.56
249.00 181.00 1.00 2.00 102.07
173.00 241.00 0.00 4.00 147.05
46.00 239.00 0.00 1.00 118.46
247.00 226.00 0.00 4.00 140.03
242.00 55.00 0.00 4.00 58.19
240.00 246.00 0.00 4.00 162.58
129.00 242.00 1.00 1.00 68.36
48.00 240.00 0.00 3.00 198.42
244.00 69.00 0.00 3.00 89.59
214.00 131.00 1.00 4.00 88.18
23.00 249.00 1.00 4.00 84.57
84.00 8.00 1.00 1.00 120.78
247.00 242.00 1.00 5.00 97.79
238.00 95.00 0.00 1.00 59.02
244.00 241.00 1.00 1.00 94.37
39.00 20.00 1.00 3.00 91.71
39.00 109.00 1.00 4.00 125.56
238.00 134.00 1.00 3.00 82.42
245.00 132.00 1.00 1.00 164.65
48.00 245.00 1.00 4.00 102.34
250.00 211.00 0.00 4.00 113.89
71.00 241.00 0.00 1.00 89.73
242.00 73.00 0.00 1.00 94.67
246.00 237.00 0.00 5.00 48.92
250.00 239.00 0.00 2.00 150.62
239.00 251.00 0.00 4.00 127.96
240.00 250.00 1.00 3.00 149.39
249.00 242.00 0.00 5.00 109.74
213.00 31.00 0.00 3.00 180.47
237.00 136.00 1.00 5.00 73.70
76.00 128.00 0.00 4.00 183.08
73.00 238.00 0.00 5.00 195.93
245.00 239.00 0.00 4.00 181.22
242.00 91.00 1.00 1.00 178.56
243.00 119.00 0.00 2.00 64.64
225.00 240.00 0.00 1.00 64.74
234.00 207.00 0.00 5.00 59.47
250.00 70.00 1.00 4.00 167.08
150.00 77.00 0.00 3.00 171.60
183.00 172.00 1.00 5.00 134.49
245.00 238.00 0.00 4.00 99.88
46.00 108.00 0.00 1.00 55.25
23.00 15.00 0.00 1.00 126.65
237.00 243.00 0.00 2.00 179.54
243.00 248.00 0.00 3.00 156.31
236.00 197.00 1.00 5.00 152.94
43.00 241.00 0.00 2.00 124.53
250.00 244.00 1.00 4.00 141.53
149.00 248.00 1.00 3.00 131.77
245.00 75.00 0.00 3.00 169.53
117.00 28.00 1.00 4.00 145.50
238.00 214.00 0.00 5.00 167.10
69.00 244.00 0.00 3.00 128.19
147.00 162.00 0.00 4.00 123.74
250.00 240.00 1.00 2.00 198.06
219.00 239.00 0.00 4.00 198.33
31.00 251.00 1.00 2.00 79.51
248.00 237.00 1.00 3.00 40.76
248.00 90.00 0.00 1.00 30.50
81.00 179.00 0.00 3.00 115.99
195.00 251.00 0.00 4.00 33.97
159.00 31.00 1.00 5.00 35.66
250.00 238.00 0.00 4.00 184.52
237.00 249.00 0.00 2.00 97.15
238.00 48.00 1.00 1.00 157.74
237.00 243.00 0.00 1.00 70.65
238.00 139.00 1.00 2.00 42.94
46.00 99.00 0.00 3.00 131.23
239.00 246.00 1.00 2.00 138.71
249.00 64.00 1.00 4.00 151.84
248.00 189.00 0.00 4.00 49.80
137.00 246.00 1.00 2.00 108.69
248.00 54.00 0.00 5.00 95.45
244.00 142.00 1.00 2.00 178.51
10.00 245.00 0.00 1.00 169.03
184.00 240.00 0.00 3.00 83.58
104.00 235.00 0.00 3.00 174.51
237.00 219.00 0.00 4.00 177.35
237.00 244.00 0.00 2.00 162.52
109.00 227.00 0.00 1.00 117.72
99.00 10.00 0.00 1.00 47.31
79.00 181.00 0.00 4.00 56.51
247.00 223.00 1.00 5.00 168.26
243.00 251.00 1.00 5.00 125.01
246.00 16.00 1.00 4.00 151.85
239.00 251.00 1.00 5.00 163.26
206.00 250.00 0.00 2.00 158.10
251.00 236.00 1.00 5.00 190.02
3.00 153.00 1.00 5.00 31.67
237.00 140.00 0.00 2.00 88.83
196.00 237.00 1.00 3.00 66.27
240.00 108.00 0.00 2.00 95.48
239.00 210.00 1.00 5.00 96.16
172.00 250.00 0.00 1.00 194.46
103.00 63.00 1.00 1.00 144.83
90.00 51.00 1.00 3.00 189.20
205.00 151.00 0.00 4.00 139.15
249.00 236.00 1.00 4.00 83.43
86.00 238.00 1.00 3.00 108.99
242.00 37.00 1.00 1.00 62.89
241.00 69.00 0.00 5.00 90.08
251.00 238.00 0.00 3.00 104.51
206.00 237.00 1.00 1.00 181.08
246.00 239.00 0.00 5.00 181.02
128.00 215.00 0.00 5.00 127.06
240.00 212.00 0.00 2.00 175.20
28.00 120.00 0.00 1.00 125.05
240.00 248.00 1.00 2.00 50.32
6.00 239.00 0.00 3.00 36.08
244.00 250.00 1.00 5.00 181.27
182.00 238.00 1.00 4.00 82.33
236.00 250.00 0.00 5.00 70.46
248.00 27.00 0.00 4.00 173.77
114.00 248.00 1.00 3.00 86.14
203.00 115.00 0.00 1.00 98.93
250.00 3.00 0.00 3.00 37.58
16.00 243.00 1.00 3.00 90.37
244.00 33.00 1.00 1.00 83.34
6.00 248.00 0.00 2.00 164.36
183.00 246.00 1.00 2.00 113.36
115.00 243.00 0.00 5.00 38.55
2.00 225.00 1.00 4.00 52.17
240.00 175.00 1.00 3.00 110.87
243.00 49.00 0.00 4.00 51.48
251.00 241.00 1.00 3.00 73.80
121.00 236.00 1.00 1.00 124.02
250.00 165.00 1.00 1.00 133.65
247.00 237.00 0.00 3.00 85.22
240.00 245.00 1.00 4.00 30.08
248.00 127.00 0.00 1.00 63.23
104.00 205.00 0.00 3.00 111.76
243.00 247.00 1.00 1.00 156.86
17.00 228.00 1.00 4.00 184.37
240.00 251.00 0.00 4.00 64.24
246.00 134.00 1.00 4.00 105.19
236.00 200.00 1.00 4.00 52.21
251.00 241.00 0.00 1.00 120.18
1.00 87.00 1.00 2.00 158.68
102.00 251.00 1.00 3.00 197.15
54.00 244.00 1.00 2.00 161.74
236.00 220.00 0.00 5.00 144.46
243.00 251.00 0.00 3.00 41.97
241.00 247.00 0.00 2.00 67.03
244.00 241.00 0.00 5.00 198.34
183.00 141.00 0.00 1.00 159.79
199.00 156.00 1.00 4.00 175.03
76.00 242.00 1.00 1.00 69.34
241.00 245.00 0.00 1.00 157.23
47.00 148.00 0.00 3.00 191.14
244.00 145.00 1.00 5.00 153.04
18.00 89.00 0.00 2.00 142.75
249.00 206.00 1.00 3.00 60.48
238.00 137.00 0.00 1.00 68.48
246.00 242.00 1.00 4.00 67.91
244.00 194.00 0.00 4.00 169.81
241.00 244.00 1.00 3.00 69.80
205.00 173.00 0.00 1.00 85.28
105.00 186.00 1.00 2.00 168.58
93.00 34.00 0.00 5.00 97.63
249.00 218.00 0.00 5.00 110.33
80.00 153.00 0.00 2.00 68.74
251.00 21.00 1.00 4.00 35.10
244.00 241.00 1.00 5.00 75.90
74.00 194.00 1.00 4.00 74.71
100.00 242.00 1.00 5.00 115.92
242.00 107.00 1.00 2.00 67.26
244.00 88.00 1.00 5.00 99.22
180.00 161.00 0.00 1.00 194.23
247.00 18.00 1.00 3.00 56.40
125.00 220.00 0.00 1.00 121.79
27.00 248.00 1.00 5.00 179.41
216.00 102.00 1.00 3.00 136.44
251.00 245.00 0.00 5.00 135.04
216.00 17.00 0.00 5.00 169.25
251.00 132.00 0.00 5.00 76.89
228.00 139.00 1.00 3.00 116.74
5.00 110.00 0.00 4.00 180.18
250.00 117.00 0.00 1.00 173.76
245.00 191.00 1.00 4.00 35.17
131.00 240.00 0.00 5.00 139.13
9.00 250.00 1.00 4.00 190.48
137.00 226.00 1.00 3.00 38.59
80.00 249.00 0.00 4.00 134.16
156.00 249.00 0.00 5.00 191.97
175.00 238.00 0.00 4.00 85.98
237.00 243.00 0.00 3.00 178.32
102.00 85.00 1.00 5.00 181.59
242.00 244.00 0.00 5.00 147.90
16.00 8.00 1.00 3.00 83.50
228.00 133.00 0.00 3.00 160.49
21.00 241.00 0.00 2.00 90.73
122.00 242.00 1.00 4.00 179.65
237.00 245.00 1.00 5.00 197.42
14.00 57.00 1.00 2.00 83.80
117.00 245.00 1.00 2.00 150.52
251.00 156.00 1.00 5.00 156.08
198.00 248.00 1.00 5.00 91.56
209.00 103.00 0.00 1.00 76.08
236.00 153.00 1.00 5.00 123.20
246.00 242.00 0.00 3.00 192.77
166.00 247.00 1.00 3.00 145.34
62.00 248.00 1.00 4.00 63.75
162.00 240.00 0.00 3.00 40.47
240.00 140.00 0.00 2.00 65.60
105.00 238.00 1.00 2.00 56.34
131.00 248.00 1.00 3.00 94.91
186.00 74.00 1.00 5.00 143.71
245.00 240.00 1.00 2.00 67.03
2.00 170.00 1.00 4.00 92.98
245.00 237.00 0.00 3.00 101.77
112.00 250.00 1.00 2.00 177.68
86.00 240.00 0.00 1.00 192.34
247.00 236.00 0.00 4.00 108.45
207.00 250.00 1.00 1.00 161.65
239.00 248.00 1.00 5.00 108.70
150.00 245.00 1.00 5.00 183.17
245.00 219.00 1.00 4.00 132.72
238.00 251.00 1.00 3.00 34.51
245.00 251.00 1.00 2.00 144.45
243.00 206.00 0.00 2.00 127.29
222.00 240.00 0.00 4.00 115.63
246.00 237.00 0.00 3.00 51.34
170.00 242.00 1.00 4.00 178.39
206.00 239.00 1.00 1.00 62.30
107.00 14.00 0.00 4.00 199.47
239.00 163.00 1.00 2.00 52.88
241.00 248.00 0.00 2.00 167.02
89.00 249.00 0.00 1.00 116.51
42.00 173.00 0.00 5.00 108.82
140.00 35.00 0.00 1.00 182.25
158.00 205.00 1.00 3.00 191.78
246.00 238.00 0.00 5.00 122.13
47.00 239.00 1.00 4.00 91.56
243.00 251.00 1.00 1.00 104.56
109.00 228.00 1.00 1.00 192.15
94.00 53.00 1.00 1.00 155.19
150.00 241.00 0.00 5.00 44.96
41.00 209.00 0.00 2.00 47.94
95.00 238.00 0.00 5.00 172.49
245.00 236.00 1.00 2.00 133.62
110.00 250.00 1.00 3.00 68.17
240.00 8.00 0.00 3.00 75.10
135.00 236.00 1.00 3.00 72.90
248.00 126.00 0.00 2.00 157.35
152.00 190.00 1.00 5.00 95.75
147.00 109.00 0.00 1.00 186.67
198.00 238.00 0.00 4.00 184.66
240.00 83.00 1.00 3.00 114.42
83.00 240.00 1.00 1.00 175.52
249.00 240.00 1.00 3.00 107.38
74.00 212.00 0.00 4.00 38.20
88.00 236.00 0.00 1.00 67.37
242.00 121.00 1.00 5.00 162.91
243.00 250.00 1.00 3.00 131.07
244.00 87.00 1.00 5.00 30.98
250.00 238.00 0.00 5.00 179.98
218.00 25.00 0.00 4.00 77.64
71.00 246.00 0.00 4.00 158.90
247.00 164.00 1.00 1.00 173.08
13.00 156.00 1.00 5.00 183.76
237.00 194.00 0.00 1.00 195.01
237.00 244.00 0.00 3.00 119.96
248.00 136.00 0.00 2.00 53.85
241.00 149.00 0.00 4.00 56.27
247.00 239.00 0.00 4.00 101.34
244.00 36.00 1.00 2.00 178.00
189.00 236.00 0.00 1.00 46.00
250.00 142.00 1.00 3.00 31.77
247.00 84.00 1.00 3.00 117.98
244.00 250.00 1.00 5.00 108.55
101.00 126.00 0.00 2.00 54.60
156.00 245.00 1.00 3.00 43.82
149.00 162.00 1.00 5.00 198.17
189.00 250.00 0.00 5.00 133.85
239.00 248.00 1.00 5.00 106.78
78.00 101.00 0.00 5.00 90.60
146.00 186.00 0.00 4.00 169.84
185.00 169.00 0.00 5.00 177.43
238.00 251.00 0.00 4.00 91.91
144.00 240.00 1.00 2.00 184.77
242.00 245.00 0.00 3.00 71.97
84.00 61.00 0.00 3.00 150.19
250.00 236.00 1.00 2.00 52.55
167.00 68.00 1.00 2.00 186.72
141.00 242.00 0.00 2.00 181.42
238.00 116.00 0.00 3.00 72.94
240.00 251.00 0.00 3.00 150.35
155.00 251.00 1.00 5.00 54.27
245.00 238.00 1.00 5.00 185.70
132.00 247.00 1.00 4.00 40.65
31.00 251.00 1.00 1.00 78.86
244.00 242.00 0.00 1.00 105.68
90.00 99.00 1.00 3.00 76.48
110.00 55.00 1.00 4.00 45.33
246.00 87.00 0.00 2.00 86.41
251.00 121.00 1.00 2.00 157.71
231.00 212.00 1.00 5.00 40.29
20.00 105.00 1.00 3.00 143.78
18.00 248.00 1.00 4.00 189.05
102.00 188.00 0.00 4.00 174.71
69.00 239.00 0.00 3.00 92.75
115.00 251.00 0.00 5.00 48.55
163.00 241.00 0.00 2.00 157.60
247.00 236.00 0.00 4.00 31.66
80.00 183.00 0.00 3.00 136.66
36.00 244.00 0.00 2.00 191.38
210.00 50.00 1.00 2.00 129.92
246.00 236.00 0.00 4.00 62.26
16.00 240.00 0.00 4.00 162.45
250.00 195.00 1.00 1.00 71.62
249.00 69.00 0.00 2.00 156.57
238.00 245.00 1.00 1.00 197.48
246.00 190.00 1.00 5.00 132.56
249.00 35.00 0.00 1.00 61.66
148.00 84.00 1.00 2.00 136.17
245.00 242.00 0.00 3.00 80.57
238.00 249.00 1.00 4.00 117.84
27.00 250.00 1.00 3.00 113.19
138.00 247.00 1.00 2.00 50.38
30.00 250.00 1.00 5.00 65.99
103.00 108.00 1.00 4.00 101.25
45.00 247.00 0.00 5.00 125.99
62.00 33.00 1.00 2.00 31.44
239.00 204.00 1.00 5.00 152.88
241.00 55.00 1.00 4.00 145.61
237.00 244.00 1.00 1.00 182.64
157.00 237.00 0.00 3.00 37.81
239.00 244.00 0.00 3.00 48.73
226.00 237.00 1.00 2.00 62.53
238.00 246.00 0.00 4.00 104.80
182.00 238.00 1.00 3.00 159.36
243.00 236.00 0.00 2.00 178.44
130.00 248.00 0.00 3.00 65.67
248.00 241.00 1.00 5.00 165.06
125.00 236.00 1.00 2.00 102.59
177.00 239.00 1.00 1.00 169.34
247.00 239.00 0.00 2.00 142.25
136.00 24.00 1.00 5.00 166.20
250.00 243.00 1.00 4.00 143.29
93.00 237.00 0.00 2.00 113.10
243.00 248.00 1.00 5.00 105.62
243.00 208.00 0.00 1.00 196.22
98.00 42.00 0.00 5.00 142.96
220.00 238.00 1.00 4.00 103.82
238.00 245.00 1.00 2.00 109.92
248.00 94.00 1.00 3.00 119.04
205.00 246.00 0.00 3.00 162.38
124.00 249.00 0.00 2.00 127.11
250.00 241.00 0.00 3.00 93.61
237.00 249.00 0.00 1.00 194.98
176.00 247.00 0.00 4.00 77.49
246.00 242.00 1.00 3.00 154.03
74.00 115.00 0.00 3.00 86.06
238.00 161.00 1.00 2.00 54.93
32.00 236.00 0.00 4.00 181.77
57.00 246.00 0.00 1.00 108.21
240.00 248.00 0.00 2.00 177.77
251.00 240.00 1.00 2.00 138.31
249.00 73.00 1.00 3.00 174.06
144.00 250.00 0.00 1.00 100.87
113.00 245.00 0.00 3.00 91.51
186.00 45.00 0.00 3.00 132.81
244.00 242.00 0.00 3.00 178.34
5.00 248.00 1.00 1.00 70.58
115.00 241.00 1.00 4.00 117.56
244.00 194.00 0.00 2.00 118.00
240.00 210.00 1.00 4.00 85.70
244.00 241.00 1.00 3.00 142.41
251.00 70.00 1.00 5.00 74.21
163.00 188.00 0.00 4.00 97.70
242.00 81.00 1.00 3.00 52.93
77.00 247.00 1.00 3.00 129.52
114.00 87.00 0.00 1.00 151.10
238.00 115.00 0.00 2.00 184.68
168.00 23.00 0.00 2.00 109.81
248.00 239.00 0.00 1.00 75.02
7.00 244.00 1.00 5.00 50.86
243.00 248.00 0.00 4.00 178.33
241.00 147.00 1.00 2.00 30.74
245.00 242.00 0.00 2.00 56.08
237.00 215.00 0.00 4.00 171.23
249.00 237.00 0.00 4.00 184.45
239.00 124.00 0.00 1.00 141.46
246.00 239.00 0.00 5.00 139.24
240.00 246.00 1.00 2.00 75.87
199.00 163.00 1.00 1.00 111.28
246.00 193.00 0.00 3.00 70.92
27.00 250.00 1.00 5.00 126.95
134.00 28.00 0.00 5.00 30.19
248.00 238.00 0.00 2.00 128.94
137.00 153.00 0.00 2.00 166.50
200.00 250.00 0.00 3.00 42.20
232.00 243.00 0.00 1.00 42.38
248.00 9.00 0.00 4.00 44.55
249.00 243.00 0.00 3.00 179.27
38.00 236.00 0.00 5.00 136.11
171.00 31.00 1.00 4.00 115.68
153.00 76.00 1.00 5.00 81.70
220.00 245.00 0.00 3.00 80.91
243.00 236.00 1.00 2.00 90.02
214.00 13.00 1.00 2.00 126.19
162.00 49.00 0.00 2.00 120.79
241.00 251.00 0.00 4.00 51.79
239.00 248.00 0.00 3.00 185.14
250.00 240.00 0.00 5.00 78.40
236.00 250.00 0.00 3.00 108.81
155.00 91.00 1.00 3.00 112.41
148.00 207.00 1.00 5.00 106.29
209.00 127.00 1.00 4.00 119.86
242.00 221.00 1.00 2.00 138.05
111.00 23.00 0.00 1.00 179.19
178.00 223.00 0.00 2.00 167.84
248.00 64.00 0.00 4.00 188.56
240.00 251.00 0.00 1.00 178.63
247.00 239.00 1.00 5.00 49.42
238.00 247.00 0.00 4.00 169.78
237.00 190.00 1.00 4.00 84.62
246.00 126.00 0.00 1.00 84.15
96.00 246.00 1.00 1.00 34.99
122.00 240.00 1.00 1.00 50.88
248.00 104.00 1.00 1.00 134.33
137.00 249.00 1.00 3.00 40.44
242.00 174.00 1.00 5.00 56.93
243.00 168.00 0.00 5.00 47.35
229.00 245.00 1.00 3.00 185.60
214.00 248.00 1.00 3.00 141.70
247.00 155.00 1.00 2.00 157.52
240.00 130.00 0.00 3.00 127.79
115.00 32.00 1.00 2.00 161.30
48.00 109.00 0.00 2.00 175.80
238.00 248.00 0.00 4.00 141.33
251.00 160.00 0.00 2.00 75.87
240.00 62.00 0.00 3.00 92.97
243.00 244.00 1.00 2.00 186.96
219.00 167.00 1.00 2.00 104.57
238.00 216.00 0.00 4.00 67.38
22.00 246.00 0.00 1.00 142.72
233.00 251.00 1.00 2.00 126.59
79.00 249.00 1.00 4.00 48.59
243.00 178.00 1.00 4.00 96.42
172.00 12.00 0.00 1.00 190.65
248.00 243.00 0.00 1.00 38.49
136.00 245.00 0.00 1.00 66.99
247.00 237.00 1.00 2.00 64.79
239.00 246.00 1.00 4.00 99.78
240.00 247.00 0.00 2.00 96.84
248.00 162.00 0.00 4.00 180.79
204.00 248.00 1.00 2.00 132.38
90.00 242.00 1.00 3.00 193.23
165.00 203.00 1.00 3.00 102.58
236.00 244.00 1.00 3.00 30.13
123.00 243.00 0.00 3.00 108.74
242.00 244.00 0.00 2.00 101.61
240.00 212.00 1.00 2.00 138.60
44.00 250.00 0.00 3.00 163.42
241.00 249.00 0.00 3.00 81.69
237.00 11.00 1.00 2.00 134.71
248.00 240.00 0.00 2.00 73.33
251.00 17.00 1.00 2.00 183.66
244.00 240.00 0.00 4.00 83.59
213.00 244.00 1.00 5.00 105.29
246.00 188.00 0.00 3.00 197.13
93.00 249.00 1.00 3.00 51.06
243.00 72.00 0.00 1.00 59.69
77.00 189.00 1.00 4.00 173.82
236.00 247.00 0.00 3.00 104.78
32.00 244.00 1.00 5.00 96.44
247.00 242.00 1.00 2.00 199.92
247.00 221.00 0.00 1.00 144.83
239.00 250.00 1.00 3.00 41.37
251.00 193.00 0.00 4.00 138.78
238.00 251.00 1.00 4.00 133.93
75.00 161.00 0.00 2.00 186.40
236.00 251.00 0.00 1.00 67.87
242.00 127.00 1.00 3.00 50.43
45.00 249.00 0.00 4.00 89.27
15.00 241.00 0.00 1.00 57.15
249.00 237.00 1.00 1.00 177.23
223.00 129.00 0.00 1.00 87.46
108.00 21.00 0.00 1.00 84.24
240.00 215.00 0.00 2.00 47.99
236.00 156.00 1.00 4.00 40.59
89.00 242.00 0.00 3.00 151.23
22.00 40.00 0.00 5.00 73.68
145.00 245.00 0.00 3.00 115.88
247.00 9.00 1.00 2.00 55.47
49.00 221.00 0.00 1.00 88.33
55.00 241.00 0.00 3.00 59.28
185.00 214.00 1.00 5.00 183.75
204.00 245.00 0.00 2.00 121.41
244.00 163.00 1.00 3.00 52.84
244.00 72.00 1.00 3.00 156.47
237.00 182.00 0.00 3.00 185.78
12.00 122.00 0.00 4.00 55.96
70.00 24.00 0.00 2.00 42.03
147.00 236.00 0.00 4.00 116.20
242.00 245.00 0.00 4.00 88.43
237.00 246.00 1.00 2.00 199.77
249.00 90.00 0.00 3.00 109.02
247.00 236.00 0.00 5.00 139.41
241.00 218.00 1.00 5.00 159.95
247.00 121.00 1.00 1.00 94.58
150.00 51.00 0.00 1.00 148.12
42.00 239.00 0.00 2.00 40.55
249.00 236.00 0.00 4.00 43.47
96.00 112.00 0.00 4.00 34.32
239.00 248.00 0.00 1.00 88.39
245.00 76.00 1.00 4.00 82.52
16.00 250.00 1.00 5.00 174.64
236.00 248.00 1.00 1.00 151.72
112.00 43.00 1.00 4.00 132.28
248.00 242.00 1.00 3.00 73.00
239.00 245.00 0.00 3.00 117.74
160.00 244.00 0.00 1.00 165.00
52.00 157.00 0.00 5.00 162.19
238.00 46.00 0.00 2.00 114.28
249.00 241.00 1.00 3.00 148.22
247.00 241.00 0.00 4.00 74.77
247.00 241.00 1.00 1.00 90.87
249.00 70.00 1.00 5.00 111.99
233.00 179.00 1.00 2.00 95.02
240.00 245.00 0.00 2.00 102.39
101.00 247.00 1.00 2.00 40.28
236.00 136.00 0.00 2.00 45.32
247.00 141.00 0.00 1.00 142.13
63.00 223.00 1.00 5.00 81.86
237.00 244.00 0.00 4.00 172.95
149.00 210.00 0.00 3.00 65.08
242.00 244.00 1.00 4.00 76.06
251.00 239.00 1.00 3.00 99.12
146.00 249.00 1.00 3.00 162.28
94.00 202.00 0.00 2.00 44.01
75.00 248.00 0.00 3.00 169.33
69.00 30.00 1.00 1.00 173.23
251.00 0.00 1.00 2.00 63.08
250.00 47.00 1.00 5.00 164.27
242.00 209.00 0.00 5.00 156.72
241.00 246.00 1.00 2.00 68.05
243.00 249.00 1.00 3.00 34.29
87.00 236.00 1.00 5.00 191.89
236.00 242.00 1.00 1.00 191.14
186.00 240.00 0.00 4.00 189.13
241.00 140.00 1.00 1.00 150.04
87.00 247.00 1.00 2.00 118.52
217.00 239.00 1.00 4.00 63.34
249.00 242.00 1.00 4.00 128.33
101.00 246.00 1.00 4.00 87.42
249.00 113.00 1.00 5.00 130.17
45.00 246.00 0.00 1.00 41.79
172.00 25.00 1.00 4.00 60.97
244.00 238.00 0.00 4.00 53.21
8.00 70.00 1.00 5.00 120.34
251.00 169.00 1.00 1.00 35.33
134.00 92.00 1.00 5.00 176.58
51.00 22.00 1.00 1.00 127.73
238.00 247.00 0.00 1.00 88.44
190.00 246.00 1.00 3.00 124.48
150.00 212.00 1.00 5.00 199.44
157.00 242.00 1.00 2.00 101.88
250.00 23.00 0.00 4.00 31.80
251.00 240.00 1.00 5.00 137.62
250.00 125.00 0.00 1.00 93.41
245.00 37.00 0.00 4.00 43.23
238.00 247.00 0.00 3.00 50.33
247.00 31.00 1.00 2.00 60.07
224.00 112.00 0.00 1.00 128.65
237.00 250.00 1.00 4.00 100.07
36.00 239.00 1.00 5.00 139.89
242.00 164.00 0.00 3.00 144.82
201.00 238.00 1.00 5.00 197.14
241.00 246.00 0.00 2.00 104.97
238.00 244.00 0.00 4.00 129.49
248.00 240.00 0.00 2.00 62.56
243.00 177.00 1.00 5.00 131.06
96.00 251.00 1.00 5.00 80.79
249.00 33.00 0.00 3.00 117.79
75.00 185.00 0.00 1.00 97.70
188.00 205.00 0.00 4.00 66.01
170.00 242.00 0.00 2.00 199.06
236.00 249.00 1.00 1.00 158.29
223.00 239.00 0.00 4.00 91.74
248.00 176.00 1.00 5.00 169.28
26.00 58.00 1.00 4.00 145.20
214.00 4.00 1.00 3.00 70.61
248.00 236.00 1.00 3.00 31.49
102.00 237.00 1.00 3.00 65.21
27.00 247.00 1.00 4.00 113.58
240.00 176.00 0.00 4.00 53.19
109.00 247.00 1.00 5.00 137.45
187.00 246.00 1.00 2.00 63.64
42.00 245.00 1.00 2.00 162.67
147.00 240.00 0.00 4.00 106.92
240.00 251.00 1.00 2.00 103.08
171.00 185.00 1.00 1.00 123.74
99.00 237.00 1.00 2.00 46.81
188.00 227.00 1.00 3.00 92.82
75.00 250.00 0.00 1.00 140.43
243.00 216.00 1.00 5.00 64.07
242.00 245.00 1.00 2.00 63.46
22.00 27.00 0.00 5.00 114.09
236.00 243.00 0.00 4.00 40.09
240.00 21.00 1.00 3.00 80.67
33.00 246.00 1.00 4.00 93.84
241.00 222.00 0.00 2.00 159.11
109.00 244.00 1.00 5.00 112.69
250.00 57.00 0.00 3.00 64.75
215.00 146.00 0.00 3.00 38.76
237.00 124.00 1.00 4.00 32.38
21.00 243.00 0.00 3.00 177.96
236.00 248.00 0.00 1.00 110.89
67.00 249.00 0.00 4.00 69.07
250.00 241.00 1.00 5.00 140.00
246.00 207.00 1.00 5.00 174.79
237.00 158.00 1.00 5.00 39.44
251.00 240.00 0.00 5.00 142.81
243.00 50.00 0.00 3.00 151.83
246.00 209.00 1.00 4.00 183.54
242.00 70.00 0.00 3.00 178.22
238.00 245.00 1.00 4.00 76.09
131.00 53.00 0.00 2.00 153.55
237.00 61.00 1.00 5.00 197.63
243.00 59.00 0.00 4.00 97.82
244.00 243.00 1.00 5.00 89.87
55.00 156.00 1.00 2.00 66.33
14.00 244.00 0.00 2.00 112.52
239.00 250.00 1.00 1.00 174.93
250.00 81.00 0.00 4.00 89.34
236.00 251.00 0.00 2.00 91.43
239.00 140.00 0.00 4.00 97.86
239.00 250.00 0.00 5.00 78.44
247.00 243.00 1.00 1.00 145.78
231.00 250.00 0.00 5.00 99.73
5.00 240.00 1.00 5.00 136.16
248.00 238.00 0.00 3.00 120.40
83.00 30.00 0.00 2.00 32.60
57.00 246.00 0.00 3.00 192.70
152.00 86.00 0.00 1.00 156.72
28.00 49.00 1.00 4.00 62.57
79.00 238.00 0.00 4.00 32.07
111.00 244.00 1.00 5.00 38.90
237.00 127.00 0.00 2.00 198.47
245.00 239.00 0.00 5.00 37.30
223.00 249.00 1.00 5.00 30.89
244.00 237.00 1.00 4.00 86.62
237.00 250.00 1.00 2.00 152.26
76.00 240.00 1.00 5.00 54.56
243.00 218.00 0.00 1.00 103.07
242.00 249.00 1.00 3.00 75.86
70.00 240.00 0.00 2.00 39.75
243.00 251.00 1.00 5.00 36.26
113.00 80.00 0.00 5.00 31.34
245.00 238.00 1.00 5.00 139.17
235.00 74.00 0.00 1.00 193.27
239.00 225.00 0.00 3.00 107.06
84.00 249.00 1.00 2.00 124.52
43.00 13.00 0.00 3.00 88.66
85.00 250.00 0.00 2.00 35.06
195.00 11.00 0.00 4.00 73.80
243.00 220.00 0.00 5.00 114.02
118.00 241.00 0.00 2.00 193.08
237.00 204.00 0.00 3.00 40.46
14.00 115.00 0.00 4.00 146.75
86.00 85.00 0.00 4.00 30.39
12.00 62.00 1.00 2.00 53.12
205.00 76.00 1.00 3.00 139.48
240.00 140.00 1.00 5.00 136.77
242.00 248.00 1.00 1.00 43.08
37.00 247.00 0.00 2.00 92.31
236.00 175.00 1.00 3.00 44.82
96.00 240.00 0.00 3.00 118.98
202.00 211.00 0.00 3.00 59.48
236.00 242.00 1.00 1.00 38.93
242.00 248.00 0.00 5.00 177.77
125.00 197.00 0.00 4.00 108.27
203.00 237.00 0.00 3.00 37.40
188.00 247.00 1.00 5.00 54.81
76.00 18.00 1.00 1.00 158.20
229.00 241.00 0.00 4.00 109.56
174.00 74.00 0.00 3.00 81.33
225.00 241.00 0.00 2.00 117.75
250.00 146.00 0.00 4.00 155.81
245.00 240.00 0.00 3.00 122.29
150.00 241.00 0.00 2.00 89.57
69.00 64.00 0.00 3.00 127.37
249.00 135.00 1.00 2.00 199.64
219.00 239.00 0.00 4.00 49.77
186.00 16.00 0.00 5.00 129.06
244.00 237.00 1.00 1.00 147.68
242.00 236.00 0.00 3.00 81.36
110.00 82.00 1.00 2.00 137.19
105.00 243.00 1.00 1.00 116.65
26.00 248.00 1.00 3.00 145.72
20.00 168.00 1.00 5.00 127.43
105.00 77.00 0.00 2.00 119.49
158.00 123.00 1.00 4.00 179.40
239.00 250.00 1.00 5.00 48.58
238.00 162.00 1.00 2.00 175.54
53.00 45.00 1.00 5.00 150.50
51.00 222.00 0.00 3.00 87.42
239.00 244.00 0.00 2.00 47.82
250.00 24.00 0.00 1.00 88.24
235.00 203.00 1.00 2.00 37.02
109.00 152.00 0.00 4.00 80.37
246.00 237.00 0.00 2.00 109.14
250.00 242.00 0.00 1.00 100.98
236.00 242.00 1.00 3.00 176.94
184.00 65.00 0.00 2.00 150.68
249.00 237.00 1.00 4.00 71.95
242.00 182.00 0.00 1.00 103.81
193.00 245.00 0.00 4.00 152.64
244.00 239.00 1.00 5.00 159.20
116.00 40.00 1.00 2.00 147.26
39.00 249.00 1.00 5.00 147.50
204.00 29.00 0.00 1.00 155.04
205.00 240.00 0.00 3.00 71.63
236.00 218.00 0.00 1.00 55.70
239.00 102.00 1.00 2.00 150.73
237.00 246.00 0.00 4.00 132.99
94.00 247.00 0.00 2.00 179.10
246.00 76.00 0.00 5.00 48.92
250.00 240.00 0.00 1.00 76.53
88.00 66.00 0.00 5.00 80.23
120.00 250.00 0.00 4.00 39.15
243.00 236.00 0.00 5.00 45.66
239.00 164.00 1.00 3.00 110.71
242.00 247.00 1.00 3.00 145.62
207.00 89.00 0.00 4.00 131.26
93.00 250.00 1.00 5.00 175.11
247.00 201.00 0.00 5.00 35.24
122.00 102.00 1.00 3.00 149.91
248.00 240.00 0.00 1.00 110.78
243.00 237.00 0.00 5.00 36.86
250.00 135.00 1.00 3.00 50.74
58.00 167.00 1.00 4.00 87.32
143.00 239.00 1.00 3.00 81.39
250.00 239.00 1.00 1.00 64.73
249.00 47.00 1.00 3.00 177.93
240.00 168.00 0.00 4.00 37.38
62.00 239.00 0.00 4.00 57.10
245.00 172.00 1.00 2.00 182.87
247.00 236.00 0.00 4.00 36.37
238.00 180.00 0.00 3.00 104.17
238.00 245.00 0.00 5.00 31.46
212.00 168.00 1.00 4.00 59.54
248.00 240.00 0.00 1.00 149.21
8.00 245.00 1.00 2.00 171.71
242.00 200.00 0.00 1.00 156.87
50.00 237.00 0.00 2.00 123.93
238.00 251.00 1.00 2.00 106.04
246.00 239.00 1.00 1.00 124.45
129.00 116.00 1.00 3.00 69.85
249.00 176.00 1.00 5.00 171.16
22.00 45.00 1.00 4.00 196.54
111.00 251.00 0.00 3.00 99.60
153.00 239.00 0.00 1.00 71.58
243.00 237.00 0.00 3.00 154.71
19.00 98.00 1.00 4.00 198.60
160.00 137.00 1.00 4.00 170.73
240.00 246.00 1.00 4.00 190.27
59.00 245.00 0.00 3.00 115.92
96.00 116.00 0.00 3.00 159.00
245.00 251.00 1.00 5.00 173.79
24.00 195.00 1.00 4.00 93.18
243.00 236.00 0.00 3.00 134.26
246.00 87.00 1.00 5.00 136.84
243.00 244.00 0.00 2.00 186.65
239.00 160.00 0.00 4.00 184.12
251.00 244.00 0.00 2.00 72.34
244.00 243.00 0.00 2.00 89.25
225.00 95.00 0.00 5.00 175.65
143.00 237.00 1.00 2.00 63.39
208.00 248.00 0.00 5.00 50.76
111.00 249.00 1.00 1.00 172.07
250.00 242.00 0.00 5.00 167.31
247.00 147.00 0.00 2.00 117.76
248.00 41.00 0.00 4.00 112.52
218.00 104.00 1.00 5.00 115.56
251.00 240.00 1.00 1.00 189.30
5.00 240.00 0.00 2.00 197.81
48.00 98.00 1.00 5.00 149.18
180.00 242.00 0.00 1.00 72.31
147.00 249.00 1.00 4.00 178.79
106.00 50.00 1.00 5.00 199.60
238.00 234.00 0.00 3.00 109.83
251.00 148.00 0.00 4.00 123.97
249.00 195.00 1.00 3.00 53.33
236.00 208.00 0.00 1.00 183.20
250.00 236.00 0.00 2.00 76.41
244.00 236.00 0.00 1.00 93.17
165.00 246.00 1.00 4.00 84.45
245.00 241.00 0.00 3.00 152.39
239.00 213.00 1.00 2.00 163.90
239.00 244.00 1.00 5.00 65.47
59.00 212.00 1.00 5.00 64.10
191.00 247.00 0.00 2.00 131.17
250.00 237.00 1.00 3.00 156.31
160.00 91.00 1.00 4.00 36.68
118.00 153.00 1.00 1.00 116.39
250.00 241.00 0.00 4.00 83.86
247.00 20.00 0.00 2.00 183.37
250.00 238.00 0.00 1.00 178.94
238.00 196.00 1.00 5.00 132.45
251.00 51.00 1.00 2.00 140.59
251.00 164.00 0.00 1.00 95.06
246.00 175.00 1.00 2.00 77.42
249.00 52.00 1.00 3.00 56.18
251.00 243.00 0.00 5.00 177.24
166.00 224.00 0.00 1.00 127.85
245.00 241.00 0.00 1.00 52.28
246.00 214.00 0.00 3.00 169.73
246.00 128.00 0.00 3.00 92.29
242.00 236.00 1.00 4.00 148.38
249.00 243.00 1.00 2.00 125.48
238.00 210.00 0.00 4.00 156.29
173.00 78.00 1.00 2.00 108.51
102.00 246.00 1.00 5.00 46.98
241.00 249.00 0.00 2.00 159.22
243.00 127.00 0.00 4.00 62.62
140.00 235.00 0.00 5.00 168.25
245.00 230.00 1.00 2.00 40.71
42.00 244.00 0.00 1.00 117.19
239.00 249.00 1.00 3.00 131.56
207.00 240.00 0.00 4.00 71.63
250.00 240.00 0.00 1.00 103.63
75.00 241.00 1.00 1.00 126.09
81.00 124.00 1.00 4.00 88.76
231.00 5.00 1.00 5.00 114.00
96.00 241.00 0.00 2.00 108.04
241.00 249.00 0.00 1.00 136.92
248.00 243.00 1.00 4.00 94.97
245.00 87.00 1.00 1.00 77.10
233.00 238.00 1.00 2.00 46.38
92.00 241.00 0.00 2.00 116.89
237.00 249.00 0.00 2.00 180.04
172.00 226.00 1.00 3.00 113.96
243.00 11.00 1.00 3.00 81.96
251.00 201.00 0.00 1.00 105.04
243.00 250.00 0.00 4.00 92.54
237.00 248.00 1.00 4.00 98.65
241.00 248.00 0.00 3.00 112.10
247.00 185.00 1.00 5.00 77.91
250.00 152.00 1.00 4.00 170.69
241.00 250.00 1.00 1.00 170.75
102.00 250.00 0.00 5.00 66.31
215.00 188.00 1.00 1.00 62.51
244.00 238.00 1.00 1.00 133.12
77.00 229.00 0.00 3.00 123.36
118.00 103.00 0.00 1.00 117.09
113.00 22.00 1.00 1.00 142.76
251.00 46.00 0.00 3.00 108.83
237.00 72.00 0.00 1.00 181.46
251.00 171.00 1.00 2.00 137.77
79.00 55.00 1.00 1.00 175.77
248.00 237.00 0.00 4.00 175.71
238.00 66.00 0.00 4.00 41.83
238.00 222.00 0.00 2.00 66.57
131.00 222.00 1.00 4.00 122.10
236.00 122.00 0.00 3.00 109.55
237.00 245.00 0.00 1.00 130.12
65.00 249.00 1.00 1.00 57.90
251.00 242.00 0.00 5.00 186.21
127.00 246.00 1.00 3.00 67.82
242.00 216.00 1.00 4.00 81.79
44.00 245.00 1.00 1.00 140.27
245.00 163.00 1.00 3.00 196.40
237.00 204.00 0.00 5.00 60.58
131.00 242.00 0.00 4.00 50.15
237.00 204.00 1.00 5.00 90.52
239.00 189.00 1.00 2.00 31.95
238.00 246.00 0.00 4.00 132.36
0.00 196.00 0.00 2.00 117.54
88.00 246.00 0.00 5.00 84.62
249.00 241.00 1.00 4.00 163.91
248.00 236.00 0.00 2.00 103.62
17.00 173.00 0.00 4.00 93.90
237.00 251.00 0.00 5.00 104.98
246.00 134.00 1.00 2.00 114.75
251.00 54.00 0.00 4.00 122.91
239.00 248.00 1.00 1.00 81.70
153.00 247.00 1.00 5.00 46.42
115.00 239.00 1.00 4.00 151.67
242.00 163.00 1.00 2.00 34.74
242.00 248.00 1.00 4.00 38.18
65.00 245.00 1.00 4.00 178.05
1.00 223.00 1.00 3.00 126.36
246.00 34.00 1.00 2.00 49.79
206.00 180.00 1.00 1.00 111.40
206.00 248.00 0.00 4.00 112.46
241.00 250.00 1.00 1.00 94.11
244.00 2.00 0.00 2.00 182.71
238.00 248.00 1.00 3.00 79.33
12.00 250.00 1.00 1.00 121.74
70.00 236.00 1.00 1.00 146.91
247.00 242.00 0.00 3.00 92.28
198.00 250.00 0.00 4.00 103.90
140.00 237.00 1.00 1.00 48.82
81.00 244.00 1.00 2.00 118.31
239.00 246.00 0.00 4.00 159.75
224.00 80.00 0.00 4.00 182.34
239.00 88.00 0.00 4.00 48.23
244.00 43.00 1.00 5.00 165.90
248.00 73.00 0.00 4.00 33.79
241.00 137.00 1.00 2.00 191.91
182.00 45.00 0.00 4.00 104.56
248.00 199.00 1.00 3.00 34.13
251.00 180.00 1.00 5.00 113.62
241.00 2.00 0.00 2.00 166.31
205.00 4.00 1.00 1.00 62.21
237.00 249.00 0.00 2.00 36.41
250.00 236.00 1.00 4.00 78.91
243.00 246.00 0.00 1.00 181.48
241.00 250.00 1.00 4.00 84.96
176.00 250.00 1.00 2.00 148.34
243.00 245.00 1.00 4.00 37.83
243.00 43.00 1.00 1.00 84.05
40.00 235.00 0.00 1.00 175.24
236.00 74.00 0.00 5.00 192.55
239.00 72.00 1.00 4.00 75.15
237.00 244.00 0.00 2.00 39.01
159.00 76.00 1.00 2.00 81.26
37.00 237.00 0.00 2.00 157.85
238.00 247.00 1.00 1.00 136.13
129.00 240.00 1.00 4.00 160.11
243.00 249.00 1.00 1.00 114.38
207.00 91.00 1.00 2.00 43.49
206.00 125.00 0.00 2.00 91.44
17.00 77.00 1.00 3.00 105.48
86.00 163.00 0.00 4.00 81.54
241.00 249.00 0.00 5.00 115.28
120.00 247.00 0.00 3.00 191.23
237.00 251.00 0.00 3.00 62.70
241.00 244.00 1.00 5.00 57.36
245.00 217.00 1.00 1.00 74.61
244.00 243.00 0.00 3.00 125.82
251.00 237.00 1.00 4.00 168.39
248.00 237.00 0.00 3.00 49.98
236.00 12.00 1.00 5.00 95.68
245.00 83.00 1.00 1.00 145.96
87.00 250.00 1.00 1.00 60.54
250.00 238.00 1.00 5.00 50.40
248.00 238.00 1.00 3.00 139.16
168.00 49.00 1.00 2.00 105.23
239.00 248.00 1.00 5.00 117.50
22.00 244.00 1.00 1.00 163.67
221.00 238.00 1.00 5.00 120.94
250.00 118.00 0.00 4.00 94.84
143.00 239.00 0.00 3.00 178.94
28.00 156.00 1.00 4.00 146.78
168.00 24.00 0.00 5.00 152.54
206.00 213.00 0.00 1.00 78.55
238.00 96.00 1.00 3.00 144.54
249.00 238.00 0.00 1.00 101.58
80.00 38.00 0.00 4.00 45.88
238.00 178.00 1.00 4.00 114.63
35.00 133.00 1.00 2.00 165.56
171.00 99.00 1.00 5.00 138.61
98.00 71.00 0.00 3.00 148.51
90.00 243.00 0.00 2.00 105.58
236.00 44.00 0.00 2.00 34.50
250.00 244.00 0.00 4.00 67.27
244.00 167.00 0.00 5.00 165.85
59.00 236.00 1.00 4.00 93.38
244.00 16.00 0.00 1.00 74.14
249.00 240.00 1.00 5.00 55.66
68.00 246.00 1.00 4.00 189.57
237.00 247.00 1.00 4.00 127.73
60.00 243.00 0.00 3.00 49.10
238.00 246.00 1.00 3.00 138.88
247.00 239.00 1.00 2.00 72.09
239.00 251.00 0.00 3.00 70.26
237.00 14.00 1.00 5.00 162.20
108.00 65.00 0.00 1.00 97.85
39.00 19.00 1.00 3.00 190.52
246.00 154.00 0.00 1.00 168.11
237.00 249.00 1.00 1.00 149.50
247.00 76.00 0.00 3.00 146.01
248.00 14.00 1.00 5.00 167.58
17.00 249.00 1.00 3.00 172.97
248.00 236.00 1.00 3.00 86.23
88.00 172.00 0.00 4.00 142.85
129.00 100.00 0.00 4.00 69.15
78.00 236.00 0.00 5.00 177.29
179.00 240.00 1.00 2.00 133.21
198.00 3.00 0.00 4.00 196.98
240.00 248.00 0.00 2.00 153.71
58.00 248.00 0.00 4.00 194.29
242.00 246.00 1.00 4.00 197.66
242.00 172.00 1.00 4.00 42.16
112.00 243.00 1.00 2.00 72.51
155.00 245.00 0.00 3.00 148.94
249.00 239.00 1.00 3.00 95.59
94.00 241.00 1.00 2.00 34.99
237.00 250.00 0.00 5.00 34.97
242.00 50.00 1.00 3.00 92.56
249.00 243.00 0.00 4.00 168.99
244.00 236.00 1.00 3.00 95.59
74.00 242.00 0.00 3.00 129.96
170.00 238.00 1.00 5.00 97.97
245.00 241.00 1.00 2.00 37.46
244.00 189.00 0.00 4.00 40.29
241.00 246.00 1.00 5.00 84.74
248.00 98.00 1.00 4.00 199.58
114.00 79.00 1.00 4.00 38.62
182.00 56.00 0.00 1.00 174.17
239.00 246.00 0.00 1.00 137.96
196.00 106.00 0.00 2.00 61.39
98.00 180.00 0.00 1.00 132.42
243.00 249.00 1.00 1.00 151.02
243.00 232.00 1.00 1.00 185.76
170.00 240.00 1.00 1.00 186.97
14.00 247.00 0.00 1.00 176.30
245.00 239.00 0.00 5.00 124.29
107.00 241.00 1.00 5.00 83.53
250.00 241.00 1.00 1.00 83.68
119.00 248.00 0.00 4.00 48.82
38.00 115.00 1.00 2.00 191.34
155.00 212.00 1.00 1.00 170.83
238.00 251.00 0.00 1.00 134.47
3.00 251.00 1.00 1.00 182.32
236.00 250.00 0.00 5.00 47.02
29.00 11.00 0.00 4.00 104.55
23.00 94.00 1.00 4.00 49.39
169.00 10.00 0.00 4.00 77.41
44.00 250.00 0.00 5.00 87.02
208.00 245.00 0.00 2.00 144.46
37.00 69.00 0.00 4.00 113.18
247.00 239.00 1.00 3.00 150.34
16.00 246.00 1.00 4.00 153.09
248.00 242.00 1.00 4.00 162.94
24.00 247.00 1.00 4.00 90.15
236.00 247.00 0.00 1.00 117.66
221.00 25.00 0.00 5.00 106.38
222.00 180.00 1.00 2.00 105.25
237.00 243.00 0.00 1.00 156.42
242.00 236.00 0.00 1.00 96.95
67.00 240.00 1.00 1.00 80.39
241.00 245.00 0.00 3.00 106.69
251.00 98.00 1.00 4.00 184.97
242.00 248.00 1.00 5.00 153.35
247.00 9.00 1.00 4.00 172.86
126.00 237.00 0.00 5.00 71.72
137.00 208.00 0.00 1.00 155.94
125.00 245.00 0.00 1.00 53.75
144.00 47.00 1.00 4.00 95.56
245.00 106.00 1.00 1.00 170.66
160.00 248.00 1.00 3.00 65.76
251.00 61.00 0.00 1.00 176.75
54.00 156.00 1.00 3.00 43.84
241.00 155.00 0.00 3.00 42.80
206.00 251.00 1.00 3.00 117.37
126.00 238.00 0.00 3.00 87.54
250.00 149.00 1.00 3.00 66.40
209.00 251.00 1.00 1.00 134.53
243.00 248.00 1.00 2.00 138.31
145.00 244.00 1.00 1.00 121.04
240.00 246.00 1.00 1.00 108.29
246.00 237.00 1.00 4.00 104.79
93.00 202.00 1.00 3.00 116.60
197.00 209.00 0.00 1.00 85.32
56.00 251.00 1.00 5.00 68.13
67.00 240.00 1.00 4.00 188.36
247.00 236.00 1.00 4.00 104.77
234.00 166.00 0.00 5.00 37.98
167.00 243.00 0.00 4.00 102.20
251.00 236.00 1.00 4.00 117.80
58.00 75.00 1.00 5.00 157.84
249.00 242.00 1.00 5.00 103.43
247.00 35.00 1.00 2.00 185.09
6.00 30.00 0.00 4.00 198.31
79.00 247.00 0.00 2.00 102.67
243.00 99.00 1.00 1.00 129.64
203.00 241.00 0.00 3.00 56.48
246.00 31.00 0.00 4.00 65.15
249.00 238.00 0.00 3.00 118.30
242.00 33.00 1.00 3.00 46.36
240.00 164.00 1.00 3.00 195.76
6.00 250.00 1.00 5.00 185.61
107.00 47.00 0.00 5.00 53.15
3.00 250.00 0.00 5.00 101.83
