57.00 242.00 1.00 1.00 72.01
110.00 6.00 0.00 5.00 64.40
42.00 237.00 0.00 2.00 93.78
247.00 240.00 0.00 1.00 172.76
206.00 162.00 0.00 3.00 174.36
242.00 245.00 0.00 5.00 140.16
90.00 94.00 1.00 3.00 116.70
234.00 158.00 0.00 4.00 103.02
133.00 202.00 0.00 5.00 49.81
248.00 237.00 0.00 3.00 109.40
247.00 236.00 1.00 3.00 126.88
248.00 241.00 0.00 2.00 191.10
248.00 3.00 0.00 5.00 55.54
238.00 251.00 1.00 4.00 174.50
250.00 238.00 0.00 3.00 182.92
245.00 236.00 0.00 1.00 54.53
239.00 246.00 0.00 1.00 112.25
75.00 250.00 1.00 2.00 115.35
243.00 43.00 0.00 3.00 137.50
69.00 222.00 1.00 2.00 103.59
9.00 243.00 0.00 2.00 164.68
236.00 171.00 1.00 3.00 169.38
72.00 143.00 1.00 2.00 64.98
50.00 248.00 0.00 3.00 119.13
238.00 249.00 1.00 2.00 109.40
249.00 148.00 0.00 5.00 55.60
238.00 220.00 1.00 3.00 113.89
245.00 243.00 0.00 1.00 198.70
246.00 206.00 0.00 1.00 132.07
246.00 239.00 1.00 2.00 150.91
239.00 246.00 1.00 1.00 124.93
240.00 246.00 1.00 3.00 84.21
15.00 246.00 1.00 3.00 193.61
246.00 19.00 0.00 5.00 110.74
239.00 166.00 0.00 5.00 168.01
251.00 49.00 1.00 2.00 101.29
240.00 249.00 0.00 3.00 144.06
245.00 219.00 1.00 3.00 87.31
134.00 48.00 0.00 1.00 136.77
116.00 93.00 1.00 3.00 115.60
239.00 248.00 0.00 1.00 115.22
122.00 248.00 1.00 3.00 69.00
250.00 98.00 0.00 4.00 80.79
245.00 8.00 1.00 1.00 93.26
192.00 236.00 1.00 1.00 197.88
100.00 246.00 1.00 4.00 70.33
219.00 250.00 1.00 4.00 106.34
61.00 145.00 1.00 1.00 183.14
247.00 10.00 0.00 1.00 187.21
239.00 104.00 1.00 4.00 31.97
242.00 245.00 1.00 5.00 102.66
203.00 248.00 1.00 1.00 44.07
1.00 106.00 1.00 2.00 127.95
251.00 239.00 0.00 2.00 80.68
240.00 247.00 1.00 2.00 170.24
241.00 248.00 1.00 2.00 168.46
83.00 245.00 1.00 2.00 187.84
246.00 103.00 0.00 3.00 173.62
166.00 244.00 1.00 2.00 146.21
244.00 123.00 1.00 1.00 190.52
250.00 242.00 0.00 2.00 138.48
248.00 96.00 1.00 2.00 186.05
7.00 56.00 0.00 4.00 134.64
241.00 188.00 0.00 4.00 86.45
191.00 122.00 1.00 2.00 148.27
239.00 248.00 0.00 4.00 66.29
243.00 37.00 0.00 4.00 56.85
16.00 120.00 0.00 3.00 112.93
212.00 238.00 1.00 3.00 138.66
241.00 249.00 1.00 4.00 93.40
115.00 76.00 0.00 5.00 121.50
242.00 245.00 0.00 2.00 134.46
193.00 247.00 1.00 5.00 197.48
62.00 236.00 1.00 1.00 157.26
116.00 245.00 1.00 4.00 38.45
166.00 243.00 0.00 1.00 45.11
248.00 223.00 0.00 5.00 54.97
240.00 251.00 0.00 2.00 90.17
139.00 245.00 0.00 4.00 139.77
237.00 171.00 1.00 5.00 70.83
220.00 236.00 1.00 4.00 31.80
34.00 177.00 1.00 2.00 50.13
77.00 241.00 1.00 4.00 65.76
236.00 218.00 0.00 4.00 183.39
13.00 251.00 1.00 5.00 81.34
105.00 244.00 1.00 1.00 121.26
241.00 143.00 0.00 5.00 64.80
242.00 118.00 0.00 5.00 161.03
248.00 104.00 1.00 2.00 63.01
139.00 250.00 0.00 5.00 89.76
251.00 27.00 1.00 5.00 35.47
250.00 243.00 1.00 1.00 38.18
248.00 239.00 1.00 3.00 154.53
128.00 243.00 1.00 5.00 67.56
21.00 243.00 0.00 1.00 165.56
244.00 5.00 1.00 2.00 99.14
236.00 248.00 1.00 2.00 141.45
242.00 251.00 1.00 2.00 110.53
237.00 249.00 0.00 1.00 97.10
183.00 251.00 0.00 3.00 147.42
242.00 217.00 1.00 4.00 39.44
77.00 250.00 0.00 1.00 66.00
238.00 74.00 1.00 5.00 37.71
242.00 248.00 0.00 1.00 178.11
57.00 248.00 1.00 2.00 138.17
4.00 145.00 1.00 2.00 103.42
244.00 242.00 1.00 3.00 63.82
238.00 245.00 0.00 2.00 192.36
127.00 247.00 1.00 4.00 50.28
152.00 48.00 0.00 4.00 196.65
143.00 228.00 1.00 3.00 61.48
249.00 214.00 1.00 2.00 196.80
93.00 40.00 1.00 5.00 69.91
247.00 240.00 1.00 5.00 66.29
214.00 238.00 0.00 4.00 175.55
236.00 245.00 1.00 5.00 51.42
188.00 210.00 0.00 2.00 37.61
244.00 251.00 1.00 5.00 196.57
239.00 202.00 1.00 1.00 41.55
103.00 251.00 0.00 1.00 70.34
251.00 241.00 0.00 2.00 151.10
247.00 243.00 0.00 1.00 52.86
251.00 238.00 0.00 4.00 124.22
160.00 52.00 0.00 2.00 57.60
241.00 107.00 1.00 2.00 73.82
164.00 250.00 0.00 1.00 69.98
94.00 109.00 1.00 2.00 182.73
5.00 123.00 0.00 1.00 193.88
66.00 9.00 1.00 1.00 120.01
248.00 237.00 1.00 2.00 96.82
185.00 131.00 1.00 3.00 150.43
237.00 107.00 0.00 4.00 91.63
111.00 238.00 1.00 5.00 101.73
238.00 204.00 0.00 4.00 116.78
208.00 236.00 0.00 4.00 155.35
224.00 172.00 0.00 4.00 82.92
251.00 230.00 1.00 3.00 97.85
237.00 168.00 0.00 1.00 163.88
237.00 140.00 0.00 2.00 59.42
167.00 250.00 1.00 1.00 30.91
18.00 71.00 1.00 3.00 34.59
174.00 225.00 0.00 3.00 43.99
99.00 74.00 0.00 5.00 137.67
42.00 237.00 1.00 3.00 114.93
51.00 144.00 1.00 1.00 194.78
251.00 244.00 0.00 5.00 128.56
249.00 221.00 0.00 4.00 114.06
237.00 246.00 1.00 3.00 74.48
242.00 50.00 1.00 3.00 75.00
14.00 247.00 0.00 3.00 180.31
240.00 250.00 0.00 4.00 156.78
51.00 244.00 0.00 4.00 41.51
78.00 0.00 0.00 2.00 154.05
244.00 239.00 1.00 1.00 123.59
245.00 9.00 0.00 1.00 38.11
239.00 167.00 0.00 2.00 107.27
249.00 240.00 0.00 2.00 168.21
63.00 237.00 0.00 4.00 118.93
129.00 182.00 1.00 5.00 108.30
51.00 246.00 1.00 3.00 143.14
164.00 250.00 0.00 2.00 109.38
98.00 240.00 0.00 1.00 91.68
67.00 249.00 1.00 4.00 106.24
45.00 245.00 0.00 3.00 195.14
248.00 175.00 1.00 1.00 151.93
239.00 122.00 0.00 3.00 164.97
7.00 165.00 1.00 5.00 165.31
101.00 112.00 0.00 2.00 110.32
248.00 34.00 1.00 2.00 47.04
176.00 88.00 1.00 4.00 175.46
129.00 93.00 0.00 3.00 53.23
61.00 248.00 1.00 1.00 150.41
248.00 239.00 0.00 2.00 199.01
217.00 248.00 1.00 5.00 150.48
251.00 238.00 1.00 3.00 194.56
243.00 235.00 1.00 5.00 66.21
242.00 179.00 0.00 3.00 100.59
244.00 240.00 0.00 2.00 199.95
156.00 132.00 1.00 4.00 96.02
246.00 139.00 1.00 1.00 154.53
35.00 238.00 0.00 2.00 165.14
242.00 250.00 1.00 2.00 118.04
20.00 218.00 0.00 5.00 133.13
245.00 242.00 1.00 3.00 144.50
222.00 238.00 1.00 5.00 108.02
242.00 198.00 1.00 2.00 78.51
249.00 163.00 0.00 1.00 69.42
240.00 251.00 1.00 4.00 59.15
243.00 251.00 0.00 5.00 104.97
215.00 242.00 0.00 3.00 141.15
136.00 57.00 0.00 5.00 140.28
143.00 251.00 0.00 2.00 187.06
239.00 206.00 1.00 2.00 95.09
242.00 226.00 0.00 4.00 116.58
251.00 76.00 1.00 3.00 44.68
241.00 46.00 1.00 3.00 133.80
214.00 198.00 1.00 4.00 167.77
247.00 74.00 0.00 1.00 121.97
8.00 247.00 1.00 5.00 116.53
201.00 243.00 1.00 3.00 39.98
245.00 18.00 1.00 2.00 165.40
238.00 245.00 0.00 4.00 89.29
100.00 166.00 0.00 4.00 52.10
251.00 132.00 1.00 5.00 165.07
40.00 165.00 1.00 4.00 183.58
248.00 197.00 0.00 5.00 63.13
93.00 129.00 0.00 2.00 133.39
248.00 213.00 0.00 5.00 47.90
248.00 117.00 1.00 3.00 140.60
241.00 247.00 0.00 5.00 92.97
245.00 214.00 1.00 1.00 90.77
183.00 240.00 1.00 3.00 70.76
157.00 215.00 0.00 3.00 48.75
245.00 92.00 1.00 5.00 170.77
86.00 251.00 0.00 3.00 199.58
199.00 240.00 0.00 3.00 78.93
247.00 117.00 1.00 2.00 135.87
241.00 246.00 1.00 3.00 149.47
86.00 236.00 1.00 4.00 117.54
251.00 141.00 0.00 1.00 139.79
218.00 130.00 1.00 5.00 188.82
16.00 34.00 0.00 4.00 54.72
244.00 179.00 0.00 3.00 105.59
214.00 239.00 0.00 1.00 88.02
3.00 236.00 0.00 1.00 130.96
47.00 240.00 0.00 1.00 128.29
171.00 247.00 1.00 4.00 42.67
240.00 17.00 1.00 4.00 58.92
193.00 246.00 1.00 4.00 63.14
241.00 249.00 1.00 4.00 135.43
104.00 240.00 1.00 5.00 151.14
238.00 157.00 1.00 5.00 98.71
142.00 242.00 0.00 5.00 39.08
247.00 90.00 1.00 2.00 141.11
89.00 236.00 0.00 5.00 102.07
239.00 245.00 0.00 3.00 75.20
44.00 239.00 0.00 4.00 194.44
240.00 244.00 1.00 4.00 184.03
241.00 9.00 0.00 2.00 110.80
247.00 242.00 0.00 4.00 145.54
39.00 242.00 1.00 4.00 127.22
246.00 177.00 1.00 3.00 168.93
246.00 180.00 1.00 5.00 153.74
240.00 249.00 1.00 1.00 136.45
245.00 243.00 1.00 2.00 151.89
245.00 164.00 1.00 2.00 61.48
242.00 86.00 0.00 1.00 60.38
250.00 171.00 1.00 2.00 63.51
14.00 233.00 0.00 4.00 34.16
165.00 244.00 0.00 4.00 86.93
244.00 239.00 0.00 1.00 125.60
243.00 247.00 1.00 4.00 146.46
187.00 243.00 1.00 4.00 47.38
246.00 239.00 0.00 5.00 182.48
175.00 182.00 0.00 1.00 186.26
102.00 236.00 0.00 5.00 134.35
248.00 237.00 0.00 4.00 36.69
244.00 236.00 0.00 5.00 60.26
54.00 160.00 0.00 3.00 197.91
11.00 146.00 1.00 1.00 154.38
250.00 45.00 1.00 5.00 168.93
249.00 89.00 1.00 5.00 139.34
212.00 14.00 1.00 3.00 138.09
11.00 244.00 0.00 4.00 111.67
246.00 161.00 0.00 1.00 163.17
213.00 236.00 0.00 2.00 58.21
217.00 247.00 0.00 1.00 81.62
247.00 243.00 1.00 2.00 150.18
6.00 242.00 1.00 4.00 194.64
192.00 136.00 0.00 5.00 41.06
225.00 30.00 0.00 5.00 47.59
238.00 249.00 1.00 5.00 46.81
237.00 125.00 1.00 4.00 141.97
240.00 249.00 1.00 3.00 45.45
139.00 246.00 1.00 5.00 39.33
243.00 148.00 1.00 2.00 40.38
246.00 240.00 0.00 1.00 181.31
241.00 245.00 1.00 5.00 74.72
242.00 6.00 1.00 2.00 195.67
251.00 242.00 0.00 1.00 143.18
114.00 241.00 0.00 5.00 189.85
251.00 161.00 0.00 3.00 101.00
182.00 241.00 0.00 2.00 95.55
242.00 250.00 1.00 2.00 68.88
176.00 24.00 1.00 2.00 51.84
239.00 247.00 1.00 4.00 52.76
203.00 0.00 0.00 5.00 67.56
158.00 106.00 1.00 4.00 177.16
51.00 237.00 1.00 1.00 63.21
226.00 241.00 1.00 1.00 160.64
35.00 123.00 0.00 5.00 56.64
241.00 247.00 0.00 5.00 37.98
52.00 233.00 1.00 1.00 176.27
248.00 47.00 1.00 2.00 110.74
241.00 232.00 0.00 2.00 73.00
250.00 108.00 1.00 4.00 102.92
241.00 135.00 0.00 2.00 142.75
210.00 217.00 1.00 4.00 198.43
243.00 21.00 1.00 1.00 165.30
240.00 244.00 0.00 3.00 96.62
208.00 27.00 1.00 1.00 64.24
87.00 248.00 1.00 4.00 119.87
246.00 239.00 0.00 1.00 142.26
183.00 240.00 0.00 2.00 49.17
249.00 243.00 1.00 3.00 102.71
226.00 243.00 1.00 2.00 177.04
245.00 71.00 1.00 5.00 151.70
236.00 146.00 0.00 3.00 133.97
92.00 238.00 1.00 5.00 41.39
32.00 75.00 1.00 3.00 100.73
239.00 195.00 0.00 4.00 189.04
11.00 250.00 1.00 3.00 176.29
193.00 249.00 0.00 3.00 74.91
12.00 249.00 0.00 2.00 158.19
200.00 68.00 0.00 2.00 112.60
248.00 243.00 0.00 2.00 148.25
243.00 229.00 0.00 3.00 138.46
156.00 245.00 1.00 3.00 123.16
247.00 238.00 0.00 2.00 110.70
199.00 59.00 1.00 4.00 150.32
10.00 244.00 1.00 3.00 57.19
84.00 39.00 0.00 4.00 45.33
197.00 237.00 1.00 5.00 35.45
236.00 91.00 1.00 3.00 143.74
249.00 91.00 1.00 2.00 158.64
237.00 251.00 1.00 1.00 124.85
237.00 199.00 1.00 2.00 189.24
249.00 1.00 1.00 3.00 167.22
243.00 244.00 1.00 5.00 183.65
244.00 236.00 0.00 3.00 111.26
224.00 231.00 0.00 1.00 142.49
241.00 248.00 0.00 4.00 198.05
243.00 248.00 1.00 5.00 125.21
250.00 14.00 0.00 4.00 57.71
243.00 250.00 0.00 5.00 173.03
236.00 250.00 1.00 5.00 140.99
112.00 246.00 1.00 5.00 149.98
251.00 226.00 0.00 1.00 187.35
243.00 83.00 1.00 2.00 180.61
251.00 242.00 1.00 3.00 198.94
243.00 237.00 0.00 3.00 59.00
237.00 245.00 1.00 4.00 32.44
194.00 64.00 1.00 4.00 39.15
150.00 248.00 0.00 5.00 160.48
245.00 128.00 1.00 3.00 39.14
45.00 169.00 0.00 1.00 99.11
246.00 45.00 0.00 5.00 106.52
32.00 37.00 0.00 4.00 188.46
54.00 251.00 0.00 3.00 43.70
241.00 229.00 1.00 3.00 167.98
240.00 248.00 1.00 1.00 158.29
244.00 238.00 1.00 4.00 85.49
245.00 156.00 0.00 1.00 134.19
215.00 120.00 0.00 3.00 162.82
249.00 65.00 1.00 5.00 134.30
190.00 186.00 0.00 4.00 175.98
248.00 239.00 0.00 1.00 183.57
233.00 164.00 1.00 2.00 173.15
144.00 245.00 0.00 1.00 39.40
86.00 243.00 0.00 2.00 73.98
145.00 246.00 1.00 1.00 195.30
132.00 106.00 0.00 1.00 111.12
243.00 236.00 1.00 3.00 58.04
244.00 112.00 0.00 1.00 89.33
247.00 240.00 1.00 1.00 76.55
117.00 167.00 1.00 3.00 120.55
250.00 33.00 1.00 3.00 120.62
171.00 245.00 1.00 5.00 62.50
87.00 246.00 0.00 3.00 108.43
239.00 244.00 1.00 4.00 62.43
249.00 237.00 1.00 5.00 199.50
250.00 209.00 0.00 2.00 196.84
215.00 237.00 1.00 4.00 158.48
77.00 250.00 1.00 4.00 184.97
236.00 246.00 0.00 1.00 86.19
249.00 239.00 1.00 3.00 80.59
250.00 244.00 1.00 1.00 60.23
50.00 239.00 1.00 2.00 41.07
245.00 241.00 1.00 5.00 183.50
241.00 249.00 0.00 4.00 47.95
241.00 58.00 1.00 3.00 98.61
251.00 240.00 0.00 1.00 114.43
244.00 251.00 1.00 1.00 77.08
170.00 251.00 0.00 3.00 135.67
165.00 249.00 0.00 5.00 119.99
249.00 62.00 0.00 4.00 192.97
61.00 217.00 1.00 3.00 38.03
177.00 70.00 0.00 4.00 40.97
181.00 243.00 1.00 1.00 184.58
241.00 59.00 0.00 5.00 88.40
245.00 241.00 0.00 5.00 61.47
246.00 77.00 1.00 1.00 90.69
243.00 141.00 1.00 4.00 98.93
240.00 247.00 1.00 1.00 65.99
250.00 96.00 1.00 5.00 106.54
239.00 52.00 1.00 3.00 119.49
220.00 36.00 1.00 5.00 123.95
241.00 212.00 1.00 3.00 83.00
248.00 237.00 0.00 3.00 89.19
227.00 80.00 1.00 1.00 151.54
37.00 249.00 0.00 4.00 130.66
236.00 153.00 1.00 1.00 155.85
6.00 246.00 1.00 2.00 143.70
243.00 250.00 1.00 4.00 39.34
239.00 248.00 1.00 4.00 78.63
226.00 251.00 1.00 4.00 94.88
142.00 238.00 1.00 2.00 154.58
175.00 242.00 1.00 3.00 192.00
240.00 37.00 1.00 1.00 153.39
18.00 243.00 0.00 4.00 61.47
20.00 242.00 0.00 5.00 57.31
247.00 29.00 0.00 4.00 102.44
50.00 116.00 0.00 2.00 63.38
63.00 242.00 0.00 2.00 78.32
242.00 55.00 0.00 5.00 139.44
77.00 246.00 0.00 1.00 105.39
236.00 243.00 0.00 1.00 30.32
248.00 242.00 1.00 5.00 156.33
245.00 51.00 1.00 2.00 130.47
244.00 188.00 1.00 1.00 114.88
153.00 44.00 1.00 5.00 178.40
248.00 200.00 0.00 1.00 131.69
249.00 237.00 1.00 4.00 189.16
237.00 158.00 0.00 4.00 69.90
139.00 244.00 1.00 1.00 181.29
81.00 230.00 0.00 3.00 167.73
241.00 121.00 0.00 2.00 138.63
121.00 240.00 0.00 2.00 63.67
249.00 197.00 0.00 1.00 108.04
132.00 241.00 1.00 4.00 59.75
243.00 250.00 1.00 1.00 179.82
158.00 246.00 1.00 5.00 51.94
169.00 189.00 0.00 4.00 58.80
238.00 250.00 1.00 5.00 189.70
166.00 137.00 0.00 3.00 142.50
78.00 180.00 1.00 1.00 84.50
92.00 250.00 0.00 3.00 87.76
106.00 123.00 1.00 2.00 196.91
236.00 244.00 1.00 5.00 87.35
240.00 245.00 0.00 5.00 31.70
13.00 131.00 1.00 2.00 88.89
251.00 200.00 0.00 4.00 185.92
47.00 247.00 1.00 4.00 123.91
191.00 188.00 0.00 3.00 40.32
173.00 238.00 1.00 4.00 81.21
242.00 157.00 0.00 3.00 36.05
238.00 40.00 0.00 4.00 191.89
144.00 249.00 0.00 2.00 43.52
251.00 66.00 0.00 3.00 173.74
249.00 144.00 1.00 2.00 164.93
238.00 251.00 0.00 4.00 176.67
250.00 237.00 0.00 5.00 116.98
180.00 251.00 1.00 1.00 82.93
23.00 15.00 0.00 5.00 90.41
250.00 149.00 1.00 2.00 160.95
128.00 251.00 0.00 5.00 44.45
31.00 102.00 0.00 4.00 182.29
245.00 163.00 0.00 3.00 105.54
240.00 199.00 1.00 5.00 152.78
251.00 244.00 1.00 2.00 94.80
199.00 251.00 1.00 5.00 53.90
230.00 248.00 0.00 3.00 82.55
248.00 238.00 1.00 5.00 185.50
238.00 7.00 0.00 3.00 191.95
244.00 27.00 0.00 1.00 45.54
237.00 155.00 1.00 3.00 180.64
145.00 214.00 0.00 1.00 45.55
56.00 237.00 1.00 1.00 42.31
188.00 103.00 0.00 4.00 199.11
129.00 250.00 1.00 2.00 160.94
244.00 242.00 0.00 2.00 168.25
242.00 246.00 1.00 1.00 49.65
242.00 55.00 1.00 3.00 86.69
192.00 237.00 0.00 1.00 93.59
250.00 236.00 0.00 5.00 64.00
119.00 227.00 1.00 3.00 44.80
118.00 231.00 1.00 2.00 123.90
210.00 243.00 0.00 4.00 64.82
6.00 48.00 1.00 3.00 180.14
174.00 245.00 0.00 2.00 76.89
172.00 24.00 1.00 2.00 144.93
243.00 246.00 0.00 3.00 81.83
109.00 130.00 0.00 4.00 148.35
248.00 171.00 1.00 5.00 95.13
250.00 183.00 0.00 2.00 177.00
30.00 76.00 1.00 2.00 162.04
238.00 247.00 0.00 3.00 79.91
243.00 251.00 1.00 5.00 105.57
245.00 95.00 0.00 3.00 151.34
152.00 202.00 1.00 5.00 90.35
243.00 246.00 0.00 5.00 94.11
236.00 249.00 0.00 1.00 87.30
41.00 157.00 1.00 5.00 37.83
54.00 156.00 0.00 5.00 117.74
82.00 242.00 0.00 4.00 97.90
245.00 237.00 1.00 5.00 64.62
242.00 185.00 1.00 2.00 167.26
108.00 17.00 0.00 3.00 160.20
103.00 241.00 1.00 1.00 151.63
240.00 203.00 0.00 1.00 65.28
246.00 17.00 1.00 4.00 161.78
171.00 250.00 1.00 4.00 199.03
246.00 12.00 0.00 3.00 107.16
0.00 216.00 0.00 2.00 65.03
172.00 239.00 0.00 4.00 61.43
241.00 118.00 1.00 2.00 177.89
247.00 43.00 1.00 1.00 102.09
244.00 250.00 1.00 5.00 91.87
57.00 142.00 1.00 5.00 118.53
244.00 47.00 1.00 2.00 151.96
3.00 244.00 0.00 2.00 33.42
236.00 5.00 1.00 4.00 110.38
137.00 102.00 0.00 5.00 60.95
243.00 125.00 0.00 5.00 37.07
241.00 246.00 0.00 3.00 186.34
251.00 101.00 0.00 3.00 63.65
18.00 247.00 0.00 2.00 78.43
245.00 238.00 1.00 5.00 156.38
189.00 238.00 1.00 2.00 156.22
250.00 236.00 1.00 2.00 195.06
219.00 250.00 1.00 4.00 37.78
32.00 36.00 1.00 5.00 39.86
246.00 197.00 1.00 3.00 31.13
241.00 251.00 0.00 3.00 198.29
251.00 236.00 0.00 4.00 74.03
251.00 242.00 0.00 4.00 150.37
236.00 151.00 1.00 1.00 158.54
237.00 41.00 0.00 4.00 47.81
241.00 248.00 1.00 3.00 199.23
132.00 240.00 0.00 1.00 106.98
121.00 236.00 0.00 3.00 146.42
239.00 197.00 0.00 5.00 97.87
242.00 47.00 0.00 3.00 157.49
168.00 246.00 1.00 4.00 168.48
235.00 142.00 1.00 4.00 64.70
242.00 191.00 0.00 5.00 195.57
246.00 239.00 0.00 3.00 97.47
20.00 63.00 0.00 3.00 183.81
38.00 150.00 1.00 5.00 140.45
148.00 251.00 0.00 5.00 79.69
238.00 202.00 1.00 5.00 35.83
249.00 166.00 1.00 2.00 106.93
244.00 183.00 0.00 5.00 139.27
251.00 242.00 0.00 4.00 49.60
239.00 246.00 1.00 2.00 54.08
237.00 247.00 1.00 2.00 94.69
237.00 250.00 1.00 3.00 197.22
5.00 226.00 0.00 3.00 78.75
35.00 240.00 1.00 2.00 165.58
247.00 242.00 0.00 4.00 137.72
38.00 242.00 1.00 5.00 53.49
251.00 161.00 1.00 2.00 33.73
237.00 248.00 0.00 1.00 79.24
236.00 98.00 1.00 4.00 38.65
239.00 223.00 1.00 3.00 106.69
248.00 243.00 1.00 2.00 180.23
197.00 61.00 1.00 1.00 114.57
247.00 178.00 1.00 4.00 93.52
111.00 170.00 0.00 5.00 64.35
236.00 233.00 1.00 3.00 105.73
145.00 106.00 1.00 5.00 168.24
106.00 159.00 0.00 1.00 124.70
245.00 70.00 0.00 4.00 83.32
70.00 239.00 1.00 1.00 170.22
193.00 119.00 1.00 1.00 135.46
242.00 155.00 0.00 5.00 190.55
61.00 12.00 1.00 4.00 40.20
21.00 112.00 1.00 3.00 157.28
184.00 250.00 0.00 5.00 55.31
242.00 173.00 1.00 5.00 54.31
53.00 243.00 1.00 5.00 111.38
242.00 251.00 0.00 5.00 165.43
244.00 243.00 0.00 3.00 112.01
124.00 243.00 0.00 1.00 57.10
246.00 236.00 0.00 4.00 56.98
164.00 64.00 1.00 3.00 126.68
226.00 22.00 1.00 5.00 186.77
167.00 237.00 0.00 1.00 133.63
238.00 6.00 1.00 5.00 50.35
167.00 113.00 0.00 2.00 108.89
240.00 169.00 0.00 2.00 165.57
250.00 236.00 0.00 4.00 61.01
205.00 61.00 0.00 2.00 141.82
99.00 245.00 0.00 2.00 49.34
13.00 71.00 1.00 3.00 89.02
244.00 56.00 1.00 4.00 122.68
163.00 247.00 1.00 4.00 112.87
247.00 231.00 0.00 5.00 139.25
172.00 241.00 1.00 2.00 69.41
240.00 59.00 0.00 3.00 184.04
95.00 189.00 0.00 5.00 112.61
229.00 139.00 1.00 2.00 112.67
165.00 242.00 0.00 5.00 160.83
75.00 203.00 0.00 1.00 193.60
150.00 91.00 0.00 5.00 112.97
243.00 244.00 0.00 4.00 195.41
223.00 250.00 1.00 2.00 128.82
226.00 249.00 0.00 3.00 149.74
240.00 126.00 0.00 5.00 102.08
239.00 63.00 0.00 1.00 106.54
237.00 246.00 1.00 4.00 151.45
201.00 116.00 0.00 5.00 184.03
152.00 244.00 1.00 4.00 97.92
199.00 251.00 1.00 4.00 189.59
56.00 71.00 0.00 5.00 58.00
81.00 28.00 0.00 1.00 134.60
155.00 52.00 0.00 2.00 94.52
227.00 59.00 0.00 5.00 152.57
218.00 26.00 0.00 5.00 86.52
241.00 245.00 1.00 5.00 53.54
53.00 240.00 0.00 3.00 184.81
52.00 241.00 1.00 4.00 191.88
250.00 244.00 1.00 5.00 56.98
242.00 141.00 1.00 1.00 160.57
183.00 240.00 1.00 3.00 185.22
99.00 140.00 0.00 5.00 175.71
12.00 235.00 0.00 3.00 137.67
64.00 242.00 0.00 4.00 87.96
244.00 242.00 1.00 3.00 147.02
236.00 229.00 1.00 2.00 32.60
242.00 247.00 1.00 5.00 129.82
243.00 244.00 1.00 1.00 86.85
82.00 234.00 1.00 5.00 198.72
42.00 187.00 0.00 1.00 160.19
164.00 112.00 0.00 2.00 137.34
138.00 171.00 1.00 3.00 55.44
237.00 94.00 1.00 1.00 164.38
20.00 131.00 0.00 3.00 167.11
164.00 249.00 1.00 1.00 61.81
190.00 240.00 1.00 1.00 56.89
174.00 245.00 1.00 3.00 70.68
250.00 236.00 0.00 1.00 131.34
94.00 91.00 1.00 1.00 71.76
163.00 106.00 1.00 3.00 152.36
108.00 140.00 0.00 4.00 147.43
248.00 8.00 0.00 4.00 93.81
93.00 241.00 0.00 5.00 165.43
236.00 111.00 1.00 4.00 128.51
180.00 166.00 0.00 5.00 186.44
85.00 15.00 0.00 5.00 108.54
245.00 121.00 1.00 2.00 96.35
251.00 237.00 0.00 5.00 50.21
238.00 249.00 1.00 1.00 64.04
203.00 23.00 0.00 4.00 185.47
250.00 182.00 1.00 1.00 97.61
73.00 239.00 1.00 1.00 189.40
96.00 250.00 1.00 4.00 178.63
241.00 247.00 1.00 2.00 123.94
5.00 250.00 1.00 3.00 172.04
247.00 236.00 1.00 5.00 44.89
244.00 240.00 1.00 1.00 114.69
80.00 196.00 0.00 5.00 150.48
242.00 111.00 0.00 3.00 80.08
217.00 247.00 0.00 1.00 181.83
235.00 172.00 1.00 2.00 127.89
245.00 238.00 0.00 5.00 109.59
168.00 41.00 0.00 4.00 90.53
162.00 181.00 1.00 4.00 73.27
235.00 109.00 1.00 4.00 187.12
246.00 165.00 0.00 5.00 69.25
104.00 91.00 0.00 1.00 103.25
216.00 240.00 0.00 5.00 49.74
246.00 49.00 1.00 2.00 173.55
241.00 164.00 1.00 2.00 196.57
240.00 248.00 1.00 4.00 65.15
247.00 88.00 0.00 2.00 130.64
238.00 68.00 1.00 3.00 46.49
247.00 243.00 1.00 5.00 114.20
238.00 19.00 1.00 3.00 186.67
15.00 244.00 1.00 1.00 113.82
237.00 68.00 0.00 1.00 77.07
246.00 62.00 1.00 2.00 195.93
245.00 127.00 1.00 2.00 157.63
245.00 34.00 1.00 1.00 187.05
243.00 114.00 0.00 5.00 70.03
205.00 96.00 0.00 1.00 105.63
5.00 160.00 1.00 1.00 68.29
244.00 242.00 1.00 2.00 112.61
22.00 157.00 1.00 2.00 184.79
247.00 207.00 1.00 5.00 75.17
249.00 104.00 0.00 1.00 64.40
236.00 151.00 0.00 4.00 136.28
217.00 210.00 1.00 3.00 71.15
119.00 55.00 1.00 4.00 92.59
27.00 15.00 0.00 1.00 139.94
190.00 77.00 1.00 3.00 97.97
120.00 249.00 0.00 1.00 198.72
80.00 179.00 0.00 2.00 126.46
179.00 246.00 1.00 1.00 142.10
245.00 241.00 0.00 1.00 62.56
238.00 248.00 1.00 4.00 171.51
247.00 106.00 1.00 5.00 113.56
235.00 119.00 0.00 4.00 73.33
245.00 98.00 0.00 5.00 59.02
62.00 250.00 1.00 5.00 71.20
147.00 24.00 1.00 4.00 148.30
111.00 249.00 0.00 2.00 97.44
242.00 111.00 1.00 3.00 167.99
54.00 243.00 0.00 4.00 163.19
152.00 236.00 1.00 3.00 192.19
250.00 239.00 0.00 2.00 45.45
152.00 88.00 0.00 3.00 90.54
94.00 198.00 0.00 3.00 153.72
31.00 245.00 0.00 5.00 75.98
157.00 32.00 1.00 2.00 31.53
193.00 243.00 0.00 4.00 148.66
90.00 200.00 1.00 2.00 63.39
41.00 235.00 0.00 3.00 152.27
18.00 26.00 0.00 5.00 51.93
35.00 243.00 0.00 1.00 76.34
237.00 105.00 1.00 5.00 134.39
108.00 4.00 1.00 3.00 90.52
64.00 245.00 0.00 2.00 97.40
239.00 2.00 0.00 4.00 80.56
245.00 58.00 0.00 1.00 86.39
152.00 96.00 1.00 1.00 121.59
236.00 245.00 0.00 5.00 197.14
236.00 8.00 1.00 2.00 106.84
79.00 16.00 0.00 4.00 74.48
208.00 186.00 0.00 5.00 193.92
241.00 245.00 1.00 1.00 38.13
236.00 245.00 1.00 1.00 188.55
246.00 239.00 1.00 4.00 53.77
239.00 78.00 1.00 4.00 140.68
164.00 244.00 0.00 3.00 46.89
190.00 251.00 1.00 2.00 52.70
249.00 81.00 1.00 3.00 135.90
250.00 244.00 0.00 2.00 149.51
242.00 130.00 1.00 1.00 168.42
250.00 95.00 1.00 3.00 118.53
116.00 246.00 1.00 3.00 50.96
247.00 240.00 1.00 5.00 188.97
158.00 52.00 1.00 5.00 77.38
48.00 250.00 1.00 2.00 180.23
239.00 245.00 0.00 1.00 192.92
242.00 244.00 0.00 4.00 77.34
244.00 250.00 0.00 2.00 77.86
242.00 227.00 1.00 2.00 38.80
47.00 240.00 1.00 4.00 138.68
52.00 6.00 1.00 2.00 79.07
246.00 110.00 0.00 5.00 105.44
91.00 241.00 0.00 2.00 189.90
250.00 241.00 1.00 5.00 62.19
52.00 222.00 1.00 1.00 103.98
242.00 60.00 0.00 2.00 46.21
75.00 19.00 0.00 5.00 153.16
246.00 242.00 0.00 3.00 38.88
238.00 109.00 0.00 1.00 142.11
2.00 98.00 0.00 1.00 70.47
209.00 171.00 1.00 3.00 114.39
57.00 246.00 1.00 5.00 66.91
241.00 246.00 0.00 3.00 135.54
248.00 238.00 0.00 2.00 130.42
168.00 20.00 0.00 2.00 150.45
237.00 66.00 1.00 1.00 125.22
204.00 19.00 1.00 3.00 84.87
83.00 142.00 0.00 2.00 154.04
243.00 221.00 1.00 5.00 149.37
11.00 243.00 0.00 5.00 188.35
238.00 235.00 0.00 2.00 62.90
128.00 221.00 1.00 2.00 116.08
240.00 245.00 1.00 3.00 138.65
245.00 21.00 0.00 4.00 61.36
251.00 244.00 1.00 1.00 88.74
112.00 91.00 1.00 1.00 80.16
250.00 238.00 0.00 3.00 109.71
241.00 131.00 1.00 2.00 116.35
242.00 246.00 1.00 1.00 51.09
123.00 102.00 1.00 2.00 129.52
218.00 94.00 1.00 5.00 137.01
189.00 107.00 0.00 5.00 185.13
239.00 44.00 1.00 3.00 153.27
242.00 169.00 1.00 2.00 48.57
239.00 251.00 0.00 3.00 82.57
95.00 237.00 1.00 5.00 134.50
238.00 111.00 1.00 2.00 46.71
123.00 248.00 0.00 3.00 181.90
98.00 239.00 0.00 2.00 156.37
33.00 201.00 1.00 4.00 186.28
167.00 135.00 1.00 3.00 121.05
111.00 244.00 1.00 2.00 172.05
165.00 245.00 0.00 4.00 73.04
128.00 92.00 0.00 1.00 76.38
241.00 5.00 0.00 2.00 41.87
218.00 175.00 1.00 3.00 124.88
247.00 91.00 0.00 1.00 157.21
241.00 49.00 0.00 5.00 80.66
158.00 236.00 0.00 5.00 67.90
119.00 240.00 1.00 3.00 129.18
227.00 243.00 1.00 3.00 82.23
238.00 130.00 0.00 1.00 45.62
245.00 101.00 0.00 2.00 69.70
97.00 240.00 1.00 1.00 186.91
249.00 237.00 0.00 5.00 132.29
248.00 117.00 0.00 2.00 181.89
84.00 71.00 0.00 3.00 104.84
0.00 250.00 1.00 4.00 177.80
69.00 173.00 1.00 5.00 92.72
56.00 44.00 1.00 3.00 192.28
116.00 246.00 0.00 4.00 55.97
241.00 251.00 1.00 5.00 43.17
203.00 245.00 0.00 5.00 37.89
246.00 203.00 0.00 4.00 173.28
244.00 173.00 1.00 5.00 127.09
161.00 240.00 0.00 4.00 63.72
250.00 127.00 1.00 4.00 78.62
249.00 242.00 0.00 5.00 136.71
236.00 245.00 0.00 5.00 39.65
243.00 230.00 0.00 2.00 128.14
17.00 25.00 0.00 5.00 198.84
137.00 143.00 1.00 1.00 148.06
236.00 35.00 0.00 3.00 62.19
245.00 113.00 1.00 3.00 173.76
245.00 193.00 1.00 5.00 148.32
163.00 240.00 1.00 5.00 196.87
186.00 116.00 0.00 1.00 109.49
122.00 15.00 1.00 3.00 80.17
246.00 64.00 0.00 5.00 84.41
244.00 241.00 1.00 3.00 68.25
31.00 170.00 1.00 2.00 53.84
87.00 198.00 1.00 1.00 113.94
237.00 244.00 0.00 4.00 82.21
242.00 244.00 1.00 2.00 167.31
244.00 236.00 1.00 5.00 35.71
240.00 136.00 1.00 1.00 181.65
243.00 182.00 1.00 4.00 193.00
48.00 249.00 0.00 3.00 61.35
117.00 189.00 1.00 1.00 130.08
246.00 242.00 1.00 4.00 57.13
251.00 134.00 1.00 4.00 193.42
136.00 167.00 0.00 2.00 101.05
63.00 241.00 0.00 5.00 194.12
203.00 135.00 0.00 5.00 137.28
210.00 243.00 1.00 4.00 147.88
199.00 238.00 1.00 2.00 191.33
34.00 227.00 1.00 2.00 45.37
246.00 89.00 0.00 2.00 118.69
243.00 247.00 1.00 2.00 69.59
125.00 247.00 0.00 4.00 52.32
247.00 17.00 1.00 1.00 37.14
247.00 190.00 0.00 4.00 172.91
209.00 176.00 0.00 3.00 36.91
247.00 28.00 0.00 1.00 170.40
210.00 237.00 1.00 4.00 198.57
198.00 247.00 1.00 5.00 169.04
241.00 244.00 0.00 4.00 33.69
150.00 244.00 1.00 1.00 137.94
37.00 23.00 0.00 3.00 102.61
42.00 109.00 1.00 1.00 179.38
239.00 244.00 0.00 3.00 148.65
59.00 237.00 1.00 2.00 91.11
237.00 219.00 0.00 3.00 137.09
237.00 250.00 1.00 2.00 92.20
77.00 237.00 0.00 3.00 81.13
184.00 251.00 1.00 5.00 123.98
237.00 251.00 1.00 2.00 184.69
204.00 237.00 1.00 5.00 95.13
74.00 18.00 1.00 3.00 151.71
249.00 242.00 1.00 4.00 38.74
237.00 246.00 0.00 1.00 170.04
241.00 144.00 0.00 4.00 137.14
240.00 249.00 1.00 1.00 177.30
15.00 236.00 0.00 3.00 33.97
89.00 248.00 1.00 1.00 39.53
139.00 242.00 0.00 1.00 148.31
192.00 246.00 1.00 2.00 33.22
218.00 238.00 0.00 2.00 74.36
248.00 236.00 1.00 5.00 141.50
158.00 243.00 0.00 4.00 187.12
239.00 210.00 1.00 2.00 119.98
241.00 246.00 0.00 3.00 155.93
249.00 241.00 1.00 2.00 48.54
98.00 248.00 0.00 1.00 62.72
243.00 251.00 1.00 1.00 30.96
101.00 237.00 0.00 3.00 91.36
239.00 197.00 1.00 1.00 103.71
236.00 243.00 1.00 2.00 51.99
136.00 247.00 0.00 4.00 185.52
109.00 1.00 0.00 4.00 195.90
238.00 159.00 1.00 1.00 40.84
119.00 238.00 0.00 5.00 64.53
242.00 236.00 1.00 3.00 40.49
238.00 249.00 1.00 1.00 193.66
57.00 244.00 1.00 2.00 118.80
167.00 245.00 1.00 4.00 120.16
242.00 247.00 1.00 4.00 111.96
239.00 235.00 1.00 2.00 141.57
246.00 242.00 1.00 2.00 37.59
240.00 5.00 1.00 2.00 39.39
244.00 239.00 0.00 1.00 45.38
241.00 118.00 0.00 4.00 162.38
200.00 250.00 0.00 5.00 185.45
245.00 165.00 0.00 5.00 71.10
236.00 245.00 0.00 3.00 103.83
248.00 74.00 0.00 1.00 199.04
239.00 203.00 1.00 4.00 193.25
241.00 244.00 1.00 5.00 124.05
238.00 249.00 0.00 3.00 78.54
56.00 148.00 0.00 5.00 185.98
126.00 247.00 1.00 1.00 64.48
245.00 240.00 1.00 2.00 49.58
246.00 97.00 0.00 4.00 168.33
242.00 248.00 1.00 3.00 95.77
117.00 245.00 1.00 5.00 97.88
182.00 167.00 1.00 5.00 167.59
148.00 140.00 1.00 3.00 70.82
48.00 180.00 0.00 3.00 53.80
246.00 155.00 0.00 1.00 160.63
242.00 251.00 1.00 1.00 87.03
206.00 250.00 0.00 4.00 75.68
238.00 79.00 1.00 5.00 91.89
111.00 38.00 1.00 4.00 74.35
243.00 244.00 1.00 2.00 140.36
123.00 250.00 1.00 5.00 114.08
158.00 239.00 0.00 3.00 120.76
243.00 183.00 0.00 1.00 74.86
243.00 53.00 1.00 2.00 51.75
243.00 249.00 0.00 1.00 167.78
175.00 240.00 1.00 5.00 45.84
198.00 237.00 0.00 3.00 77.34
94.00 242.00 0.00 2.00 73.70
195.00 148.00 1.00 1.00 45.79
251.00 237.00 1.00 5.00 108.42
23.00 116.00 1.00 3.00 142.15
246.00 173.00 1.00 2.00 171.81
250.00 241.00 1.00 5.00 173.68
246.00 240.00 1.00 3.00 57.12
241.00 82.00 1.00 4.00 56.96
204.00 119.00 1.00 3.00 175.79
126.00 170.00 1.00 1.00 59.14
128.00 98.00 1.00 2.00 185.40
241.00 248.00 1.00 5.00 144.41
68.00 238.00 1.00 4.00 193.24
250.00 242.00 1.00 3.00 140.83
245.00 241.00 1.00 5.00 101.16
243.00 245.00 0.00 2.00 124.07
236.00 250.00 0.00 1.00 75.58
196.00 25.00 0.00 3.00 154.43
14.00 239.00 1.00 1.00 170.96
72.00 241.00 0.00 4.00 167.77
239.00 248.00 1.00 5.00 161.14
247.00 237.00 1.00 3.00 187.47
90.00 21.00 1.00 5.00 73.89
141.00 211.00 1.00 3.00 171.63
65.00 78.00 1.00 2.00 50.27
244.00 22.00 0.00 2.00 95.93
181.00 245.00 1.00 1.00 94.33
160.00 115.00 0.00 5.00 91.10
42.00 238.00 0.00 1.00 87.78
11.00 203.00 1.00 4.00 57.49
69.00 245.00 0.00 2.00 148.27
200.00 118.00 0.00 2.00 96.51
251.00 245.00 1.00 1.00 144.83
246.00 240.00 0.00 5.00 156.57
36.00 245.00 0.00 2.00 31.51
190.00 247.00 0.00 1.00 116.26
9.00 238.00 1.00 4.00 72.01
8.00 239.00 0.00 5.00 83.31
250.00 242.00 0.00 2.00 171.33
103.00 121.00 1.00 5.00 153.59
17.00 110.00 1.00 3.00 75.56
126.00 40.00 1.00 2.00 84.83
115.00 250.00 0.00 3.00 114.03
96.00 237.00 1.00 5.00 136.33
248.00 161.00 0.00 4.00 47.44
244.00 147.00 1.00 3.00 127.32
240.00 250.00 0.00 2.00 183.57
240.00 75.00 1.00 3.00 159.46
248.00 239.00 0.00 4.00 107.76
246.00 243.00 0.00 1.00 50.14
243.00 50.00 1.00 4.00 163.62
240.00 244.00 0.00 4.00 185.79
79.00 192.00 1.00 1.00 70.16
112.00 58.00 1.00 4.00 138.19
206.00 172.00 0.00 3.00 139.93
241.00 87.00 0.00 1.00 89.85
242.00 250.00 0.00 5.00 188.32
236.00 251.00 1.00 2.00 110.04
241.00 186.00 0.00 3.00 106.56
39.00 249.00 0.00 1.00 179.47
249.00 241.00 1.00 2.00 127.09
250.00 34.00 1.00 4.00 141.06
249.00 236.00 1.00 4.00 175.87
214.00 132.00 0.00 5.00 126.14
249.00 193.00 1.00 3.00 190.69
244.00 242.00 1.00 2.00 96.21
193.00 247.00 0.00 1.00 124.97
132.00 246.00 0.00 3.00 160.86
240.00 153.00 1.00 2.00 105.56
241.00 176.00 0.00 2.00 38.15
144.00 182.00 1.00 4.00 159.95
246.00 242.00 1.00 4.00 87.21
247.00 166.00 0.00 5.00 58.10
241.00 118.00 1.00 1.00 159.27
249.00 78.00 0.00 1.00 132.43
218.00 249.00 0.00 4.00 175.14
129.00 67.00 1.00 5.00 174.18
27.00 196.00 0.00 2.00 128.61
105.00 138.00 1.00 5.00 199.85
244.00 20.00 0.00 3.00 110.61
240.00 152.00 1.00 1.00 92.82
243.00 246.00 0.00 2.00 35.85
25.00 160.00 1.00 5.00 119.41
200.00 250.00 1.00 2.00 180.51
4.00 250.00 0.00 2.00 65.20
236.00 250.00 1.00 2.00 142.78
103.00 237.00 0.00 4.00 37.90
251.00 12.00 0.00 5.00 53.82
169.00 112.00 1.00 2.00 168.04
241.00 5.00 0.00 1.00 185.00
242.00 251.00 0.00 1.00 131.48
98.00 204.00 0.00 5.00 188.15
54.00 133.00 0.00 3.00 98.06
245.00 240.00 1.00 4.00 194.58
249.00 172.00 1.00 4.00 112.29
245.00 237.00 0.00 2.00 56.71
214.00 120.00 1.00 4.00 188.27
236.00 87.00 1.00 1.00 168.07
33.00 13.00 0.00 4.00 90.84
231.00 237.00 0.00 1.00 170.92
218.00 245.00 0.00 2.00 77.52
251.00 149.00 1.00 4.00 43.15
250.00 62.00 1.00 5.00 168.78
250.00 166.00 0.00 4.00 48.66
102.00 237.00 0.00 4.00 175.70
239.00 102.00 0.00 3.00 77.74
143.00 237.00 0.00 3.00 89.99
172.00 226.00 0.00 2.00 54.77
247.00 41.00 1.00 3.00 114.08
70.00 239.00 1.00 4.00 74.55
122.00 194.00 1.00 4.00 142.49
36.00 237.00 0.00 4.00 65.72
91.00 215.00 1.00 4.00 122.71
250.00 15.00 0.00 4.00 122.90
209.00 244.00 1.00 1.00 148.59
242.00 236.00 1.00 4.00 96.38
242.00 203.00 1.00 4.00 47.02
87.00 189.00 0.00 5.00 177.00
182.00 47.00 1.00 5.00 178.27
251.00 244.00 1.00 4.00 97.88
2.00 238.00 0.00 2.00 123.39
98.00 189.00 0.00 1.00 195.77
244.00 42.00 0.00 4.00 145.01
72.00 242.00 1.00 3.00 112.48
250.00 3.00 0.00 1.00 81.53
249.00 238.00 0.00 2.00 74.69
242.00 248.00 0.00 1.00 41.08
251.00 147.00 1.00 3.00 164.97
242.00 236.00 0.00 2.00 31.82
194.00 40.00 1.00 2.00 129.73
167.00 31.00 1.00 1.00 49.08
237.00 249.00 0.00 5.00 79.04
120.00 113.00 1.00 2.00 39.19
251.00 204.00 1.00 1.00 50.65
236.00 229.00 0.00 1.00 134.51
239.00 251.00 1.00 2.00 109.61
237.00 140.00 0.00 5.00 74.40
158.00 3.00 1.00 4.00 159.68
84.00 249.00 0.00 4.00 101.29
247.00 240.00 0.00 5.00 66.63
203.00 250.00 1.00 5.00 98.13
242.00 244.00 1.00 4.00 59.91
123.00 243.00 0.00 3.00 167.42
137.00 51.00 0.00 5.00 105.44
137.00 247.00 0.00 5.00 168.65
249.00 238.00 1.00 5.00 54.11
202.00 167.00 1.00 4.00 57.30
237.00 213.00 1.00 2.00 153.51
238.00 100.00 0.00 2.00 55.74
86.00 243.00 1.00 2.00 189.76
238.00 184.00 0.00 2.00 169.13
9.00 250.00 0.00 1.00 173.64
237.00 184.00 1.00 5.00 91.63
97.00 34.00 0.00 4.00 127.96
238.00 249.00 1.00 2.00 144.76
248.00 179.00 0.00 2.00 102.71
214.00 196.00 0.00 3.00 170.74
79.00 247.00 0.00 1.00 109.77
245.00 238.00 0.00 1.00 97.42
84.00 245.00 1.00 5.00 76.99
241.00 83.00 1.00 3.00 143.47
241.00 15.00 1.00 5.00 133.23
130.00 250.00 0.00 3.00 108.74
36.00 247.00 0.00 3.00 141.53
249.00 238.00 0.00 5.00 156.48
239.00 245.00 0.00 3.00 130.83
236.00 160.00 0.00 2.00 54.26
204.00 224.00 1.00 5.00 135.50
249.00 240.00 0.00 3.00 84.75
197.00 240.00 1.00 2.00 168.78
244.00 243.00 0.00 1.00 40.66
2.00 250.00 1.00 3.00 156.55
28.00 244.00 0.00 5.00 187.06
243.00 125.00 0.00 1.00 61.83
106.00 249.00 0.00 4.00 46.06
237.00 245.00 1.00 4.00 151.37
246.00 241.00 0.00 3.00 140.51
13.00 133.00 0.00 5.00 98.09
245.00 68.00 1.00 1.00 50.75
42.00 69.00 1.00 1.00 189.73
248.00 237.00 1.00 5.00 50.12
188.00 245.00 1.00 5.00 42.41
245.00 192.00 1.00 1.00 75.50
87.00 237.00 1.00 2.00 100.36
238.00 128.00 0.00 2.00 117.77
247.00 241.00 0.00 1.00 103.48
246.00 237.00 1.00 5.00 198.08
228.00 147.00 1.00 2.00 86.27
244.00 194.00 0.00 5.00 67.24
187.00 244.00 0.00 4.00 105.07
250.00 241.00 0.00 2.00 196.25
178.00 126.00 0.00 2.00 172.26
247.00 241.00 0.00 3.00 118.72
243.00 251.00 1.00 2.00 139.75
245.00 160.00 0.00 4.00 74.71
240.00 251.00 1.00 4.00 137.72
250.00 150.00 0.00 5.00 125.86
239.00 251.00 0.00 2.00 34.38
66.00 166.00 0.00 1.00 63.04
127.00 53.00 1.00 1.00 34.14
238.00 244.00 0.00 2.00 139.74
245.00 239.00 0.00 2.00 74.56
30.00 182.00 1.00 1.00 182.91
248.00 169.00 0.00 5.00 157.65
236.00 177.00 1.00 5.00 148.41
248.00 243.00 1.00 3.00 196.18
155.00 215.00 1.00 5.00 162.65
245.00 243.00 0.00 3.00 159.59
100.00 209.00 0.00 4.00 133.14
241.00 219.00 1.00 2.00 84.14
237.00 117.00 0.00 1.00 167.01
251.00 236.00 1.00 2.00 154.59
248.00 230.00 1.00 2.00 130.95
237.00 114.00 1.00 5.00 185.46
13.00 126.00 1.00 4.00 110.23
155.00 239.00 1.00 3.00 41.64
123.00 241.00 1.00 1.00 55.88
90.00 237.00 0.00 3.00 182.98
245.00 239.00 1.00 2.00 179.81
22.00 242.00 1.00 2.00 157.49
238.00 13.00 0.00 5.00 32.86
243.00 22.00 0.00 3.00 185.90
247.00 243.00 0.00 3.00 59.63
249.00 73.00 0.00 4.00 164.23
228.00 237.00 1.00 2.00 54.07
248.00 236.00 1.00 5.00 78.60
22.00 242.00 0.00 4.00 53.39
241.00 247.00 1.00 3.00 61.13
127.00 240.00 1.00 5.00 160.45
6.00 217.00 1.00 4.00 165.92
106.00 247.00 0.00 3.00 35.00
88.00 240.00 0.00 3.00 42.32
102.00 240.00 1.00 2.00 174.34
246.00 241.00 1.00 2.00 118.81
27.00 251.00 1.00 1.00 68.97
117.00 8.00 1.00 5.00 84.98
251.00 237.00 1.00 1.00 168.02
104.00 236.00 0.00 5.00 158.03
169.00 237.00 0.00 3.00 120.44
246.00 237.00 0.00 2.00 155.27
70.00 67.00 1.00 4.00 110.85
60.00 243.00 1.00 5.00 131.30
243.00 249.00 0.00 5.00 121.81
205.00 136.00 1.00 2.00 181.47
251.00 43.00 0.00 2.00 83.83
53.00 242.00 0.00 4.00 74.04
236.00 248.00 1.00 5.00 194.18
245.00 251.00 1.00 1.00 83.27
201.00 251.00 0.00 3.00 74.19
166.00 111.00 0.00 5.00 155.23
244.00 116.00 0.00 1.00 88.85
249.00 201.00 1.00 4.00 41.33
221.00 42.00 1.00 4.00 35.94
246.00 35.00 1.00 1.00 96.49
251.00 239.00 1.00 4.00 41.23
68.00 249.00 1.00 2.00 161.49
238.00 156.00 1.00 3.00 126.30
57.00 114.00 1.00 4.00 89.56
107.00 234.00 1.00 5.00 127.32
246.00 186.00 1.00 4.00 65.33
249.00 112.00 1.00 4.00 140.92
133.00 51.00 1.00 2.00 35.48
241.00 246.00 0.00 3.00 30.68
244.00 243.00 0.00 5.00 196.63
34.00 164.00 1.00 2.00 136.32
12.00 157.00 0.00 1.00 80.51
244.00 221.00 1.00 3.00 192.94
236.00 251.00 1.00 3.00 59.77
223.00 62.00 1.00 1.00 65.42
230.00 246.00 0.00 3.00 148.14
71.00 118.00 1.00 2.00 143.70
96.00 11.00 0.00 5.00 122.35
57.00 120.00 0.00 2.00 37.80
31.00 223.00 1.00 3.00 113.47
186.00 205.00 1.00 4.00 137.35
237.00 91.00 1.00 4.00 160.68
157.00 113.00 1.00 2.00 155.52
236.00 201.00 0.00 5.00 85.52
7.00 34.00 1.00 5.00 68.79
251.00 209.00 0.00 2.00 135.02
239.00 248.00 0.00 3.00 180.98
19.00 40.00 1.00 5.00 96.68
238.00 251.00 1.00 3.00 48.71
27.00 96.00 0.00 4.00 48.44
247.00 217.00 0.00 1.00 180.09
42.00 241.00 1.00 2.00 109.74
62.00 244.00 1.00 3.00 159.41
52.00 37.00 1.00 2.00 157.19
236.00 44.00 1.00 5.00 105.92
76.00 251.00 0.00 2.00 31.45
240.00 250.00 0.00 1.00 162.99
53.00 154.00 1.00 4.00 198.59
211.00 237.00 0.00 2.00 154.71
249.00 243.00 1.00 1.00 191.46
240.00 172.00 1.00 1.00 190.30
239.00 116.00 1.00 4.00 188.52
239.00 246.00 0.00 5.00 39.77
129.00 250.00 0.00 4.00 118.76
202.00 245.00 0.00 3.00 84.69
37.00 46.00 1.00 1.00 186.75
188.00 236.00 1.00 5.00 86.37
79.00 45.00 1.00 5.00 41.61
241.00 244.00 1.00 1.00 162.58
250.00 240.00 0.00 1.00 149.22
247.00 237.00 0.00 3.00 79.96
24.00 103.00 0.00 1.00 139.22
237.00 80.00 1.00 1.00 188.11
30.00 246.00 0.00 4.00 138.03
232.00 64.00 1.00 3.00 87.12
249.00 117.00 0.00 1.00 31.49
239.00 201.00 1.00 4.00 192.83
245.00 232.00 1.00 5.00 162.26
239.00 250.00 1.00 4.00 135.66
246.00 240.00 0.00 5.00 88.16
248.00 236.00 1.00 1.00 143.08
247.00 239.00 1.00 2.00 110.98
248.00 73.00 1.00 4.00 144.83
247.00 236.00 1.00 5.00 102.27
106.00 97.00 0.00 5.00 179.80
239.00 245.00 0.00 4.00 161.24
201.00 243.00 1.00 1.00 53.14
159.00 165.00 1.00 2.00 161.07
250.00 112.00 0.00 1.00 50.11
106.00 198.00 0.00 3.00 38.75
248.00 238.00 1.00 1.00 128.04
134.00 197.00 1.00 4.00 36.17
212.00 241.00 1.00 1.00 102.00
171.00 249.00 0.00 5.00 71.32
245.00 239.00 1.00 3.00 73.56
251.00 96.00 1.00 2.00 183.89
33.00 9.00 0.00 3.00 53.51
236.00 59.00 0.00 3.00 51.58
10.00 251.00 1.00 1.00 93.05
3.00 250.00 1.00 4.00 61.12
10.00 246.00 0.00 2.00 95.41
107.00 217.00 0.00 5.00 43.30
237.00 72.00 1.00 5.00 155.87
237.00 244.00 0.00 5.00 82.87
162.00 237.00 0.00 5.00 112.69
49.00 243.00 1.00 3.00 93.49
218.00 241.00 0.00 1.00 113.32
184.00 240.00 1.00 2.00 195.09
240.00 180.00 1.00 3.00 156.31
80.00 245.00 0.00 1.00 193.83
46.00 244.00 1.00 2.00 129.47
96.00 240.00 1.00 5.00 124.52
250.00 243.00 1.00 1.00 51.69
125.00 237.00 1.00 3.00 112.43
162.00 236.00 0.00 5.00 125.28
206.00 86.00 0.00 4.00 129.82
170.00 242.00 0.00 5.00 125.32
251.00 118.00 0.00 2.00 67.99
238.00 93.00 1.00 3.00 45.18
249.00 6.00 1.00 5.00 158.11
13.00 249.00 1.00 3.00 110.43
150.00 28.00 0.00 3.00 75.62
238.00 244.00 0.00 4.00 178.85
250.00 244.00 1.00 4.00 62.99
58.00 241.00 0.00 4.00 197.76
174.00 133.00 1.00 4.00 67.74
239.00 102.00 1.00 3.00 143.69
236.00 247.00 0.00 5.00 78.12
239.00 245.00 0.00 4.00 79.96
10.00 87.00 1.00 4.00 143.90
247.00 236.00 0.00 1.00 149.00
53.00 198.00 1.00 5.00 58.26
250.00 19.00 1.00 1.00 154.84
175.00 170.00 0.00 5.00 194.09
203.00 247.00 0.00 4.00 142.13
151.00 250.00 1.00 2.00 71.05
240.00 245.00 1.00 5.00 123.37
248.00 241.00 0.00 3.00 163.27
248.00 236.00 1.00 4.00 159.97
251.00 158.00 0.00 2.00 83.42
120.00 207.00 0.00 1.00 139.42
34.00 222.00 1.00 3.00 142.01
199.00 242.00 1.00 3.00 39.18
245.00 236.00 0.00 5.00 38.43
237.00 181.00 1.00 3.00 165.04
239.00 251.00 1.00 5.00 93.21
241.00 217.00 0.00 2.00 44.37
236.00 188.00 0.00 4.00 96.65
243.00 92.00 1.00 1.00 164.16
238.00 247.00 1.00 2.00 74.89
148.00 241.00 0.00 5.00 144.60
160.00 238.00 0.00 3.00 154.18
100.00 245.00 0.00 5.00 173.48
237.00 246.00 1.00 3.00 65.26
229.00 236.00 1.00 5.00 168.33
246.00 154.00 1.00 3.00 165.52
229.00 212.00 1.00 1.00 119.86
240.00 250.00 1.00 2.00 170.21
244.00 183.00 1.00 4.00 38.45
244.00 238.00 1.00 2.00 126.84
236.00 249.00 0.00 2.00 192.51
81.00 237.00 0.00 1.00 117.79
121.00 45.00 0.00 1.00 84.74
146.00 111.00 0.00 5.00 188.34
136.00 238.00 0.00 2.00 44.03
106.00 249.00 1.00 2.00 119.75
243.00 244.00 0.00 4.00 172.38
145.00 236.00 1.00 2.00 147.28
239.00 152.00 1.00 1.00 114.40
237.00 164.00 1.00 4.00 109.63
98.00 250.00 0.00 2.00 37.21
118.00 162.00 0.00 1.00 165.87
251.00 38.00 1.00 5.00 127.77
170.00 247.00 0.00 2.00 98.50
31.00 52.00 0.00 2.00 108.57
247.00 243.00 1.00 5.00 173.76
239.00 40.00 0.00 3.00 71.02
251.00 243.00 1.00 4.00 198.95
236.00 119.00 0.00 5.00 129.03
237.00 216.00 0.00 3.00 62.63
48.00 225.00 0.00 5.00 43.63
249.00 31.00 0.00 3.00 171.27
245.00 75.00 0.00 1.00 32.69
168.00 239.00 0.00 4.00 163.04
167.00 250.00 0.00 2.00 149.34
68.00 222.00 1.00 3.00 80.27
250.00 132.00 0.00 4.00 113.65
239.00 248.00 1.00 1.00 59.32
7.00 3.00 1.00 5.00 141.95
160.00 244.00 0.00 1.00 34.76
249.00 24.00 1.00 2.00 95.46
232.00 237.00 0.00 5.00 41.26
243.00 246.00 1.00 3.00 83.76
237.00 249.00 0.00 2.00 164.63
88.00 62.00 1.00 4.00 107.38
247.00 242.00 1.00 4.00 139.88
