183.00 5.00 0.00 1.00 195.99
248.00 9.00 0.00 5.00 188.55
249.00 153.00 0.00 4.00 164.83
249.00 243.00 1.00 1.00 62.80
147.00 210.00 1.00 3.00 116.99
238.00 246.00 0.00 3.00 112.21
245.00 240.00 1.00 3.00 162.54
242.00 202.00 0.00 1.00 82.63
120.00 216.00 1.00 5.00 130.55
245.00 63.00 1.00 2.00 48.37
249.00 240.00 1.00 1.00 192.36
186.00 51.00 0.00 5.00 199.02
58.00 2.00 0.00 4.00 192.89
121.00 103.00 0.00 5.00 147.41
153.00 208.00 1.00 2.00 154.95
237.00 139.00 1.00 5.00 148.41
42.00 240.00 0.00 3.00 187.93
52.00 243.00 1.00 2.00 174.72
118.00 238.00 1.00 1.00 47.18
42.00 57.00 0.00 2.00 33.23
241.00 196.00 0.00 4.00 115.34
245.00 130.00 0.00 1.00 156.96
187.00 145.00 1.00 2.00 150.53
129.00 166.00 0.00 1.00 196.96
4.00 105.00 1.00 4.00 114.60
241.00 244.00 0.00 1.00 52.67
7.00 102.00 1.00 1.00 177.89
245.00 104.00 1.00 1.00 135.10
237.00 157.00 0.00 5.00 104.24
5.00 172.00 0.00 3.00 97.65
207.00 117.00 1.00 5.00 172.83
237.00 249.00 0.00 5.00 89.18
146.00 247.00 1.00 3.00 59.66
237.00 153.00 0.00 5.00 101.57
206.00 249.00 0.00 1.00 169.11
244.00 219.00 1.00 1.00 141.03
17.00 126.00 1.00 5.00 52.23
244.00 240.00 0.00 4.00 120.92
77.00 180.00 1.00 5.00 162.80
241.00 46.00 1.00 3.00 53.76
209.00 105.00 0.00 4.00 45.04
240.00 69.00 1.00 5.00 96.37
238.00 244.00 0.00 3.00 58.09
43.00 164.00 0.00 4.00 108.34
237.00 125.00 0.00 5.00 88.64
17.00 189.00 1.00 5.00 197.54
115.00 240.00 0.00 2.00 123.13
251.00 244.00 0.00 2.00 47.47
234.00 236.00 1.00 3.00 131.11
244.00 140.00 0.00 1.00 97.29
65.00 251.00 1.00 5.00 134.00
244.00 4.00 0.00 2.00 69.73
33.00 71.00 0.00 2.00 109.30
240.00 247.00 0.00 1.00 111.34
248.00 75.00 0.00 5.00 155.12
114.00 28.00 0.00 2.00 197.43
97.00 239.00 1.00 5.00 74.73
190.00 242.00 1.00 3.00 130.48
231.00 97.00 1.00 2.00 194.60
116.00 239.00 0.00 5.00 165.94
248.00 241.00 0.00 1.00 185.53
96.00 123.00 1.00 3.00 82.97
35.00 249.00 1.00 1.00 47.14
225.00 116.00 1.00 5.00 106.72
180.00 39.00 1.00 3.00 125.05
250.00 239.00 1.00 5.00 104.56
78.00 77.00 0.00 4.00 155.05
107.00 193.00 0.00 3.00 108.76
42.00 61.00 0.00 5.00 139.19
146.00 237.00 1.00 3.00 183.31
14.00 158.00 0.00 4.00 67.12
96.00 238.00 0.00 2.00 63.57
242.00 248.00 1.00 4.00 162.37
159.00 238.00 1.00 4.00 170.38
242.00 46.00 1.00 3.00 179.62
236.00 246.00 0.00 1.00 103.38
240.00 11.00 1.00 4.00 186.61
251.00 150.00 0.00 3.00 116.65
173.00 251.00 0.00 5.00 120.04
126.00 12.00 0.00 5.00 44.79
246.00 1.00 1.00 5.00 140.37
247.00 46.00 1.00 5.00 166.29
242.00 38.00 0.00 2.00 38.30
58.00 192.00 1.00 4.00 113.12
236.00 251.00 0.00 2.00 119.70
91.00 246.00 1.00 5.00 101.96
236.00 244.00 0.00 3.00 100.01
240.00 235.00 1.00 3.00 166.61
124.00 84.00 1.00 2.00 193.92
240.00 248.00 0.00 1.00 169.38
248.00 241.00 1.00 3.00 61.75
185.00 245.00 1.00 3.00 142.70
236.00 197.00 0.00 3.00 85.82
45.00 151.00 0.00 2.00 67.55
108.00 170.00 1.00 2.00 61.88
53.00 148.00 1.00 5.00 95.89
229.00 240.00 0.00 2.00 31.69
243.00 108.00 1.00 1.00 57.98
52.00 40.00 1.00 2.00 98.28
3.00 249.00 1.00 5.00 162.18
251.00 64.00 0.00 2.00 47.42
77.00 67.00 1.00 4.00 120.85
193.00 124.00 0.00 3.00 60.90
245.00 243.00 0.00 1.00 136.94
236.00 26.00 0.00 4.00 140.53
247.00 241.00 0.00 1.00 51.30
250.00 8.00 0.00 3.00 123.28
241.00 245.00 0.00 1.00 157.43
164.00 251.00 0.00 5.00 48.57
105.00 165.00 1.00 2.00 159.04
236.00 245.00 1.00 3.00 105.24
246.00 237.00 1.00 3.00 156.32
15.00 238.00 1.00 3.00 196.07
157.00 68.00 1.00 2.00 124.83
126.00 185.00 1.00 3.00 79.93
23.00 221.00 0.00 1.00 133.88
13.00 128.00 1.00 4.00 43.96
240.00 244.00 1.00 4.00 67.12
246.00 162.00 1.00 1.00 100.54
194.00 163.00 0.00 5.00 99.02
75.00 248.00 0.00 4.00 73.99
247.00 75.00 0.00 1.00 40.39
239.00 115.00 0.00 5.00 90.99
245.00 26.00 0.00 1.00 40.02
117.00 247.00 0.00 1.00 46.04
191.00 245.00 1.00 1.00 68.69
61.00 249.00 0.00 4.00 191.60
46.00 188.00 0.00 1.00 130.04
244.00 237.00 1.00 3.00 78.92
241.00 17.00 1.00 5.00 36.17
117.00 76.00 0.00 5.00 33.57
251.00 240.00 0.00 5.00 122.23
77.00 245.00 1.00 1.00 126.58
242.00 246.00 1.00 1.00 191.51
100.00 236.00 0.00 4.00 183.72
251.00 245.00 1.00 5.00 108.78
227.00 27.00 0.00 2.00 125.60
249.00 136.00 1.00 4.00 128.22
47.00 245.00 0.00 1.00 87.38
210.00 177.00 0.00 3.00 67.00
162.00 249.00 0.00 2.00 197.24
239.00 75.00 1.00 5.00 98.44
54.00 237.00 1.00 5.00 131.22
236.00 111.00 0.00 2.00 36.69
13.00 141.00 1.00 3.00 122.24
244.00 150.00 0.00 4.00 152.26
249.00 1.00 1.00 4.00 99.67
247.00 236.00 1.00 5.00 110.31
244.00 141.00 0.00 2.00 65.40
247.00 67.00 0.00 4.00 146.68
102.00 117.00 0.00 5.00 105.98
164.00 118.00 1.00 5.00 57.30
218.00 250.00 0.00 1.00 163.93
147.00 249.00 1.00 3.00 63.45
245.00 106.00 0.00 3.00 109.91
221.00 133.00 0.00 5.00 62.46
250.00 242.00 0.00 5.00 164.77
251.00 240.00 0.00 1.00 63.94
237.00 54.00 0.00 1.00 187.69
40.00 120.00 0.00 1.00 51.27
204.00 236.00 0.00 1.00 170.04
240.00 244.00 1.00 1.00 137.54
65.00 165.00 1.00 2.00 184.89
237.00 251.00 0.00 4.00 103.72
97.00 246.00 1.00 2.00 161.20
248.00 239.00 1.00 2.00 81.19
183.00 209.00 0.00 2.00 64.39
236.00 218.00 0.00 2.00 195.34
250.00 117.00 1.00 5.00 138.09
92.00 233.00 0.00 3.00 31.11
242.00 236.00 0.00 3.00 155.52
233.00 243.00 1.00 2.00 174.87
243.00 245.00 0.00 3.00 88.88
238.00 248.00 1.00 3.00 77.60
154.00 65.00 1.00 3.00 136.20
58.00 185.00 0.00 3.00 185.24
231.00 241.00 0.00 5.00 82.50
219.00 30.00 0.00 2.00 63.67
160.00 239.00 0.00 4.00 199.76
226.00 251.00 1.00 5.00 186.98
30.00 159.00 1.00 1.00 102.28
248.00 241.00 1.00 5.00 50.36
138.00 42.00 1.00 3.00 62.37
240.00 251.00 1.00 2.00 167.81
181.00 72.00 0.00 2.00 131.71
91.00 242.00 1.00 4.00 46.67
137.00 184.00 0.00 3.00 163.32
130.00 237.00 0.00 3.00 196.39
226.00 160.00 1.00 5.00 67.53
251.00 215.00 0.00 5.00 61.56
103.00 242.00 1.00 3.00 189.03
91.00 240.00 0.00 2.00 77.40
237.00 249.00 1.00 2.00 189.48
243.00 248.00 0.00 1.00 163.26
250.00 240.00 1.00 5.00 182.79
207.00 212.00 1.00 2.00 49.25
238.00 40.00 0.00 2.00 59.10
120.00 70.00 0.00 5.00 103.42
109.00 59.00 0.00 1.00 177.04
195.00 156.00 1.00 4.00 155.16
239.00 216.00 0.00 5.00 166.92
66.00 249.00 0.00 3.00 155.11
247.00 6.00 1.00 2.00 132.60
236.00 244.00 1.00 2.00 83.08
216.00 37.00 0.00 1.00 114.21
217.00 162.00 0.00 2.00 93.58
241.00 244.00 0.00 1.00 76.47
76.00 242.00 0.00 2.00 91.40
238.00 250.00 1.00 4.00 168.67
244.00 68.00 1.00 4.00 110.24
247.00 239.00 1.00 1.00 155.46
48.00 240.00 0.00 1.00 185.24
33.00 95.00 0.00 2.00 140.21
198.00 216.00 0.00 5.00 185.91
124.00 242.00 0.00 4.00 32.20
212.00 44.00 0.00 4.00 107.62
246.00 90.00 0.00 4.00 94.62
80.00 240.00 1.00 2.00 150.27
191.00 178.00 0.00 5.00 30.40
64.00 77.00 1.00 5.00 92.03
245.00 236.00 0.00 5.00 62.17
249.00 242.00 0.00 2.00 45.95
248.00 151.00 0.00 3.00 148.35
175.00 248.00 0.00 5.00 183.25
137.00 62.00 0.00 2.00 33.83
82.00 245.00 0.00 4.00 59.28
238.00 244.00 0.00 5.00 171.43
48.00 243.00 1.00 5.00 133.13
247.00 237.00 0.00 1.00 37.09
241.00 251.00 0.00 1.00 41.17
248.00 47.00 0.00 1.00 138.41
243.00 248.00 1.00 5.00 37.45
239.00 115.00 1.00 2.00 110.56
149.00 168.00 0.00 3.00 83.75
124.00 201.00 0.00 1.00 176.41
226.00 224.00 1.00 2.00 186.90
161.00 238.00 1.00 2.00 34.85
243.00 163.00 0.00 5.00 124.58
11.00 125.00 1.00 4.00 102.17
46.00 237.00 1.00 3.00 83.35
247.00 236.00 0.00 3.00 148.82
243.00 110.00 0.00 2.00 137.34
244.00 200.00 0.00 3.00 97.68
240.00 246.00 0.00 5.00 174.56
4.00 31.00 0.00 5.00 66.23
236.00 244.00 1.00 1.00 75.41
251.00 237.00 1.00 1.00 180.87
141.00 218.00 1.00 2.00 43.53
139.00 145.00 1.00 2.00 168.24
223.00 161.00 0.00 2.00 85.59
241.00 247.00 1.00 3.00 139.99
244.00 243.00 1.00 4.00 174.92
47.00 100.00 0.00 4.00 44.70
241.00 249.00 1.00 4.00 33.86
244.00 6.00 0.00 2.00 181.24
246.00 242.00 0.00 3.00 42.96
141.00 68.00 1.00 1.00 198.18
80.00 248.00 1.00 4.00 116.60
33.00 243.00 1.00 1.00 51.00
85.00 236.00 0.00 5.00 33.81
242.00 250.00 1.00 2.00 72.37
245.00 79.00 1.00 3.00 129.15
245.00 150.00 0.00 4.00 60.86
238.00 180.00 1.00 1.00 195.30
17.00 242.00 0.00 5.00 31.48
139.00 249.00 1.00 3.00 188.11
245.00 236.00 0.00 2.00 55.01
244.00 4.00 1.00 3.00 95.43
238.00 249.00 1.00 2.00 162.79
35.00 222.00 0.00 5.00 198.80
251.00 4.00 0.00 4.00 114.38
249.00 241.00 1.00 5.00 36.20
14.00 24.00 0.00 4.00 80.95
136.00 245.00 1.00 4.00 68.22
50.00 119.00 0.00 5.00 41.79
200.00 146.00 1.00 5.00 44.33
250.00 236.00 0.00 2.00 119.58
108.00 128.00 0.00 2.00 93.64
248.00 242.00 1.00 3.00 100.97
247.00 198.00 0.00 3.00 70.15
249.00 195.00 0.00 4.00 92.17
128.00 213.00 0.00 2.00 103.90
169.00 203.00 0.00 4.00 161.48
247.00 243.00 0.00 2.00 85.99
61.00 155.00 1.00 5.00 140.72
249.00 238.00 1.00 4.00 107.22
129.00 244.00 1.00 3.00 196.17
248.00 237.00 0.00 2.00 177.55
100.00 246.00 0.00 4.00 138.20
35.00 243.00 0.00 4.00 94.24
243.00 251.00 1.00 2.00 101.10
182.00 240.00 1.00 2.00 75.64
34.00 132.00 1.00 1.00 53.84
89.00 246.00 1.00 1.00 62.40
239.00 249.00 1.00 2.00 138.57
181.00 70.00 1.00 2.00 98.55
238.00 55.00 0.00 2.00 35.06
132.00 179.00 1.00 4.00 102.79
242.00 248.00 1.00 3.00 151.66
251.00 127.00 1.00 1.00 148.96
40.00 237.00 1.00 4.00 50.84
51.00 249.00 1.00 5.00 43.81
48.00 190.00 0.00 1.00 186.69
92.00 2.00 0.00 4.00 175.20
251.00 26.00 0.00 1.00 195.50
134.00 236.00 0.00 1.00 43.74
80.00 154.00 0.00 1.00 130.45
168.00 147.00 0.00 3.00 167.76
235.00 162.00 1.00 4.00 91.21
112.00 245.00 1.00 5.00 173.04
250.00 239.00 0.00 1.00 101.99
203.00 251.00 0.00 1.00 161.06
236.00 155.00 0.00 4.00 54.62
39.00 23.00 1.00 1.00 184.39
46.00 246.00 1.00 1.00 138.45
198.00 250.00 0.00 1.00 192.62
139.00 31.00 0.00 1.00 141.06
165.00 83.00 1.00 1.00 85.54
237.00 21.00 1.00 2.00 42.05
238.00 88.00 1.00 5.00 175.32
88.00 128.00 1.00 1.00 175.93
249.00 219.00 1.00 4.00 170.15
248.00 47.00 1.00 4.00 160.56
218.00 241.00 0.00 2.00 186.13
248.00 222.00 1.00 5.00 111.83
237.00 244.00 0.00 1.00 193.71
243.00 146.00 0.00 4.00 68.80
144.00 96.00 1.00 5.00 145.80
242.00 249.00 1.00 1.00 160.03
243.00 237.00 0.00 1.00 198.65
179.00 239.00 1.00 5.00 141.26
251.00 40.00 1.00 5.00 172.73
2.00 250.00 0.00 1.00 63.08
28.00 242.00 1.00 5.00 120.32
243.00 237.00 1.00 4.00 187.39
173.00 14.00 1.00 3.00 183.66
240.00 244.00 0.00 1.00 105.14
52.00 247.00 0.00 3.00 34.50
241.00 245.00 1.00 4.00 136.97
50.00 180.00 1.00 5.00 94.83
241.00 247.00 0.00 4.00 137.84
244.00 239.00 0.00 3.00 99.18
245.00 232.00 0.00 4.00 142.47
165.00 243.00 1.00 3.00 77.90
84.00 238.00 1.00 5.00 162.73
247.00 243.00 0.00 5.00 199.97
245.00 238.00 0.00 4.00 33.45
248.00 190.00 0.00 3.00 59.33
18.00 186.00 0.00 1.00 89.98
245.00 5.00 1.00 1.00 80.03
249.00 203.00 1.00 1.00 124.46
114.00 241.00 1.00 2.00 177.73
249.00 47.00 1.00 4.00 195.35
201.00 168.00 1.00 5.00 170.51
35.00 234.00 1.00 1.00 42.98
178.00 156.00 1.00 3.00 139.29
197.00 231.00 0.00 5.00 118.76
241.00 245.00 0.00 3.00 151.02
243.00 244.00 0.00 2.00 55.18
187.00 138.00 1.00 1.00 80.21
249.00 89.00 1.00 1.00 108.45
51.00 113.00 1.00 4.00 193.77
48.00 248.00 1.00 1.00 51.08
248.00 63.00 1.00 1.00 172.06
249.00 236.00 1.00 3.00 138.68
240.00 249.00 0.00 2.00 99.68
20.00 144.00 1.00 4.00 77.19
249.00 241.00 1.00 5.00 78.53
247.00 237.00 0.00 4.00 164.66
152.00 250.00 0.00 2.00 33.63
39.00 251.00 0.00 5.00 66.11
244.00 165.00 0.00 1.00 129.41
240.00 250.00 1.00 5.00 179.21
243.00 73.00 1.00 1.00 56.36
240.00 250.00 0.00 5.00 98.37
243.00 246.00 1.00 4.00 89.90
243.00 52.00 1.00 4.00 100.10
240.00 101.00 0.00 4.00 71.09
143.00 242.00 1.00 1.00 196.87
237.00 246.00 1.00 1.00 172.13
88.00 149.00 1.00 5.00 139.52
244.00 241.00 1.00 4.00 87.68
2.00 249.00 0.00 1.00 55.92
239.00 249.00 1.00 2.00 61.81
238.00 74.00 1.00 3.00 148.19
64.00 38.00 1.00 5.00 199.03
248.00 240.00 0.00 5.00 67.29
248.00 70.00 1.00 3.00 100.80
241.00 129.00 1.00 5.00 110.23
99.00 239.00 0.00 1.00 56.32
196.00 251.00 1.00 1.00 149.46
239.00 250.00 1.00 3.00 133.48
157.00 235.00 1.00 4.00 194.83
151.00 242.00 0.00 2.00 94.64
143.00 237.00 0.00 3.00 83.40
248.00 188.00 0.00 4.00 46.80
240.00 246.00 1.00 2.00 198.68
250.00 239.00 1.00 1.00 118.76
246.00 111.00 0.00 1.00 158.33
204.00 17.00 0.00 5.00 176.09
57.00 231.00 1.00 1.00 129.91
241.00 247.00 1.00 1.00 93.64
239.00 245.00 1.00 5.00 30.66
151.00 60.00 1.00 5.00 74.76
237.00 37.00 0.00 4.00 162.26
153.00 246.00 1.00 2.00 107.56
244.00 29.00 1.00 1.00 83.77
175.00 244.00 1.00 4.00 182.21
240.00 152.00 0.00 4.00 166.70
251.00 93.00 1.00 2.00 194.45
37.00 102.00 0.00 3.00 85.06
124.00 239.00 0.00 2.00 129.14
239.00 247.00 0.00 2.00 188.53
237.00 249.00 0.00 4.00 125.99
98.00 4.00 1.00 3.00 83.30
237.00 152.00 0.00 1.00 172.50
248.00 237.00 1.00 5.00 53.47
194.00 36.00 0.00 4.00 107.25
126.00 151.00 0.00 3.00 174.69
249.00 86.00 0.00 4.00 186.83
239.00 215.00 0.00 3.00 183.80
55.00 37.00 1.00 2.00 149.78
237.00 243.00 1.00 5.00 104.09
238.00 164.00 1.00 5.00 50.73
162.00 242.00 0.00 5.00 98.11
58.00 251.00 0.00 1.00 53.01
238.00 134.00 0.00 5.00 143.34
30.00 248.00 0.00 2.00 110.54
23.00 131.00 0.00 3.00 188.70
239.00 166.00 1.00 4.00 122.87
117.00 49.00 0.00 3.00 182.83
137.00 246.00 0.00 2.00 52.82
48.00 116.00 0.00 2.00 111.47
237.00 50.00 0.00 2.00 141.36
240.00 246.00 0.00 4.00 141.19
211.00 45.00 1.00 4.00 175.42
246.00 134.00 1.00 4.00 81.95
238.00 86.00 0.00 3.00 146.64
3.00 180.00 1.00 1.00 120.94
224.00 137.00 0.00 5.00 144.08
210.00 122.00 0.00 4.00 185.64
246.00 237.00 0.00 2.00 179.52
63.00 44.00 0.00 1.00 186.70
245.00 239.00 0.00 2.00 175.83
93.00 63.00 1.00 2.00 110.60
243.00 130.00 0.00 3.00 98.09
7.00 241.00 1.00 3.00 149.13
178.00 151.00 1.00 1.00 166.30
241.00 244.00 0.00 3.00 173.87
248.00 239.00 1.00 4.00 148.05
67.00 82.00 1.00 1.00 186.49
237.00 243.00 0.00 1.00 116.16
3.00 232.00 0.00 1.00 47.94
88.00 131.00 0.00 3.00 198.97
246.00 178.00 1.00 1.00 101.58
238.00 249.00 1.00 3.00 71.43
250.00 242.00 0.00 5.00 73.44
245.00 242.00 0.00 4.00 102.41
237.00 244.00 0.00 5.00 64.45
43.00 157.00 1.00 5.00 150.13
251.00 45.00 1.00 1.00 97.25
212.00 176.00 1.00 2.00 182.32
16.00 246.00 1.00 1.00 164.06
21.00 213.00 0.00 1.00 124.44
201.00 238.00 0.00 1.00 131.17
242.00 137.00 0.00 2.00 149.68
28.00 176.00 0.00 2.00 140.99
238.00 246.00 1.00 4.00 50.79
236.00 243.00 1.00 3.00 110.26
4.00 249.00 0.00 4.00 111.57
85.00 20.00 0.00 3.00 115.99
238.00 249.00 1.00 1.00 177.85
16.00 249.00 0.00 4.00 58.97
249.00 50.00 0.00 3.00 101.10
232.00 93.00 1.00 5.00 103.13
229.00 33.00 1.00 1.00 91.93
238.00 111.00 1.00 5.00 114.11
238.00 251.00 0.00 2.00 32.88
132.00 9.00 0.00 2.00 35.01
241.00 97.00 1.00 2.00 58.51
247.00 242.00 1.00 5.00 94.49
94.00 113.00 1.00 2.00 123.84
244.00 242.00 1.00 2.00 188.92
250.00 239.00 1.00 1.00 149.16
109.00 242.00 0.00 3.00 145.43
29.00 229.00 0.00 5.00 39.67
250.00 138.00 0.00 5.00 182.45
241.00 247.00 0.00 2.00 41.60
239.00 244.00 1.00 2.00 186.53
250.00 243.00 1.00 1.00 75.23
12.00 245.00 0.00 4.00 184.95
59.00 246.00 1.00 3.00 161.82
244.00 159.00 1.00 4.00 49.69
14.00 116.00 0.00 4.00 106.56
197.00 249.00 0.00 5.00 35.14
125.00 239.00 1.00 3.00 146.34
250.00 208.00 1.00 3.00 40.50
251.00 93.00 1.00 5.00 90.09
240.00 103.00 1.00 2.00 132.47
41.00 241.00 0.00 1.00 77.87
241.00 216.00 1.00 5.00 196.67
102.00 148.00 0.00 1.00 103.74
157.00 198.00 1.00 5.00 96.13
243.00 251.00 0.00 2.00 169.69
43.00 118.00 0.00 3.00 89.07
153.00 135.00 0.00 1.00 162.15
243.00 210.00 0.00 2.00 44.05
248.00 236.00 1.00 4.00 111.92
249.00 168.00 1.00 5.00 182.86
122.00 245.00 0.00 4.00 116.90
106.00 144.00 0.00 1.00 34.96
239.00 247.00 0.00 1.00 114.90
240.00 77.00 1.00 2.00 139.40
98.00 241.00 1.00 2.00 110.40
12.00 110.00 0.00 4.00 129.50
250.00 171.00 0.00 2.00 85.33
192.00 15.00 0.00 1.00 36.41
240.00 248.00 0.00 1.00 61.12
240.00 39.00 1.00 1.00 136.51
135.00 95.00 1.00 3.00 55.89
242.00 224.00 1.00 3.00 77.05
53.00 170.00 0.00 1.00 106.40
239.00 245.00 1.00 3.00 138.48
238.00 251.00 0.00 3.00 130.24
193.00 90.00 1.00 3.00 111.81
240.00 223.00 1.00 3.00 140.41
104.00 245.00 1.00 2.00 132.19
80.00 181.00 1.00 1.00 148.05
144.00 179.00 0.00 5.00 36.55
238.00 219.00 0.00 1.00 53.24
236.00 244.00 1.00 2.00 81.11
239.00 141.00 1.00 1.00 80.65
107.00 228.00 0.00 2.00 80.55
171.00 211.00 0.00 1.00 119.31
242.00 246.00 1.00 3.00 170.82
51.00 248.00 1.00 4.00 99.97
240.00 249.00 1.00 5.00 188.86
238.00 245.00 0.00 1.00 184.82
243.00 251.00 1.00 5.00 99.51
9.00 84.00 1.00 2.00 37.13
138.00 239.00 1.00 1.00 35.98
42.00 237.00 0.00 1.00 54.12
143.00 249.00 1.00 4.00 55.46
230.00 43.00 1.00 2.00 97.05
249.00 170.00 0.00 5.00 79.59
69.00 140.00 0.00 1.00 37.29
239.00 245.00 0.00 5.00 94.35
245.00 71.00 1.00 5.00 150.19
236.00 249.00 0.00 3.00 140.61
245.00 241.00 0.00 1.00 67.84
196.00 241.00 0.00 5.00 139.54
243.00 166.00 0.00 3.00 180.15
245.00 121.00 0.00 5.00 99.39
246.00 243.00 0.00 1.00 42.54
8.00 242.00 1.00 4.00 78.23
19.00 249.00 0.00 2.00 80.84
247.00 238.00 1.00 2.00 139.35
250.00 238.00 1.00 5.00 81.22
75.00 250.00 1.00 2.00 134.36
147.00 243.00 1.00 1.00 119.60
239.00 245.00 1.00 3.00 185.00
70.00 10.00 0.00 2.00 86.27
104.00 120.00 1.00 5.00 128.59
250.00 223.00 1.00 4.00 188.42
241.00 248.00 1.00 3.00 132.84
44.00 244.00 0.00 2.00 182.94
161.00 200.00 0.00 2.00 108.33
244.00 240.00 1.00 3.00 58.00
247.00 243.00 0.00 4.00 72.96
236.00 246.00 1.00 3.00 183.83
189.00 165.00 0.00 1.00 125.40
186.00 240.00 1.00 3.00 198.78
241.00 67.00 0.00 5.00 142.71
212.00 243.00 1.00 1.00 180.98
241.00 74.00 0.00 4.00 83.94
148.00 172.00 1.00 4.00 128.83
78.00 247.00 1.00 5.00 74.76
236.00 171.00 1.00 4.00 171.33
197.00 187.00 0.00 3.00 173.51
62.00 249.00 0.00 3.00 141.48
249.00 184.00 0.00 1.00 133.14
77.00 241.00 1.00 3.00 174.61
158.00 242.00 0.00 5.00 158.27
205.00 243.00 0.00 1.00 175.18
243.00 247.00 0.00 2.00 177.21
183.00 249.00 1.00 5.00 51.12
52.00 19.00 0.00 4.00 51.68
229.00 119.00 0.00 1.00 58.67
233.00 251.00 0.00 5.00 62.57
27.00 53.00 0.00 4.00 157.86
143.00 241.00 0.00 5.00 152.76
241.00 22.00 0.00 3.00 142.14
43.00 69.00 1.00 3.00 129.79
85.00 27.00 0.00 2.00 195.73
244.00 160.00 1.00 1.00 76.62
238.00 245.00 0.00 2.00 65.65
249.00 236.00 1.00 1.00 190.56
203.00 247.00 0.00 1.00 174.67
249.00 135.00 1.00 2.00 177.52
34.00 44.00 1.00 5.00 34.86
238.00 248.00 1.00 5.00 107.03
239.00 40.00 0.00 1.00 50.72
250.00 146.00 1.00 4.00 48.47
239.00 95.00 0.00 3.00 143.52
233.00 189.00 0.00 5.00 164.35
65.00 249.00 0.00 2.00 145.18
62.00 237.00 1.00 2.00 140.70
236.00 242.00 0.00 5.00 158.42
249.00 238.00 1.00 3.00 96.75
238.00 247.00 1.00 1.00 65.45
165.00 132.00 1.00 2.00 122.52
91.00 157.00 0.00 1.00 188.27
193.00 231.00 1.00 4.00 55.01
141.00 251.00 0.00 4.00 152.20
80.00 238.00 1.00 2.00 104.90
247.00 100.00 1.00 4.00 70.73
240.00 182.00 1.00 5.00 161.78
244.00 26.00 1.00 3.00 79.75
100.00 37.00 1.00 5.00 75.34
87.00 250.00 0.00 2.00 97.25
14.00 243.00 0.00 5.00 66.80
239.00 248.00 0.00 5.00 135.44
244.00 251.00 0.00 3.00 130.58
246.00 243.00 1.00 4.00 186.74
144.00 89.00 1.00 3.00 131.01
116.00 243.00 1.00 3.00 48.83
239.00 187.00 0.00 4.00 169.14
245.00 240.00 0.00 2.00 34.66
250.00 178.00 1.00 4.00 76.61
240.00 188.00 0.00 3.00 47.44
250.00 190.00 0.00 5.00 164.01
241.00 108.00 0.00 5.00 100.75
239.00 251.00 0.00 2.00 165.96
247.00 61.00 0.00 2.00 178.99
238.00 246.00 0.00 4.00 125.77
245.00 236.00 1.00 5.00 184.05
109.00 181.00 1.00 1.00 170.21
248.00 241.00 1.00 1.00 71.68
196.00 244.00 1.00 5.00 138.50
239.00 246.00 0.00 2.00 51.89
198.00 250.00 1.00 2.00 88.74
20.00 41.00 0.00 3.00 188.95
70.00 19.00 1.00 4.00 88.81
236.00 27.00 1.00 4.00 143.88
238.00 251.00 0.00 5.00 49.76
13.00 129.00 0.00 2.00 63.92
237.00 249.00 0.00 3.00 87.05
130.00 240.00 0.00 5.00 196.37
130.00 3.00 0.00 4.00 31.64
246.00 239.00 1.00 4.00 50.13
238.00 244.00 0.00 2.00 105.65
241.00 46.00 1.00 4.00 147.97
17.00 80.00 0.00 4.00 185.98
239.00 245.00 1.00 3.00 105.16
248.00 152.00 0.00 4.00 143.83
236.00 171.00 0.00 4.00 47.39
239.00 173.00 1.00 3.00 84.55
245.00 129.00 1.00 4.00 38.38
26.00 221.00 1.00 5.00 41.48
190.00 245.00 0.00 2.00 31.70
249.00 236.00 0.00 5.00 197.32
248.00 243.00 1.00 5.00 107.05
11.00 52.00 0.00 4.00 101.23
240.00 246.00 0.00 5.00 39.04
94.00 14.00 1.00 2.00 83.86
79.00 223.00 1.00 4.00 51.70
238.00 227.00 1.00 1.00 80.28
164.00 72.00 0.00 3.00 118.95
5.00 9.00 0.00 4.00 94.60
245.00 236.00 1.00 5.00 173.07
251.00 195.00 1.00 3.00 71.23
249.00 15.00 1.00 2.00 145.62
137.00 220.00 0.00 4.00 138.80
239.00 247.00 0.00 4.00 148.92
155.00 224.00 1.00 5.00 48.35
243.00 248.00 1.00 2.00 176.41
238.00 246.00 1.00 1.00 79.26
36.00 251.00 1.00 2.00 46.42
127.00 250.00 1.00 1.00 153.05
139.00 98.00 1.00 1.00 58.55
156.00 249.00 1.00 3.00 105.88
249.00 238.00 0.00 2.00 141.20
239.00 247.00 0.00 3.00 63.95
125.00 244.00 0.00 2.00 132.15
200.00 140.00 0.00 2.00 38.74
241.00 6.00 1.00 2.00 172.79
136.00 250.00 0.00 2.00 178.16
174.00 238.00 0.00 1.00 197.54
189.00 250.00 0.00 5.00 65.13
121.00 242.00 1.00 5.00 132.09
239.00 109.00 0.00 1.00 53.43
251.00 102.00 1.00 5.00 111.57
251.00 73.00 0.00 3.00 173.49
244.00 115.00 0.00 3.00 72.53
85.00 246.00 0.00 1.00 167.15
250.00 239.00 1.00 2.00 68.74
118.00 40.00 0.00 3.00 75.95
246.00 240.00 1.00 1.00 170.09
247.00 206.00 0.00 4.00 116.46
247.00 238.00 1.00 3.00 197.34
51.00 239.00 0.00 4.00 97.83
236.00 49.00 0.00 2.00 151.73
251.00 4.00 1.00 3.00 45.72
248.00 236.00 0.00 5.00 100.72
0.00 243.00 0.00 2.00 57.28
63.00 246.00 0.00 3.00 57.01
206.00 241.00 0.00 3.00 91.98
236.00 244.00 1.00 1.00 47.78
116.00 248.00 0.00 5.00 126.06
99.00 196.00 0.00 1.00 81.64
86.00 251.00 1.00 3.00 126.02
12.00 168.00 1.00 5.00 197.72
196.00 26.00 0.00 2.00 95.87
246.00 160.00 0.00 5.00 186.23
236.00 251.00 0.00 3.00 86.17
251.00 242.00 0.00 1.00 142.73
207.00 240.00 0.00 5.00 48.84
228.00 240.00 0.00 5.00 108.67
178.00 245.00 1.00 2.00 197.99
240.00 246.00 0.00 5.00 184.95
248.00 237.00 0.00 5.00 143.54
236.00 229.00 0.00 5.00 165.28
251.00 244.00 1.00 1.00 61.26
249.00 239.00 1.00 1.00 48.02
249.00 88.00 1.00 5.00 93.85
148.00 242.00 0.00 1.00 190.28
228.00 30.00 1.00 5.00 89.46
249.00 241.00 0.00 5.00 95.42
245.00 94.00 0.00 4.00 84.24
93.00 242.00 0.00 4.00 155.54
244.00 239.00 1.00 5.00 112.32
247.00 239.00 0.00 4.00 182.09
249.00 32.00 0.00 2.00 183.82
231.00 242.00 0.00 5.00 83.19
236.00 170.00 0.00 2.00 130.41
164.00 249.00 1.00 3.00 191.21
250.00 241.00 1.00 1.00 163.92
189.00 246.00 1.00 3.00 47.31
99.00 172.00 1.00 2.00 146.04
250.00 20.00 1.00 3.00 121.81
58.00 242.00 1.00 3.00 111.67
68.00 41.00 0.00 3.00 77.53
251.00 184.00 0.00 3.00 87.36
238.00 84.00 0.00 4.00 179.80
12.00 174.00 0.00 2.00 176.63
238.00 247.00 0.00 5.00 117.42
187.00 167.00 1.00 4.00 139.57
138.00 250.00 0.00 3.00 132.83
244.00 251.00 1.00 5.00 71.48
243.00 247.00 0.00 2.00 118.85
248.00 240.00 0.00 3.00 138.00
249.00 236.00 1.00 4.00 147.72
181.00 199.00 1.00 5.00 110.75
239.00 47.00 1.00 2.00 102.63
115.00 77.00 1.00 1.00 192.46
236.00 247.00 0.00 5.00 150.33
157.00 225.00 1.00 2.00 186.58
239.00 166.00 1.00 4.00 82.05
241.00 246.00 0.00 3.00 71.97
195.00 251.00 1.00 5.00 139.78
161.00 227.00 0.00 4.00 119.25
238.00 85.00 1.00 2.00 149.28
238.00 127.00 1.00 3.00 56.35
246.00 238.00 1.00 4.00 54.27
237.00 113.00 1.00 3.00 163.25
250.00 122.00 1.00 4.00 42.75
240.00 35.00 0.00 4.00 109.14
244.00 242.00 0.00 3.00 152.24
243.00 245.00 0.00 2.00 35.15
238.00 245.00 1.00 2.00 185.00
87.00 163.00 0.00 2.00 70.78
171.00 227.00 1.00 5.00 152.27
78.00 247.00 0.00 5.00 65.04
14.00 247.00 0.00 5.00 61.17
181.00 47.00 0.00 1.00 174.20
35.00 237.00 0.00 2.00 95.89
129.00 156.00 1.00 4.00 49.07
143.00 70.00 1.00 5.00 114.43
148.00 250.00 0.00 4.00 161.95
249.00 188.00 1.00 5.00 185.43
37.00 228.00 1.00 3.00 144.63
207.00 250.00 0.00 5.00 54.17
96.00 225.00 0.00 1.00 193.03
57.00 243.00 0.00 2.00 148.80
242.00 42.00 0.00 1.00 61.30
242.00 244.00 0.00 4.00 101.83
174.00 250.00 0.00 1.00 113.91
222.00 250.00 1.00 4.00 116.62
242.00 57.00 1.00 1.00 91.65
61.00 119.00 1.00 2.00 73.44
240.00 113.00 0.00 3.00 89.82
133.00 176.00 1.00 3.00 174.89
246.00 87.00 0.00 3.00 108.32
246.00 240.00 0.00 5.00 130.95
5.00 228.00 0.00 2.00 128.48
248.00 242.00 1.00 5.00 73.19
6.00 246.00 1.00 2.00 107.53
213.00 225.00 1.00 2.00 189.49
238.00 203.00 0.00 1.00 145.43
81.00 242.00 0.00 3.00 85.97
237.00 143.00 1.00 3.00 71.46
248.00 44.00 0.00 1.00 147.37
240.00 53.00 0.00 4.00 97.73
182.00 248.00 0.00 2.00 180.26
149.00 157.00 0.00 4.00 177.67
158.00 243.00 0.00 4.00 173.48
164.00 244.00 0.00 1.00 131.92
251.00 198.00 1.00 5.00 122.69
240.00 1.00 1.00 3.00 70.83
243.00 54.00 1.00 2.00 75.46
251.00 171.00 0.00 5.00 175.35
242.00 205.00 1.00 3.00 67.97
238.00 251.00 0.00 1.00 159.26
21.00 113.00 0.00 2.00 117.14
154.00 1.00 1.00 5.00 177.37
39.00 92.00 0.00 4.00 67.55
247.00 238.00 1.00 1.00 93.10
130.00 236.00 1.00 5.00 82.89
245.00 238.00 1.00 1.00 186.49
243.00 109.00 1.00 2.00 107.88
241.00 91.00 1.00 3.00 65.03
15.00 245.00 0.00 1.00 54.01
199.00 214.00 0.00 1.00 80.24
177.00 240.00 1.00 1.00 158.82
250.00 244.00 0.00 5.00 96.91
243.00 246.00 0.00 3.00 165.77
241.00 67.00 1.00 5.00 90.75
196.00 169.00 1.00 2.00 110.32
72.00 244.00 0.00 3.00 38.50
47.00 167.00 1.00 5.00 174.81
200.00 31.00 0.00 5.00 101.34
250.00 227.00 1.00 4.00 94.17
248.00 166.00 0.00 4.00 63.42
168.00 243.00 1.00 1.00 103.19
77.00 247.00 0.00 5.00 111.36
26.00 117.00 1.00 4.00 123.91
250.00 238.00 0.00 5.00 169.95
205.00 102.00 0.00 1.00 125.46
218.00 241.00 1.00 3.00 90.98
126.00 251.00 1.00 1.00 132.63
240.00 19.00 1.00 3.00 177.72
236.00 47.00 1.00 1.00 87.70
192.00 240.00 0.00 3.00 43.84
199.00 238.00 0.00 2.00 159.80
236.00 250.00 0.00 4.00 151.80
131.00 236.00 0.00 5.00 115.12
165.00 240.00 0.00 2.00 135.14
48.00 236.00 1.00 1.00 182.27
84.00 115.00 0.00 5.00 131.39
251.00 34.00 0.00 1.00 74.21
224.00 238.00 1.00 5.00 152.57
237.00 251.00 0.00 5.00 78.62
250.00 186.00 1.00 4.00 85.68
134.00 248.00 1.00 2.00 129.23
141.00 60.00 1.00 5.00 157.13
67.00 248.00 0.00 3.00 156.69
21.00 237.00 1.00 3.00 31.46
248.00 98.00 0.00 1.00 83.77
8.00 251.00 0.00 2.00 184.40
143.00 242.00 0.00 1.00 185.91
239.00 213.00 1.00 5.00 65.21
243.00 249.00 1.00 1.00 179.40
247.00 196.00 0.00 1.00 196.53
165.00 47.00 0.00 4.00 49.65
244.00 236.00 1.00 4.00 119.06
248.00 242.00 1.00 4.00 187.10
242.00 87.00 0.00 4.00 163.82
198.00 239.00 1.00 4.00 42.70
139.00 166.00 1.00 3.00 85.30
153.00 243.00 0.00 3.00 130.45
250.00 18.00 1.00 5.00 161.21
132.00 48.00 1.00 3.00 156.74
247.00 160.00 1.00 5.00 180.05
237.00 244.00 1.00 4.00 89.24
240.00 185.00 1.00 5.00 125.49
242.00 110.00 1.00 1.00 56.83
16.00 215.00 0.00 2.00 77.65
104.00 248.00 0.00 2.00 157.68
98.00 72.00 0.00 4.00 58.86
250.00 239.00 0.00 3.00 195.96
203.00 238.00 0.00 1.00 198.80
245.00 29.00 1.00 1.00 142.31
246.00 240.00 0.00 2.00 69.32
245.00 243.00 1.00 5.00 170.26
251.00 156.00 0.00 1.00 179.22
245.00 111.00 0.00 5.00 36.89
21.00 176.00 1.00 5.00 97.59
202.00 241.00 1.00 2.00 154.58
36.00 249.00 0.00 3.00 197.33
246.00 241.00 0.00 2.00 103.74
243.00 246.00 1.00 3.00 151.90
224.00 242.00 1.00 5.00 154.71
165.00 211.00 0.00 1.00 109.79
152.00 108.00 0.00 4.00 171.74
59.00 239.00 1.00 1.00 46.74
219.00 62.00 0.00 1.00 107.66
248.00 106.00 1.00 3.00 46.51
242.00 249.00 0.00 5.00 124.78
124.00 242.00 1.00 4.00 107.86
241.00 245.00 0.00 4.00 92.66
250.00 244.00 0.00 3.00 30.65
244.00 239.00 1.00 5.00 99.77
17.00 244.00 0.00 3.00 153.92
243.00 244.00 0.00 5.00 73.39
238.00 250.00 1.00 1.00 128.99
29.00 231.00 1.00 4.00 110.33
132.00 200.00 0.00 2.00 155.54
188.00 148.00 1.00 1.00 36.24
242.00 250.00 0.00 1.00 84.81
133.00 76.00 0.00 3.00 190.75
242.00 245.00 1.00 2.00 91.09
248.00 189.00 1.00 5.00 45.24
70.00 236.00 0.00 2.00 31.28
84.00 57.00 1.00 5.00 54.59
244.00 70.00 1.00 3.00 126.00
243.00 169.00 1.00 5.00 67.09
244.00 240.00 1.00 2.00 136.95
251.00 122.00 1.00 1.00 162.18
239.00 246.00 0.00 2.00 49.41
70.00 247.00 0.00 1.00 135.73
209.00 167.00 0.00 4.00 132.64
247.00 238.00 0.00 2.00 106.00
227.00 26.00 1.00 4.00 166.82
78.00 240.00 0.00 5.00 138.61
244.00 241.00 1.00 5.00 63.60
243.00 237.00 0.00 5.00 151.13
246.00 238.00 0.00 2.00 139.32
142.00 14.00 0.00 4.00 161.88
245.00 237.00 1.00 2.00 111.81
244.00 242.00 1.00 2.00 143.08
245.00 238.00 0.00 2.00 162.65
244.00 238.00 0.00 2.00 145.42
237.00 212.00 1.00 1.00 103.46
127.00 239.00 1.00 5.00 59.60
35.00 240.00 0.00 4.00 157.72
119.00 102.00 1.00 3.00 180.98
27.00 237.00 0.00 5.00 154.71
156.00 16.00 1.00 3.00 170.98
239.00 245.00 0.00 4.00 158.91
34.00 85.00 1.00 4.00 178.95
2.00 234.00 1.00 5.00 45.85
239.00 221.00 0.00 1.00 173.73
245.00 85.00 0.00 5.00 140.21
148.00 248.00 0.00 5.00 104.37
237.00 243.00 0.00 2.00 49.45
75.00 179.00 0.00 2.00 142.94
22.00 249.00 1.00 2.00 141.12
141.00 250.00 1.00 5.00 103.50
237.00 250.00 1.00 1.00 99.69
224.00 58.00 1.00 2.00 90.22
137.00 244.00 0.00 4.00 78.65
249.00 61.00 0.00 4.00 90.49
105.00 241.00 0.00 4.00 50.83
95.00 249.00 1.00 3.00 167.78
69.00 60.00 0.00 3.00 111.67
248.00 43.00 0.00 2.00 51.42
249.00 238.00 1.00 1.00 157.04
250.00 162.00 1.00 1.00 103.68
67.00 207.00 1.00 1.00 115.52
44.00 243.00 0.00 1.00 127.53
236.00 82.00 0.00 2.00 48.95
248.00 206.00 1.00 1.00 95.14
22.00 246.00 0.00 1.00 64.58
239.00 247.00 1.00 5.00 73.67
239.00 248.00 0.00 3.00 148.25
242.00 245.00 0.00 4.00 61.87
248.00 239.00 1.00 4.00 158.04
115.00 251.00 0.00 2.00 36.48
15.00 243.00 1.00 2.00 185.59
242.00 250.00 0.00 3.00 160.61
246.00 242.00 1.00 3.00 134.43
237.00 215.00 0.00 1.00 31.95
93.00 238.00 1.00 5.00 199.23
239.00 248.00 0.00 3.00 161.41
248.00 106.00 0.00 5.00 175.68
238.00 212.00 0.00 5.00 54.75
0.00 208.00 0.00 1.00 134.91
58.00 244.00 0.00 3.00 132.68
217.00 249.00 0.00 1.00 104.58
180.00 250.00 0.00 3.00 164.55
144.00 76.00 0.00 2.00 73.15
4.00 79.00 0.00 2.00 65.62
47.00 238.00 1.00 3.00 54.44
238.00 180.00 1.00 5.00 191.67
245.00 3.00 0.00 3.00 97.55
248.00 236.00 0.00 2.00 110.31
131.00 95.00 0.00 4.00 109.55
245.00 37.00 1.00 2.00 54.90
60.00 75.00 0.00 2.00 192.67
49.00 240.00 0.00 5.00 180.48
236.00 246.00 1.00 2.00 142.10
61.00 28.00 0.00 4.00 187.10
238.00 251.00 0.00 4.00 104.70
249.00 242.00 0.00 2.00 104.87
243.00 246.00 0.00 1.00 63.78
120.00 248.00 0.00 4.00 148.50
248.00 243.00 1.00 2.00 42.98
55.00 118.00 1.00 1.00 54.18
50.00 170.00 0.00 4.00 155.28
59.00 244.00 1.00 3.00 195.80
117.00 243.00 0.00 4.00 168.46
244.00 115.00 0.00 3.00 135.45
244.00 158.00 0.00 2.00 170.95
242.00 236.00 0.00 3.00 41.80
247.00 238.00 1.00 1.00 113.76
248.00 7.00 0.00 2.00 77.77
152.00 247.00 0.00 2.00 141.22
74.00 193.00 1.00 5.00 127.37
246.00 241.00 0.00 2.00 165.45
251.00 12.00 1.00 2.00 55.88
249.00 52.00 0.00 3.00 130.85
250.00 242.00 0.00 1.00 91.96
244.00 156.00 0.00 4.00 30.11
36.00 148.00 0.00 3.00 101.70
241.00 83.00 0.00 5.00 106.32
248.00 134.00 1.00 5.00 161.20
248.00 239.00 0.00 3.00 77.87
103.00 246.00 0.00 3.00 38.92
102.00 2.00 1.00 5.00 150.93
62.00 160.00 1.00 2.00 156.28
27.00 80.00 1.00 4.00 93.09
247.00 72.00 1.00 4.00 116.86
239.00 40.00 1.00 5.00 102.85
19.00 249.00 1.00 2.00 80.34
92.00 240.00 0.00 5.00 73.76
248.00 19.00 1.00 5.00 186.33
245.00 251.00 0.00 1.00 124.61
179.00 129.00 1.00 3.00 49.47
248.00 238.00 0.00 4.00 51.28
167.00 251.00 0.00 1.00 192.72
242.00 245.00 1.00 4.00 174.24
107.00 243.00 0.00 2.00 150.70
244.00 237.00 1.00 1.00 47.44
130.00 65.00 1.00 4.00 135.39
103.00 135.00 1.00 1.00 41.60
244.00 243.00 0.00 3.00 162.47
251.00 243.00 1.00 4.00 119.20
242.00 244.00 1.00 5.00 59.82
168.00 161.00 0.00 2.00 127.95
66.00 238.00 0.00 4.00 44.32
240.00 214.00 1.00 1.00 63.71
243.00 104.00 1.00 3.00 178.57
240.00 103.00 1.00 5.00 140.28
177.00 175.00 1.00 1.00 67.36
82.00 239.00 0.00 5.00 133.11
30.00 248.00 1.00 2.00 106.18
238.00 250.00 1.00 1.00 157.15
190.00 249.00 1.00 5.00 193.51
196.00 28.00 1.00 4.00 192.51
251.00 133.00 0.00 2.00 160.65
241.00 249.00 1.00 2.00 74.63
251.00 3.00 0.00 3.00 153.85
239.00 248.00 0.00 1.00 98.49
116.00 62.00 0.00 1.00 42.00
164.00 60.00 0.00 5.00 65.39
226.00 249.00 0.00 5.00 89.97
154.00 239.00 0.00 2.00 69.49
20.00 249.00 0.00 5.00 129.59
238.00 90.00 0.00 1.00 72.25
173.00 184.00 0.00 1.00 136.07
137.00 221.00 0.00 4.00 189.12
14.00 246.00 1.00 5.00 104.84
239.00 180.00 1.00 2.00 98.26
183.00 239.00 1.00 5.00 189.62
248.00 177.00 1.00 4.00 70.77
88.00 218.00 1.00 4.00 138.64
68.00 243.00 0.00 3.00 120.73
248.00 242.00 0.00 3.00 122.49
247.00 102.00 0.00 1.00 191.03
247.00 226.00 1.00 5.00 118.18
88.00 244.00 1.00 1.00 95.34
250.00 128.00 0.00 1.00 78.41
22.00 44.00 0.00 3.00 99.61
187.00 1.00 1.00 1.00 156.65
242.00 185.00 0.00 1.00 150.93
100.00 174.00 1.00 2.00 167.97
247.00 239.00 1.00 5.00 93.05
247.00 184.00 0.00 5.00 191.30
241.00 251.00 1.00 2.00 115.81
248.00 126.00 1.00 1.00 174.02
248.00 10.00 1.00 3.00 44.29
238.00 248.00 0.00 1.00 103.51
251.00 236.00 1.00 2.00 160.89
241.00 250.00 0.00 4.00 127.29
169.00 236.00 0.00 2.00 92.88
129.00 8.00 0.00 1.00 80.28
246.00 3.00 0.00 4.00 35.06
123.00 195.00 1.00 3.00 78.98
78.00 191.00 0.00 4.00 173.89
247.00 135.00 1.00 5.00 71.95
6.00 128.00 1.00 4.00 114.44
211.00 251.00 1.00 5.00 65.11
161.00 181.00 1.00 4.00 189.89
93.00 43.00 1.00 4.00 98.34
247.00 238.00 1.00 1.00 40.88
164.00 140.00 1.00 3.00 31.99
87.00 245.00 1.00 1.00 192.88
28.00 196.00 0.00 5.00 117.60
241.00 245.00 1.00 4.00 41.60
244.00 21.00 1.00 3.00 83.47
250.00 195.00 1.00 2.00 190.45
70.00 241.00 0.00 1.00 134.71
113.00 239.00 0.00 2.00 100.82
124.00 251.00 0.00 5.00 116.08
237.00 27.00 0.00 4.00 153.29
151.00 240.00 0.00 2.00 112.49
238.00 246.00 0.00 5.00 100.30
129.00 243.00 0.00 2.00 104.75
244.00 182.00 1.00 3.00 61.65
192.00 248.00 1.00 5.00 86.36
241.00 133.00 0.00 1.00 49.53
180.00 19.00 0.00 1.00 152.21
250.00 236.00 1.00 2.00 49.30
76.00 239.00 1.00 3.00 100.32
246.00 41.00 1.00 2.00 71.59
61.00 250.00 0.00 5.00 47.98
66.00 236.00 0.00 5.00 45.13
251.00 243.00 0.00 2.00 133.30
128.00 251.00 1.00 4.00 47.60
125.00 243.00 0.00 4.00 187.56
242.00 175.00 1.00 3.00 44.61
249.00 95.00 1.00 1.00 105.02
249.00 237.00 1.00 5.00 150.21
247.00 201.00 1.00 4.00 72.97
251.00 34.00 1.00 1.00 177.97
100.00 246.00 0.00 5.00 47.78
245.00 241.00 0.00 1.00 169.89
236.00 126.00 1.00 5.00 46.84
64.00 211.00 0.00 3.00 82.28
251.00 239.00 1.00 4.00 50.61
243.00 16.00 1.00 4.00 134.51
107.00 58.00 0.00 3.00 112.26
15.00 239.00 1.00 3.00 88.86
244.00 251.00 0.00 4.00 152.20
250.00 240.00 1.00 3.00 141.24
245.00 238.00 1.00 1.00 82.02
250.00 151.00 0.00 4.00 133.93
29.00 148.00 1.00 1.00 126.08
143.00 239.00 1.00 5.00 163.67
238.00 251.00 1.00 3.00 169.59
211.00 157.00 0.00 5.00 114.10
248.00 237.00 0.00 2.00 58.04
248.00 237.00 1.00 4.00 148.55
238.00 247.00 0.00 3.00 107.63
248.00 242.00 0.00 5.00 152.40
52.00 201.00 0.00 1.00 153.49
96.00 250.00 1.00 4.00 182.27
242.00 249.00 0.00 2.00 146.13
194.00 251.00 1.00 1.00 42.82
118.00 243.00 1.00 1.00 38.87
231.00 250.00 0.00 2.00 69.76
242.00 236.00 1.00 1.00 106.23
204.00 21.00 1.00 5.00 184.43
222.00 251.00 0.00 4.00 54.39
243.00 244.00 1.00 3.00 43.58
123.00 246.00 1.00 5.00 120.30
238.00 247.00 0.00 2.00 190.58
99.00 251.00 0.00 4.00 161.95
240.00 184.00 0.00 3.00 97.66
238.00 8.00 1.00 4.00 107.39
38.00 236.00 1.00 4.00 168.33
227.00 236.00 1.00 5.00 36.30
218.00 237.00 0.00 1.00 58.86
54.00 246.00 1.00 1.00 62.73
249.00 241.00 1.00 4.00 61.81
243.00 245.00 0.00 4.00 186.38
175.00 139.00 0.00 4.00 56.15
180.00 241.00 0.00 1.00 31.53
49.00 239.00 1.00 2.00 54.36
238.00 87.00 0.00 2.00 82.10
30.00 246.00 0.00 2.00 94.91
237.00 249.00 1.00 5.00 149.97
115.00 236.00 1.00 5.00 58.71
244.00 134.00 1.00 3.00 196.18
247.00 32.00 1.00 5.00 142.71
246.00 238.00 0.00 3.00 66.02
155.00 127.00 1.00 5.00 77.58
236.00 56.00 0.00 5.00 189.24
242.00 176.00 1.00 5.00 170.39
125.00 251.00 0.00 5.00 191.51
127.00 158.00 1.00 2.00 48.00
39.00 105.00 1.00 2.00 166.84
246.00 21.00 0.00 1.00 163.15
249.00 238.00 0.00 1.00 30.29
237.00 207.00 1.00 3.00 100.67
240.00 233.00 1.00 1.00 30.62
226.00 247.00 1.00 4.00 36.58
238.00 56.00 0.00 1.00 176.64
243.00 250.00 0.00 5.00 132.25
249.00 243.00 0.00 1.00 103.05
225.00 27.00 0.00 4.00 81.33
250.00 220.00 0.00 4.00 82.43
250.00 218.00 1.00 4.00 115.83
146.00 242.00 0.00 1.00 32.32
77.00 237.00 0.00 5.00 33.01
39.00 238.00 1.00 5.00 35.81
244.00 192.00 1.00 2.00 61.46
193.00 84.00 0.00 1.00 99.63
251.00 242.00 0.00 3.00 189.33
243.00 54.00 0.00 4.00 103.62
240.00 249.00 0.00 3.00 46.76
246.00 71.00 1.00 4.00 180.10
250.00 238.00 1.00 3.00 61.14
132.00 248.00 1.00 4.00 46.37
71.00 157.00 0.00 1.00 70.29
237.00 244.00 0.00 3.00 142.96
61.00 79.00 1.00 1.00 186.69
245.00 188.00 0.00 1.00 83.47
240.00 247.00 0.00 4.00 43.33
216.00 251.00 1.00 4.00 114.11
97.00 124.00 0.00 3.00 186.15
248.00 237.00 0.00 3.00 30.39
246.00 241.00 0.00 2.00 82.55
238.00 248.00 1.00 3.00 38.06
239.00 251.00 1.00 1.00 133.65
243.00 244.00 1.00 3.00 100.25
79.00 237.00 1.00 2.00 164.47
242.00 248.00 1.00 2.00 120.51
248.00 144.00 0.00 2.00 65.82
62.00 194.00 0.00 1.00 125.39
236.00 156.00 0.00 5.00 183.42
237.00 251.00 1.00 4.00 110.34
244.00 138.00 1.00 2.00 97.13
167.00 251.00 0.00 2.00 169.13
97.00 237.00 0.00 2.00 78.71
247.00 237.00 0.00 5.00 130.56
168.00 242.00 1.00 2.00 42.28
191.00 245.00 0.00 3.00 70.69
238.00 38.00 0.00 1.00 180.11
8.00 245.00 0.00 5.00 39.18
178.00 0.00 0.00 2.00 127.46
27.00 77.00 1.00 5.00 98.10
198.00 245.00 0.00 5.00 140.65
170.00 246.00 1.00 1.00 184.93
240.00 8.00 1.00 2.00 121.69
246.00 169.00 0.00 1.00 103.86
249.00 122.00 1.00 2.00 79.08
57.00 132.00 1.00 3.00 68.26
241.00 246.00 0.00 1.00 139.74
126.00 88.00 1.00 2.00 104.12
203.00 37.00 1.00 4.00 100.03
241.00 248.00 1.00 3.00 40.49
246.00 237.00 0.00 4.00 87.01
174.00 100.00 0.00 3.00 70.36
238.00 219.00 0.00 3.00 121.31
245.00 70.00 1.00 4.00 60.33
16.00 221.00 0.00 3.00 188.01
170.00 246.00 1.00 2.00 71.05
239.00 138.00 1.00 4.00 154.31
193.00 133.00 0.00 1.00 123.47
238.00 246.00 0.00 5.00 105.61
243.00 245.00 1.00 1.00 175.40
112.00 11.00 1.00 3.00 82.60
65.00 248.00 0.00 5.00 188.09
43.00 62.00 0.00 4.00 190.77
237.00 248.00 1.00 1.00 196.00
233.00 246.00 1.00 5.00 60.74
236.00 248.00 1.00 5.00 132.75
91.00 71.00 0.00 5.00 198.73
92.00 56.00 0.00 4.00 117.02
56.00 78.00 0.00 4.00 190.35
208.00 250.00 0.00 4.00 75.14
134.00 250.00 0.00 1.00 71.45
209.00 241.00 0.00 5.00 87.12
241.00 244.00 1.00 4.00 83.70
94.00 242.00 1.00 2.00 99.87
211.00 80.00 0.00 1.00 157.81
221.00 239.00 1.00 3.00 90.18
211.00 197.00 1.00 3.00 42.72
247.00 237.00 0.00 3.00 156.80
241.00 107.00 1.00 1.00 109.05
9.00 66.00 0.00 3.00 81.00
74.00 244.00 0.00 2.00 47.74
237.00 3.00 0.00 5.00 142.12
240.00 233.00 1.00 3.00 193.64
240.00 251.00 1.00 1.00 198.23
206.00 250.00 1.00 5.00 160.86
236.00 250.00 0.00 5.00 128.18
60.00 248.00 1.00 1.00 64.29
165.00 75.00 0.00 4.00 75.38
216.00 240.00 1.00 4.00 145.27
245.00 217.00 1.00 2.00 169.41
244.00 105.00 1.00 3.00 64.48
251.00 22.00 0.00 1.00 191.57
238.00 247.00 0.00 4.00 101.84
243.00 186.00 0.00 1.00 164.93
241.00 124.00 0.00 2.00 111.52
225.00 74.00 0.00 4.00 91.97
13.00 237.00 0.00 3.00 48.82
77.00 8.00 0.00 5.00 68.68
58.00 248.00 0.00 3.00 186.37
228.00 238.00 0.00 2.00 142.92
164.00 8.00 1.00 4.00 121.89
247.00 220.00 1.00 5.00 37.02
250.00 240.00 1.00 2.00 196.14
19.00 11.00 0.00 2.00 71.77
55.00 237.00 0.00 2.00 105.98
56.00 156.00 1.00 1.00 105.26
242.00 236.00 1.00 4.00 37.87
227.00 195.00 1.00 3.00 61.41
246.00 47.00 0.00 4.00 152.30
208.00 238.00 1.00 1.00 96.86
237.00 249.00 1.00 2.00 39.70
237.00 249.00 1.00 1.00 104.95
213.00 134.00 0.00 1.00 134.18
242.00 249.00 0.00 3.00 160.58
247.00 15.00 0.00 5.00 47.69
240.00 162.00 0.00 2.00 168.94
249.00 236.00 0.00 2.00 116.15
249.00 243.00 1.00 3.00 46.20
52.00 49.00 1.00 3.00 76.81
159.00 57.00 1.00 4.00 117.41
245.00 236.00 0.00 5.00 83.68
161.00 243.00 0.00 2.00 129.66
248.00 240.00 0.00 5.00 116.25
99.00 243.00 0.00 1.00 38.20
239.00 184.00 1.00 3.00 194.26
240.00 60.00 0.00 2.00 123.86
156.00 89.00 1.00 1.00 125.66
239.00 249.00 1.00 2.00 162.95
182.00 241.00 1.00 3.00 137.30
60.00 160.00 0.00 4.00 112.20
183.00 19.00 1.00 5.00 50.51
147.00 249.00 0.00 3.00 162.76
200.00 76.00 0.00 5.00 137.80
250.00 41.00 1.00 2.00 107.51
77.00 78.00 0.00 4.00 102.88
238.00 8.00 0.00 5.00 178.16
222.00 70.00 0.00 2.00 118.02
241.00 164.00 0.00 3.00 90.82
120.00 173.00 1.00 1.00 39.69
243.00 49.00 0.00 2.00 120.24
194.00 180.00 1.00 2.00 55.71
239.00 201.00 1.00 5.00 52.42
124.00 246.00 1.00 2.00 142.43
237.00 155.00 0.00 3.00 115.15
181.00 84.00 1.00 3.00 139.67
219.00 237.00 1.00 2.00 47.66
251.00 236.00 1.00 4.00 39.76
41.00 242.00 1.00 3.00 145.00
170.00 122.00 0.00 1.00 162.05
66.00 86.00 0.00 2.00 30.63
234.00 237.00 1.00 2.00 97.55
69.00 38.00 1.00 3.00 32.70
38.00 237.00 1.00 3.00 177.51
242.00 211.00 1.00 3.00 121.13
240.00 15.00 0.00 1.00 131.46
238.00 249.00 1.00 4.00 126.14
72.00 239.00 0.00 2.00 100.03
240.00 249.00 0.00 3.00 34.15
244.00 251.00 1.00 5.00 80.04
237.00 216.00 1.00 3.00 195.70
158.00 245.00 0.00 4.00 68.80
76.00 16.00 0.00 5.00 41.66
179.00 247.00 0.00 1.00 30.66
247.00 49.00 0.00 1.00 112.25
68.00 10.00 1.00 1.00 178.99
249.00 243.00 1.00 5.00 76.62
239.00 247.00 1.00 3.00 154.92
98.00 24.00 1.00 1.00 178.75
151.00 248.00 0.00 5.00 63.02
247.00 228.00 1.00 2.00 103.22
244.00 239.00 0.00 3.00 77.24
211.00 238.00 1.00 4.00 34.53
224.00 241.00 0.00 3.00 141.76
56.00 93.00 0.00 2.00 166.02
247.00 236.00 1.00 3.00 138.23
241.00 251.00 0.00 3.00 155.57
248.00 243.00 1.00 4.00 144.44
247.00 165.00 0.00 3.00 67.34
89.00 236.00 0.00 2.00 142.55
240.00 149.00 1.00 1.00 75.28
247.00 239.00 1.00 2.00 58.09
120.00 144.00 1.00 2.00 37.33
241.00 45.00 0.00 4.00 184.00
241.00 246.00 1.00 3.00 122.61
185.00 34.00 0.00 1.00 73.57
62.00 82.00 0.00 3.00 78.88
152.00 135.00 0.00 3.00 91.44
57.00 237.00 0.00 3.00 176.33
161.00 36.00 0.00 4.00 85.53
249.00 40.00 0.00 5.00 193.16
238.00 44.00 1.00 4.00 59.14
218.00 37.00 0.00 3.00 177.21
39.00 246.00 1.00 2.00 196.96
245.00 176.00 1.00 4.00 180.25
168.00 245.00 0.00 4.00 136.66
148.00 200.00 1.00 3.00 114.08
246.00 110.00 1.00 3.00 168.86
35.00 182.00 0.00 3.00 142.84
22.00 251.00 1.00 2.00 60.09
251.00 96.00 0.00 1.00 140.88
247.00 241.00 1.00 2.00 69.05
197.00 243.00 1.00 3.00 168.76
242.00 103.00 0.00 2.00 31.77
91.00 176.00 0.00 4.00 184.13
170.00 104.00 0.00 2.00 119.17
242.00 245.00 0.00 5.00 86.45
230.00 247.00 1.00 1.00 110.40
239.00 251.00 1.00 1.00 125.83
