238.00 177.00 1.00 2.00 65.72
244.00 40.00 0.00 1.00 101.71
64.00 130.00 1.00 5.00 33.45
220.00 103.00 1.00 3.00 142.62
245.00 222.00 0.00 4.00 192.93
243.00 251.00 0.00 3.00 39.33
183.00 249.00 1.00 2.00 112.93
236.00 251.00 1.00 2.00 100.14
241.00 251.00 1.00 2.00 48.67
250.00 239.00 0.00 1.00 185.03
237.00 243.00 0.00 1.00 85.59
238.00 226.00 0.00 4.00 61.98
221.00 229.00 1.00 1.00 125.21
241.00 250.00 1.00 1.00 69.97
250.00 241.00 1.00 2.00 167.51
239.00 36.00 1.00 3.00 190.02
93.00 249.00 0.00 4.00 111.33
108.00 120.00 0.00 4.00 127.43
106.00 243.00 0.00 3.00 172.96
145.00 226.00 0.00 1.00 44.05
246.00 239.00 1.00 3.00 106.07
250.00 244.00 0.00 4.00 100.21
240.00 218.00 1.00 5.00 53.09
87.00 225.00 1.00 5.00 42.01
244.00 233.00 1.00 3.00 41.07
237.00 248.00 1.00 4.00 139.10
9.00 210.00 1.00 5.00 122.09
236.00 248.00 1.00 3.00 153.51
109.00 213.00 1.00 5.00 157.28
151.00 84.00 1.00 3.00 74.32
239.00 246.00 0.00 1.00 56.14
243.00 156.00 0.00 1.00 59.42
240.00 251.00 0.00 5.00 51.13
247.00 66.00 1.00 3.00 75.74
96.00 236.00 0.00 3.00 133.61
213.00 132.00 1.00 4.00 82.45
220.00 247.00 0.00 2.00 196.62
239.00 14.00 0.00 5.00 69.71
74.00 240.00 1.00 3.00 159.39
115.00 83.00 0.00 3.00 72.16
65.00 232.00 0.00 2.00 67.23
63.00 1.00 1.00 4.00 46.26
250.00 231.00 0.00 2.00 69.08
36.00 114.00 0.00 4.00 151.13
108.00 250.00 1.00 5.00 65.23
13.00 232.00 1.00 1.00 75.38
251.00 99.00 0.00 4.00 191.35
74.00 239.00 0.00 4.00 113.68
234.00 238.00 0.00 2.00 169.94
172.00 0.00 0.00 4.00 116.01
241.00 124.00 0.00 1.00 96.98
150.00 162.00 1.00 1.00 181.53
240.00 247.00 1.00 5.00 189.98
237.00 132.00 0.00 1.00 179.33
201.00 88.00 1.00 5.00 115.66
251.00 213.00 0.00 5.00 72.15
130.00 35.00 0.00 5.00 51.99
249.00 211.00 0.00 3.00 112.32
244.00 135.00 1.00 1.00 42.40
236.00 244.00 0.00 4.00 43.62
238.00 249.00 1.00 2.00 56.30
191.00 152.00 1.00 3.00 163.42
246.00 243.00 0.00 2.00 62.26
236.00 246.00 1.00 2.00 166.81
31.00 92.00 1.00 4.00 114.27
245.00 251.00 1.00 4.00 153.93
48.00 75.00 0.00 2.00 111.53
42.00 246.00 0.00 1.00 121.90
143.00 195.00 1.00 3.00 118.31
127.00 133.00 1.00 4.00 92.31
248.00 160.00 1.00 3.00 102.06
245.00 144.00 0.00 1.00 106.54
86.00 196.00 0.00 2.00 52.31
238.00 247.00 1.00 1.00 46.61
95.00 243.00 0.00 1.00 61.04
134.00 249.00 0.00 3.00 76.29
136.00 251.00 0.00 3.00 56.00
248.00 242.00 0.00 4.00 124.56
1.00 17.00 1.00 3.00 164.58
0.00 246.00 0.00 1.00 176.84
85.00 19.00 0.00 3.00 70.29
109.00 250.00 1.00 1.00 105.00
48.00 239.00 0.00 4.00 181.28
251.00 245.00 0.00 5.00 53.57
193.00 248.00 1.00 1.00 121.20
19.00 133.00 1.00 1.00 111.73
240.00 94.00 1.00 5.00 182.51
55.00 12.00 0.00 4.00 182.03
84.00 125.00 1.00 2.00 152.66
118.00 237.00 0.00 2.00 48.89
174.00 138.00 1.00 1.00 171.45
244.00 142.00 1.00 5.00 40.60
60.00 239.00 1.00 2.00 170.58
245.00 52.00 1.00 3.00 125.59
170.00 251.00 1.00 5.00 34.84
80.00 242.00 0.00 1.00 199.29
81.00 13.00 0.00 3.00 105.27
93.00 206.00 1.00 3.00 187.36
250.00 244.00 1.00 4.00 100.93
72.00 134.00 0.00 4.00 150.65
250.00 238.00 1.00 5.00 69.61
96.00 41.00 1.00 1.00 163.13
11.00 237.00 0.00 5.00 52.48
239.00 250.00 0.00 4.00 66.95
92.00 174.00 0.00 2.00 42.69
246.00 236.00 1.00 3.00 75.18
247.00 237.00 0.00 3.00 162.96
243.00 205.00 1.00 4.00 43.70
239.00 155.00 1.00 1.00 176.60
186.00 240.00 1.00 2.00 122.94
94.00 240.00 0.00 3.00 118.77
241.00 246.00 0.00 5.00 32.38
245.00 243.00 0.00 1.00 179.36
204.00 251.00 1.00 4.00 144.49
142.00 187.00 0.00 1.00 62.89
97.00 27.00 1.00 4.00 169.76
249.00 237.00 0.00 2.00 121.38
9.00 239.00 0.00 4.00 92.67
248.00 239.00 1.00 3.00 62.67
201.00 237.00 0.00 5.00 108.50
245.00 204.00 1.00 1.00 150.82
108.00 250.00 0.00 1.00 184.26
241.00 113.00 1.00 2.00 94.57
242.00 244.00 0.00 4.00 146.16
11.00 244.00 0.00 1.00 99.26
134.00 115.00 0.00 3.00 189.25
237.00 250.00 1.00 3.00 130.92
106.00 68.00 1.00 3.00 185.79
240.00 47.00 1.00 1.00 192.00
248.00 240.00 0.00 3.00 186.02
68.00 250.00 0.00 1.00 93.78
243.00 244.00 0.00 3.00 101.18
122.00 245.00 0.00 3.00 52.79
248.00 166.00 0.00 4.00 155.18
173.00 250.00 0.00 5.00 128.53
51.00 102.00 0.00 5.00 125.56
237.00 246.00 1.00 4.00 62.45
250.00 236.00 1.00 4.00 133.27
244.00 15.00 0.00 1.00 121.02
243.00 244.00 1.00 1.00 33.18
250.00 203.00 0.00 4.00 49.81
242.00 250.00 0.00 5.00 165.50
245.00 242.00 0.00 3.00 161.62
242.00 101.00 0.00 1.00 111.95
239.00 157.00 1.00 2.00 177.39
81.00 251.00 1.00 1.00 129.30
251.00 189.00 1.00 5.00 92.60
32.00 85.00 1.00 3.00 32.97
243.00 237.00 1.00 4.00 160.72
69.00 22.00 0.00 1.00 166.33
174.00 251.00 0.00 2.00 33.19
237.00 116.00 0.00 5.00 155.05
102.00 144.00 0.00 4.00 94.98
211.00 220.00 0.00 4.00 110.21
190.00 250.00 1.00 1.00 195.51
107.00 16.00 1.00 1.00 169.69
5.00 140.00 1.00 2.00 93.98
216.00 236.00 1.00 4.00 189.15
245.00 31.00 1.00 5.00 185.39
64.00 4.00 1.00 2.00 169.14
251.00 239.00 1.00 5.00 46.91
240.00 247.00 1.00 3.00 141.52
244.00 204.00 1.00 2.00 153.75
23.00 246.00 0.00 3.00 99.91
240.00 244.00 1.00 2.00 79.63
241.00 249.00 1.00 3.00 33.45
99.00 236.00 1.00 1.00 36.31
37.00 187.00 1.00 4.00 105.67
249.00 40.00 0.00 4.00 45.02
243.00 249.00 0.00 4.00 85.50
132.00 251.00 1.00 1.00 189.78
243.00 249.00 1.00 5.00 141.15
171.00 24.00 1.00 3.00 41.67
245.00 100.00 0.00 3.00 138.90
240.00 246.00 1.00 1.00 175.74
249.00 243.00 0.00 2.00 163.17
79.00 174.00 1.00 3.00 193.80
121.00 50.00 0.00 4.00 106.24
241.00 203.00 0.00 2.00 50.34
248.00 237.00 1.00 4.00 130.15
247.00 239.00 1.00 5.00 80.44
134.00 241.00 1.00 4.00 70.07
88.00 62.00 0.00 5.00 183.72
236.00 152.00 0.00 1.00 160.38
238.00 247.00 0.00 2.00 38.12
113.00 130.00 0.00 1.00 77.63
245.00 236.00 1.00 2.00 180.27
4.00 242.00 1.00 3.00 33.86
49.00 230.00 0.00 2.00 197.32
9.00 142.00 0.00 1.00 146.59
141.00 248.00 1.00 4.00 86.00
160.00 206.00 0.00 3.00 139.79
247.00 237.00 1.00 1.00 34.78
245.00 123.00 1.00 1.00 110.11
251.00 236.00 1.00 4.00 154.70
183.00 166.00 1.00 4.00 94.75
33.00 247.00 0.00 5.00 108.99
245.00 97.00 0.00 5.00 134.83
50.00 141.00 1.00 3.00 75.38
251.00 120.00 0.00 2.00 178.42
37.00 234.00 0.00 2.00 61.31
116.00 239.00 1.00 1.00 66.95
246.00 142.00 1.00 1.00 194.50
249.00 237.00 1.00 5.00 105.30
164.00 79.00 1.00 5.00 109.38
240.00 251.00 0.00 2.00 104.65
251.00 244.00 0.00 3.00 158.29
250.00 239.00 1.00 1.00 141.78
218.00 103.00 1.00 1.00 91.27
127.00 243.00 1.00 5.00 195.04
48.00 248.00 1.00 4.00 110.86
249.00 243.00 0.00 3.00 113.54
247.00 168.00 0.00 4.00 35.43
47.00 248.00 1.00 5.00 76.38
54.00 241.00 0.00 4.00 174.39
242.00 245.00 0.00 4.00 162.27
167.00 18.00 1.00 3.00 109.18
245.00 119.00 0.00 5.00 84.34
240.00 246.00 1.00 4.00 39.55
240.00 246.00 0.00 2.00 37.82
244.00 16.00 0.00 4.00 190.44
241.00 67.00 0.00 1.00 77.03
175.00 44.00 0.00 3.00 35.45
178.00 241.00 0.00 4.00 44.60
236.00 248.00 1.00 2.00 93.31
76.00 12.00 0.00 5.00 130.46
67.00 158.00 1.00 4.00 139.28
37.00 158.00 0.00 1.00 72.19
241.00 89.00 1.00 1.00 126.88
245.00 0.00 0.00 2.00 80.04
245.00 251.00 1.00 4.00 90.71
150.00 72.00 0.00 4.00 105.89
240.00 231.00 0.00 1.00 93.81
249.00 85.00 1.00 3.00 199.55
248.00 237.00 0.00 1.00 174.35
122.00 241.00 1.00 5.00 195.81
245.00 240.00 1.00 3.00 50.12
186.00 173.00 1.00 2.00 98.83
117.00 236.00 1.00 4.00 103.23
209.00 247.00 1.00 1.00 47.74
239.00 250.00 0.00 1.00 48.14
84.00 11.00 0.00 1.00 146.58
239.00 166.00 1.00 3.00 112.32
240.00 247.00 0.00 4.00 130.78
247.00 200.00 1.00 5.00 185.05
237.00 246.00 0.00 4.00 133.02
240.00 185.00 1.00 5.00 31.18
239.00 181.00 1.00 3.00 143.19
242.00 21.00 1.00 5.00 136.58
246.00 229.00 1.00 2.00 91.61
125.00 234.00 0.00 2.00 105.59
249.00 115.00 0.00 5.00 108.80
29.00 246.00 1.00 4.00 135.26
247.00 33.00 0.00 1.00 181.92
11.00 246.00 1.00 4.00 160.54
238.00 251.00 1.00 2.00 120.22
180.00 237.00 0.00 1.00 71.55
156.00 240.00 0.00 5.00 59.55
248.00 238.00 0.00 1.00 125.63
248.00 155.00 0.00 2.00 67.98
129.00 158.00 0.00 4.00 51.69
74.00 242.00 1.00 2.00 85.00
5.00 27.00 0.00 2.00 101.17
242.00 59.00 0.00 1.00 79.55
165.00 243.00 0.00 3.00 162.73
245.00 242.00 1.00 4.00 64.84
251.00 243.00 1.00 1.00 191.53
85.00 136.00 1.00 5.00 35.79
239.00 244.00 1.00 3.00 166.00
54.00 241.00 0.00 2.00 170.77
121.00 237.00 1.00 5.00 165.60
236.00 243.00 1.00 1.00 87.92
54.00 246.00 1.00 2.00 72.85
250.00 75.00 1.00 2.00 113.35
250.00 240.00 1.00 2.00 128.67
66.00 248.00 0.00 1.00 148.00
242.00 250.00 0.00 5.00 143.13
98.00 235.00 0.00 5.00 149.11
249.00 241.00 0.00 1.00 199.96
156.00 73.00 1.00 4.00 147.74
239.00 244.00 1.00 2.00 113.21
86.00 19.00 0.00 2.00 168.35
149.00 238.00 1.00 5.00 166.54
12.00 182.00 1.00 2.00 111.86
35.00 251.00 0.00 2.00 106.08
246.00 53.00 0.00 5.00 143.29
101.00 102.00 1.00 4.00 59.47
171.00 236.00 1.00 3.00 158.54
92.00 107.00 0.00 2.00 44.91
247.00 73.00 0.00 5.00 160.95
218.00 238.00 1.00 4.00 152.38
149.00 51.00 1.00 2.00 64.65
68.00 250.00 0.00 1.00 193.86
251.00 66.00 0.00 1.00 117.07
250.00 16.00 0.00 2.00 61.66
189.00 248.00 0.00 2.00 156.22
53.00 251.00 1.00 1.00 80.82
236.00 245.00 1.00 3.00 88.60
172.00 57.00 0.00 2.00 123.85
251.00 238.00 1.00 5.00 129.64
203.00 144.00 1.00 5.00 156.48
250.00 236.00 1.00 5.00 89.06
240.00 246.00 0.00 1.00 61.44
165.00 245.00 1.00 4.00 71.02
242.00 37.00 1.00 1.00 75.66
244.00 199.00 0.00 2.00 183.40
246.00 17.00 1.00 5.00 99.36
75.00 237.00 0.00 3.00 151.87
245.00 84.00 1.00 3.00 37.55
104.00 182.00 0.00 3.00 50.01
250.00 238.00 0.00 5.00 67.08
30.00 247.00 0.00 5.00 155.09
102.00 238.00 1.00 3.00 35.48
239.00 141.00 1.00 1.00 176.39
126.00 99.00 0.00 4.00 60.21
204.00 80.00 1.00 5.00 189.49
245.00 219.00 1.00 4.00 143.70
62.00 127.00 1.00 4.00 146.66
245.00 89.00 1.00 4.00 30.01
127.00 73.00 1.00 2.00 97.03
230.00 242.00 0.00 4.00 131.47
246.00 237.00 1.00 4.00 42.35
250.00 174.00 1.00 1.00 125.03
23.00 250.00 1.00 3.00 198.04
236.00 77.00 0.00 1.00 44.49
248.00 236.00 1.00 1.00 180.77
203.00 94.00 1.00 3.00 121.80
236.00 116.00 0.00 4.00 120.94
249.00 223.00 1.00 3.00 110.39
244.00 29.00 0.00 5.00 133.29
251.00 161.00 1.00 2.00 172.30
245.00 236.00 1.00 2.00 151.03
244.00 251.00 0.00 2.00 31.20
102.00 250.00 0.00 2.00 110.45
5.00 218.00 0.00 3.00 187.59
251.00 89.00 0.00 5.00 62.94
137.00 245.00 0.00 1.00 56.74
8.00 218.00 0.00 4.00 77.82
26.00 54.00 0.00 5.00 132.68
34.00 180.00 0.00 3.00 111.44
237.00 120.00 1.00 5.00 90.08
37.00 216.00 1.00 5.00 83.64
248.00 202.00 0.00 5.00 126.18
249.00 237.00 1.00 4.00 56.82
245.00 35.00 1.00 2.00 86.03
248.00 241.00 1.00 4.00 66.65
100.00 28.00 1.00 2.00 51.28
71.00 86.00 1.00 1.00 91.53
49.00 240.00 0.00 1.00 43.14
244.00 237.00 1.00 1.00 175.24
150.00 82.00 1.00 2.00 192.56
246.00 236.00 0.00 5.00 148.86
195.00 59.00 1.00 5.00 77.56
243.00 220.00 0.00 3.00 181.23
107.00 26.00 1.00 4.00 116.10
193.00 242.00 0.00 2.00 154.06
241.00 250.00 0.00 4.00 198.49
163.00 250.00 0.00 3.00 95.98
222.00 245.00 1.00 2.00 86.43
248.00 68.00 0.00 2.00 153.01
165.00 42.00 1.00 1.00 179.71
236.00 52.00 1.00 2.00 69.13
239.00 48.00 1.00 4.00 44.17
69.00 249.00 1.00 2.00 127.92
242.00 244.00 1.00 4.00 79.36
238.00 216.00 1.00 1.00 77.48
251.00 244.00 1.00 4.00 191.03
242.00 247.00 1.00 1.00 62.84
237.00 195.00 0.00 2.00 141.54
188.00 239.00 1.00 2.00 159.99
225.00 237.00 0.00 5.00 71.22
212.00 39.00 1.00 1.00 85.87
235.00 95.00 1.00 4.00 56.81
0.00 240.00 0.00 5.00 76.92
77.00 171.00 1.00 3.00 132.67
251.00 239.00 1.00 5.00 186.47
86.00 248.00 0.00 3.00 148.39
237.00 177.00 1.00 4.00 133.45
213.00 181.00 1.00 5.00 108.78
238.00 249.00 1.00 2.00 146.12
237.00 172.00 0.00 1.00 127.45
163.00 241.00 1.00 4.00 127.30
139.00 39.00 0.00 2.00 162.55
248.00 242.00 1.00 2.00 30.51
129.00 240.00 1.00 2.00 67.37
118.00 200.00 1.00 5.00 55.75
240.00 76.00 0.00 5.00 194.19
34.00 246.00 0.00 4.00 124.99
243.00 248.00 0.00 1.00 132.73
241.00 220.00 1.00 2.00 32.72
243.00 250.00 0.00 2.00 195.83
205.00 249.00 0.00 5.00 113.51
115.00 193.00 1.00 4.00 152.15
142.00 245.00 1.00 3.00 179.07
240.00 76.00 1.00 4.00 95.01
178.00 250.00 0.00 4.00 101.94
156.00 107.00 0.00 2.00 198.20
153.00 244.00 1.00 3.00 186.37
73.00 247.00 0.00 4.00 195.39
250.00 238.00 0.00 2.00 113.06
10.00 239.00 1.00 4.00 195.25
239.00 36.00 0.00 5.00 38.92
165.00 238.00 0.00 3.00 52.20
31.00 251.00 1.00 2.00 82.64
218.00 17.00 1.00 1.00 152.77
217.00 73.00 0.00 3.00 117.06
227.00 241.00 1.00 4.00 99.64
229.00 182.00 0.00 3.00 160.05
249.00 70.00 0.00 2.00 77.79
70.00 246.00 0.00 4.00 51.41
251.00 129.00 1.00 5.00 142.23
103.00 239.00 1.00 3.00 103.47
249.00 240.00 0.00 5.00 136.74
239.00 82.00 1.00 4.00 50.26
242.00 245.00 0.00 3.00 162.87
94.00 149.00 1.00 3.00 63.12
28.00 78.00 0.00 5.00 189.56
246.00 142.00 1.00 1.00 183.18
105.00 202.00 0.00 5.00 35.09
250.00 243.00 1.00 1.00 149.24
3.00 250.00 1.00 4.00 159.24
239.00 91.00 0.00 2.00 118.02
236.00 234.00 1.00 4.00 73.13
226.00 207.00 1.00 3.00 50.39
141.00 247.00 0.00 4.00 99.99
251.00 136.00 1.00 2.00 76.42
219.00 242.00 0.00 3.00 60.06
162.00 243.00 0.00 3.00 114.60
245.00 4.00 1.00 1.00 90.34
11.00 149.00 1.00 1.00 93.65
3.00 238.00 1.00 3.00 110.68
245.00 236.00 1.00 3.00 177.87
240.00 249.00 1.00 2.00 61.51
248.00 114.00 0.00 4.00 183.11
106.00 141.00 1.00 1.00 38.82
249.00 239.00 1.00 5.00 155.41
232.00 225.00 1.00 4.00 114.99
241.00 207.00 1.00 2.00 196.88
77.00 239.00 0.00 3.00 132.04
245.00 242.00 0.00 1.00 137.46
39.00 215.00 1.00 4.00 63.40
125.00 244.00 1.00 5.00 176.39
230.00 3.00 1.00 4.00 138.42
112.00 242.00 0.00 2.00 87.66
136.00 109.00 0.00 2.00 67.93
72.00 153.00 0.00 1.00 80.54
124.00 251.00 1.00 2.00 43.79
241.00 245.00 0.00 1.00 71.68
237.00 247.00 0.00 3.00 92.78
239.00 245.00 0.00 5.00 60.32
216.00 149.00 1.00 4.00 186.58
240.00 56.00 1.00 3.00 109.65
181.00 245.00 1.00 2.00 94.34
55.00 156.00 0.00 3.00 176.57
68.00 239.00 1.00 2.00 158.03
237.00 123.00 0.00 1.00 109.60
191.00 248.00 0.00 2.00 165.80
238.00 90.00 0.00 4.00 136.08
251.00 242.00 1.00 1.00 37.17
251.00 245.00 1.00 5.00 132.05
133.00 161.00 1.00 2.00 132.07
167.00 89.00 1.00 1.00 47.88
239.00 248.00 0.00 4.00 81.40
239.00 249.00 0.00 1.00 78.03
30.00 209.00 0.00 4.00 44.38
239.00 7.00 1.00 2.00 186.51
105.00 243.00 0.00 4.00 198.24
237.00 148.00 1.00 1.00 56.41
249.00 74.00 1.00 4.00 174.17
242.00 236.00 0.00 2.00 94.79
247.00 242.00 0.00 1.00 48.54
248.00 239.00 0.00 1.00 71.96
98.00 239.00 0.00 5.00 190.14
236.00 233.00 0.00 4.00 173.12
240.00 250.00 1.00 5.00 121.83
73.00 88.00 0.00 4.00 184.02
180.00 0.00 0.00 3.00 64.49
82.00 238.00 0.00 2.00 31.74
248.00 237.00 1.00 3.00 193.44
240.00 248.00 1.00 2.00 130.35
244.00 241.00 0.00 5.00 135.01
133.00 20.00 0.00 4.00 85.95
146.00 216.00 1.00 3.00 50.10
126.00 249.00 0.00 2.00 52.98
69.00 245.00 1.00 2.00 91.41
107.00 246.00 0.00 4.00 79.40
31.00 234.00 0.00 3.00 135.59
181.00 249.00 0.00 1.00 106.04
251.00 231.00 0.00 3.00 186.83
12.00 209.00 1.00 1.00 185.79
251.00 98.00 0.00 3.00 199.17
237.00 243.00 0.00 2.00 101.70
249.00 240.00 1.00 3.00 159.21
230.00 241.00 0.00 4.00 111.60
148.00 233.00 1.00 3.00 74.00
245.00 251.00 1.00 3.00 187.40
248.00 241.00 0.00 4.00 110.73
238.00 249.00 0.00 3.00 103.63
139.00 92.00 0.00 4.00 101.94
237.00 251.00 0.00 5.00 157.52
76.00 247.00 0.00 1.00 117.70
241.00 44.00 1.00 5.00 116.48
4.00 250.00 0.00 4.00 121.46
107.00 128.00 0.00 3.00 93.99
179.00 161.00 1.00 1.00 42.87
248.00 79.00 1.00 4.00 38.61
239.00 94.00 1.00 2.00 119.60
247.00 123.00 1.00 1.00 155.34
251.00 236.00 0.00 3.00 92.86
105.00 247.00 0.00 1.00 155.70
237.00 246.00 0.00 4.00 101.02
236.00 98.00 0.00 5.00 151.81
44.00 243.00 1.00 4.00 42.09
250.00 219.00 0.00 1.00 76.75
73.00 248.00 1.00 3.00 105.70
52.00 237.00 0.00 3.00 86.96
250.00 237.00 0.00 4.00 152.27
236.00 194.00 0.00 1.00 145.92
236.00 244.00 0.00 2.00 140.76
250.00 210.00 0.00 4.00 131.79
163.00 212.00 0.00 1.00 107.17
22.00 245.00 1.00 1.00 183.08
48.00 237.00 1.00 3.00 164.64
157.00 116.00 1.00 3.00 73.72
244.00 236.00 0.00 4.00 197.56
20.00 240.00 1.00 4.00 136.94
246.00 123.00 0.00 1.00 125.70
127.00 243.00 1.00 3.00 47.28
251.00 114.00 0.00 5.00 115.13
250.00 244.00 1.00 5.00 199.18
188.00 181.00 0.00 1.00 123.66
240.00 101.00 0.00 1.00 55.24
243.00 246.00 1.00 3.00 40.31
250.00 241.00 0.00 5.00 129.51
83.00 185.00 1.00 1.00 117.77
238.00 233.00 0.00 5.00 86.85
238.00 48.00 0.00 4.00 105.67
241.00 251.00 0.00 1.00 144.44
236.00 242.00 1.00 2.00 120.69
43.00 242.00 1.00 1.00 82.63
248.00 220.00 0.00 1.00 146.53
107.00 246.00 1.00 3.00 66.07
247.00 236.00 1.00 1.00 77.68
251.00 167.00 0.00 2.00 50.10
207.00 247.00 1.00 3.00 140.30
251.00 149.00 0.00 5.00 41.77
158.00 103.00 0.00 3.00 131.85
169.00 132.00 0.00 5.00 142.61
193.00 6.00 0.00 2.00 151.72
169.00 239.00 1.00 3.00 81.53
48.00 121.00 1.00 2.00 159.83
89.00 247.00 1.00 4.00 51.47
244.00 173.00 1.00 3.00 69.75
199.00 91.00 0.00 1.00 136.35
0.00 23.00 0.00 2.00 191.68
15.00 22.00 0.00 2.00 43.52
0.00 237.00 0.00 1.00 199.57
246.00 45.00 1.00 5.00 118.86
251.00 242.00 1.00 3.00 78.33
240.00 188.00 1.00 2.00 161.33
244.00 159.00 0.00 3.00 109.71
250.00 35.00 0.00 3.00 169.81
179.00 237.00 0.00 4.00 110.70
250.00 239.00 0.00 1.00 30.79
246.00 238.00 1.00 5.00 142.88
174.00 113.00 0.00 3.00 31.70
240.00 250.00 0.00 2.00 193.55
146.00 177.00 0.00 1.00 124.31
114.00 15.00 1.00 3.00 137.72
123.00 195.00 1.00 1.00 39.58
104.00 250.00 0.00 2.00 179.12
165.00 105.00 0.00 4.00 80.46
247.00 243.00 0.00 3.00 68.63
171.00 249.00 0.00 2.00 90.37
209.00 103.00 0.00 1.00 174.75
141.00 40.00 1.00 1.00 85.52
96.00 241.00 1.00 5.00 47.08
243.00 237.00 1.00 4.00 57.12
240.00 248.00 0.00 4.00 35.89
178.00 232.00 1.00 2.00 133.09
245.00 17.00 1.00 4.00 85.48
250.00 240.00 1.00 1.00 123.29
243.00 169.00 1.00 5.00 109.17
236.00 68.00 0.00 1.00 188.79
44.00 198.00 0.00 2.00 130.52
245.00 118.00 1.00 5.00 69.76
0.00 246.00 1.00 3.00 102.40
236.00 242.00 0.00 4.00 188.37
108.00 10.00 1.00 4.00 61.80
27.00 118.00 1.00 4.00 40.43
239.00 125.00 0.00 4.00 147.93
94.00 236.00 1.00 2.00 56.53
99.00 176.00 1.00 5.00 150.18
224.00 237.00 1.00 2.00 37.66
118.00 245.00 1.00 2.00 150.97
246.00 22.00 1.00 2.00 32.83
246.00 243.00 0.00 4.00 84.05
65.00 248.00 0.00 2.00 141.97
251.00 239.00 0.00 2.00 106.31
251.00 242.00 0.00 2.00 44.97
240.00 249.00 0.00 1.00 104.97
251.00 8.00 1.00 2.00 178.10
239.00 244.00 1.00 2.00 104.28
28.00 61.00 0.00 5.00 195.97
244.00 31.00 0.00 3.00 175.62
232.00 251.00 1.00 5.00 74.09
237.00 245.00 0.00 4.00 37.35
240.00 246.00 0.00 1.00 95.04
236.00 77.00 0.00 1.00 97.64
13.00 240.00 0.00 4.00 172.49
250.00 192.00 1.00 1.00 97.23
173.00 247.00 1.00 2.00 198.66
236.00 246.00 1.00 3.00 68.07
242.00 244.00 1.00 5.00 40.54
205.00 242.00 0.00 5.00 54.18
227.00 153.00 1.00 5.00 110.63
147.00 245.00 1.00 5.00 46.10
240.00 165.00 0.00 5.00 146.01
245.00 160.00 1.00 1.00 143.80
237.00 250.00 1.00 3.00 134.37
248.00 81.00 1.00 4.00 195.27
241.00 246.00 1.00 1.00 136.04
248.00 40.00 0.00 5.00 163.89
38.00 191.00 0.00 4.00 40.59
242.00 249.00 0.00 3.00 77.41
250.00 164.00 0.00 1.00 108.18
50.00 247.00 1.00 2.00 64.17
179.00 237.00 1.00 1.00 40.19
205.00 161.00 1.00 2.00 72.22
238.00 231.00 1.00 4.00 40.20
245.00 230.00 0.00 2.00 117.66
96.00 231.00 0.00 5.00 163.47
243.00 250.00 0.00 5.00 73.45
75.00 26.00 0.00 5.00 77.42
25.00 247.00 1.00 2.00 189.12
184.00 251.00 1.00 5.00 136.84
244.00 240.00 0.00 5.00 131.07
243.00 181.00 1.00 3.00 104.31
233.00 128.00 1.00 1.00 168.23
239.00 247.00 1.00 5.00 63.11
172.00 72.00 1.00 4.00 116.80
237.00 164.00 0.00 4.00 89.70
111.00 229.00 0.00 5.00 37.76
83.00 13.00 0.00 4.00 125.16
241.00 250.00 0.00 1.00 36.82
205.00 93.00 1.00 1.00 30.16
211.00 144.00 1.00 3.00 94.68
237.00 248.00 0.00 3.00 84.47
131.00 242.00 0.00 4.00 96.29
238.00 249.00 0.00 5.00 129.14
232.00 171.00 0.00 2.00 34.93
236.00 251.00 1.00 1.00 92.86
76.00 248.00 0.00 1.00 175.33
241.00 248.00 1.00 5.00 145.72
249.00 86.00 0.00 2.00 144.36
244.00 238.00 0.00 3.00 102.73
237.00 243.00 0.00 3.00 172.08
176.00 41.00 1.00 3.00 69.50
111.00 248.00 0.00 4.00 63.60
163.00 47.00 0.00 4.00 73.66
241.00 149.00 1.00 3.00 151.72
57.00 241.00 1.00 2.00 166.12
238.00 246.00 0.00 2.00 33.13
250.00 72.00 0.00 1.00 60.46
244.00 155.00 1.00 5.00 88.78
115.00 226.00 1.00 2.00 154.80
103.00 251.00 1.00 3.00 30.26
86.00 236.00 1.00 3.00 111.53
220.00 66.00 0.00 2.00 145.40
240.00 248.00 1.00 4.00 53.27
243.00 251.00 0.00 5.00 86.42
105.00 242.00 0.00 1.00 51.36
198.00 205.00 0.00 4.00 63.77
244.00 191.00 1.00 2.00 180.86
163.00 2.00 0.00 2.00 191.85
243.00 199.00 0.00 2.00 185.39
209.00 69.00 1.00 3.00 128.01
46.00 74.00 1.00 4.00 88.12
84.00 244.00 1.00 2.00 48.67
32.00 85.00 0.00 1.00 193.26
34.00 195.00 1.00 3.00 100.55
249.00 128.00 1.00 3.00 157.47
93.00 247.00 0.00 4.00 136.64
83.00 176.00 0.00 1.00 101.67
245.00 140.00 1.00 3.00 87.95
103.00 45.00 0.00 2.00 76.79
249.00 239.00 1.00 5.00 113.90
249.00 26.00 0.00 5.00 115.24
126.00 47.00 1.00 2.00 141.23
249.00 217.00 0.00 3.00 174.14
247.00 122.00 0.00 1.00 138.40
251.00 116.00 0.00 1.00 173.09
40.00 244.00 0.00 4.00 86.91
247.00 163.00 1.00 3.00 159.42
39.00 103.00 1.00 1.00 60.38
215.00 240.00 1.00 2.00 109.33
237.00 117.00 1.00 4.00 84.49
7.00 175.00 0.00 1.00 143.69
242.00 126.00 1.00 3.00 177.38
154.00 251.00 0.00 4.00 100.57
208.00 115.00 0.00 4.00 94.82
27.00 180.00 0.00 3.00 83.33
114.00 158.00 1.00 1.00 193.13
77.00 98.00 1.00 3.00 47.60
240.00 247.00 1.00 4.00 81.54
118.00 239.00 1.00 1.00 188.84
246.00 239.00 1.00 3.00 59.41
247.00 239.00 0.00 4.00 184.44
250.00 239.00 1.00 4.00 149.84
238.00 245.00 1.00 3.00 112.61
247.00 241.00 0.00 4.00 99.84
236.00 246.00 1.00 5.00 180.72
79.00 165.00 1.00 4.00 45.59
190.00 215.00 1.00 2.00 131.87
14.00 218.00 0.00 3.00 107.34
95.00 239.00 1.00 3.00 41.27
226.00 133.00 1.00 2.00 172.27
236.00 69.00 1.00 2.00 148.07
67.00 172.00 0.00 1.00 195.09
96.00 249.00 0.00 2.00 190.57
236.00 251.00 0.00 2.00 129.62
132.00 40.00 1.00 2.00 144.98
90.00 242.00 0.00 1.00 66.06
82.00 250.00 1.00 3.00 120.02
100.00 222.00 1.00 3.00 141.22
213.00 243.00 1.00 2.00 134.45
236.00 250.00 0.00 4.00 195.58
8.00 243.00 1.00 2.00 32.32
61.00 88.00 1.00 5.00 61.28
247.00 127.00 0.00 4.00 39.14
251.00 242.00 1.00 3.00 75.55
243.00 17.00 0.00 2.00 111.33
244.00 10.00 0.00 5.00 96.66
238.00 245.00 0.00 3.00 42.81
243.00 250.00 1.00 5.00 46.19
125.00 240.00 1.00 3.00 71.27
240.00 244.00 0.00 3.00 40.61
200.00 90.00 0.00 5.00 188.50
237.00 243.00 0.00 3.00 175.90
186.00 243.00 1.00 1.00 159.24
251.00 245.00 0.00 1.00 85.60
172.00 244.00 0.00 5.00 152.26
236.00 91.00 1.00 3.00 121.76
238.00 247.00 1.00 3.00 57.00
250.00 14.00 1.00 5.00 33.56
199.00 246.00 0.00 4.00 101.62
249.00 209.00 1.00 2.00 179.75
71.00 6.00 1.00 4.00 52.67
240.00 249.00 1.00 2.00 168.54
114.00 33.00 1.00 1.00 84.39
237.00 248.00 1.00 5.00 156.51
64.00 236.00 1.00 1.00 110.89
244.00 242.00 1.00 5.00 130.02
237.00 139.00 0.00 3.00 45.65
240.00 60.00 1.00 2.00 107.08
249.00 3.00 1.00 4.00 80.68
246.00 239.00 0.00 3.00 175.61
241.00 116.00 0.00 3.00 36.27
42.00 186.00 0.00 3.00 36.77
236.00 251.00 1.00 3.00 93.55
72.00 249.00 0.00 4.00 197.17
245.00 251.00 0.00 4.00 76.53
119.00 246.00 0.00 4.00 185.39
241.00 250.00 0.00 3.00 74.50
173.00 209.00 1.00 2.00 43.33
248.00 128.00 1.00 1.00 35.53
242.00 103.00 1.00 4.00 30.53
211.00 249.00 1.00 4.00 182.90
244.00 237.00 0.00 4.00 144.17
241.00 245.00 0.00 1.00 181.56
239.00 16.00 0.00 2.00 154.75
248.00 95.00 0.00 5.00 65.94
238.00 145.00 0.00 5.00 147.80
203.00 39.00 1.00 5.00 120.74
242.00 245.00 0.00 4.00 145.17
145.00 226.00 1.00 3.00 127.00
249.00 35.00 0.00 2.00 89.92
236.00 131.00 1.00 2.00 116.18
240.00 218.00 0.00 2.00 143.31
248.00 59.00 0.00 3.00 36.41
39.00 181.00 0.00 1.00 159.17
134.00 238.00 0.00 4.00 175.71
247.00 240.00 1.00 4.00 76.71
247.00 103.00 0.00 3.00 60.89
203.00 243.00 1.00 3.00 103.31
59.00 116.00 0.00 3.00 194.70
217.00 102.00 0.00 1.00 55.39
248.00 238.00 1.00 4.00 77.52
247.00 9.00 0.00 1.00 37.42
220.00 181.00 0.00 3.00 30.94
242.00 251.00 0.00 1.00 63.50
227.00 123.00 1.00 2.00 104.29
247.00 241.00 0.00 3.00 135.90
194.00 251.00 1.00 5.00 120.05
242.00 40.00 0.00 3.00 175.24
127.00 30.00 1.00 1.00 146.56
116.00 242.00 1.00 5.00 70.45
211.00 97.00 0.00 3.00 144.53
242.00 249.00 0.00 5.00 180.74
245.00 243.00 1.00 5.00 193.90
245.00 251.00 1.00 5.00 172.59
244.00 175.00 0.00 4.00 30.56
183.00 175.00 1.00 1.00 172.80
237.00 245.00 1.00 5.00 37.81
244.00 232.00 0.00 2.00 91.79
20.00 31.00 0.00 1.00 138.02
158.00 251.00 1.00 3.00 176.09
148.00 244.00 0.00 3.00 130.95
240.00 126.00 1.00 1.00 106.80
45.00 236.00 0.00 1.00 196.10
106.00 250.00 0.00 1.00 106.67
238.00 251.00 1.00 2.00 81.94
245.00 238.00 1.00 5.00 84.14
0.00 91.00 0.00 5.00 80.25
97.00 238.00 1.00 4.00 177.63
215.00 240.00 1.00 5.00 168.21
246.00 117.00 0.00 3.00 162.78
208.00 144.00 0.00 5.00 132.86
246.00 241.00 0.00 1.00 199.67
248.00 243.00 1.00 4.00 194.03
117.00 190.00 0.00 4.00 33.11
248.00 240.00 1.00 2.00 92.89
45.00 248.00 0.00 1.00 90.33
248.00 236.00 1.00 5.00 126.97
246.00 236.00 0.00 3.00 157.95
47.00 244.00 0.00 5.00 183.92
236.00 87.00 1.00 1.00 160.48
238.00 245.00 1.00 4.00 106.77
250.00 64.00 1.00 1.00 80.66
246.00 27.00 1.00 1.00 84.14
138.00 42.00 0.00 2.00 62.37
122.00 219.00 1.00 3.00 170.84
155.00 250.00 0.00 1.00 159.85
2.00 92.00 0.00 4.00 168.89
243.00 68.00 0.00 5.00 133.44
242.00 149.00 1.00 1.00 168.78
42.00 242.00 0.00 5.00 105.84
118.00 240.00 1.00 5.00 62.78
246.00 242.00 0.00 5.00 34.56
136.00 79.00 1.00 4.00 117.84
246.00 236.00 1.00 1.00 186.23
238.00 245.00 1.00 3.00 96.39
189.00 99.00 0.00 4.00 130.26
5.00 101.00 0.00 5.00 102.36
245.00 236.00 1.00 2.00 66.22
78.00 247.00 0.00 3.00 149.49
243.00 246.00 1.00 5.00 79.98
244.00 173.00 0.00 4.00 133.85
175.00 226.00 0.00 5.00 197.90
241.00 117.00 0.00 1.00 121.31
245.00 236.00 0.00 5.00 43.24
248.00 240.00 1.00 2.00 91.46
162.00 242.00 1.00 3.00 130.82
50.00 105.00 1.00 2.00 184.37
251.00 163.00 0.00 2.00 144.13
236.00 242.00 0.00 5.00 57.21
243.00 251.00 1.00 3.00 96.29
151.00 236.00 1.00 3.00 158.19
45.00 250.00 1.00 2.00 41.34
245.00 236.00 1.00 5.00 39.54
220.00 250.00 1.00 5.00 170.65
247.00 242.00 0.00 5.00 193.16
250.00 241.00 0.00 1.00 60.43
239.00 244.00 0.00 3.00 67.95
251.00 222.00 1.00 1.00 77.42
84.00 193.00 0.00 4.00 145.03
226.00 29.00 1.00 1.00 110.03
200.00 127.00 1.00 3.00 123.04
86.00 248.00 1.00 3.00 99.20
214.00 46.00 1.00 5.00 123.60
122.00 251.00 1.00 3.00 192.87
240.00 247.00 0.00 1.00 168.91
238.00 59.00 1.00 3.00 55.64
17.00 249.00 1.00 5.00 195.12
236.00 50.00 1.00 4.00 193.15
250.00 238.00 0.00 4.00 173.37
241.00 249.00 1.00 4.00 105.61
237.00 245.00 1.00 4.00 163.39
30.00 245.00 1.00 1.00 182.61
188.00 247.00 0.00 3.00 169.76
245.00 2.00 1.00 5.00 45.54
181.00 51.00 1.00 5.00 63.16
247.00 239.00 1.00 2.00 180.91
106.00 244.00 0.00 1.00 80.62
88.00 32.00 0.00 1.00 35.36
141.00 59.00 1.00 4.00 98.24
239.00 249.00 0.00 1.00 71.95
245.00 94.00 0.00 5.00 120.23
237.00 247.00 0.00 2.00 121.88
239.00 247.00 0.00 2.00 118.85
68.00 247.00 1.00 3.00 87.67
16.00 226.00 1.00 4.00 34.33
28.00 182.00 1.00 1.00 199.74
248.00 237.00 1.00 2.00 114.78
125.00 93.00 0.00 1.00 81.32
131.00 248.00 0.00 1.00 59.08
247.00 217.00 1.00 5.00 140.48
240.00 245.00 0.00 4.00 78.39
245.00 240.00 0.00 2.00 81.33
251.00 185.00 1.00 1.00 137.70
244.00 242.00 1.00 2.00 116.86
111.00 243.00 1.00 5.00 51.64
240.00 5.00 0.00 2.00 119.32
243.00 38.00 1.00 1.00 89.48
89.00 144.00 1.00 2.00 61.60
235.00 30.00 1.00 5.00 72.98
249.00 240.00 0.00 2.00 121.92
247.00 236.00 0.00 1.00 165.57
128.00 177.00 1.00 5.00 127.87
91.00 124.00 0.00 1.00 188.58
236.00 251.00 1.00 5.00 108.14
16.00 219.00 1.00 1.00 158.95
238.00 247.00 1.00 5.00 166.81
40.00 210.00 0.00 1.00 125.24
62.00 13.00 0.00 1.00 89.10
246.00 237.00 0.00 1.00 148.62
248.00 241.00 1.00 1.00 150.32
244.00 251.00 1.00 2.00 121.60
77.00 106.00 0.00 1.00 68.86
186.00 240.00 0.00 5.00 53.10
240.00 201.00 0.00 2.00 177.78
179.00 236.00 0.00 2.00 150.60
119.00 198.00 1.00 3.00 170.93
243.00 249.00 0.00 3.00 44.07
241.00 246.00 1.00 4.00 55.16
238.00 250.00 0.00 5.00 37.89
107.00 98.00 0.00 4.00 194.12
8.00 246.00 1.00 2.00 51.03
249.00 241.00 0.00 1.00 88.69
239.00 251.00 0.00 4.00 158.53
250.00 38.00 1.00 5.00 51.03
250.00 185.00 1.00 1.00 83.17
66.00 111.00 0.00 4.00 43.22
34.00 229.00 0.00 1.00 124.09
113.00 245.00 0.00 3.00 47.84
240.00 249.00 1.00 3.00 146.14
169.00 88.00 0.00 4.00 195.85
193.00 93.00 1.00 1.00 109.43
32.00 209.00 1.00 1.00 102.35
111.00 249.00 1.00 3.00 192.51
245.00 242.00 0.00 4.00 62.51
246.00 236.00 1.00 5.00 121.76
109.00 246.00 0.00 4.00 36.73
205.00 80.00 1.00 1.00 178.01
240.00 126.00 0.00 4.00 80.18
237.00 103.00 0.00 3.00 88.43
242.00 68.00 0.00 3.00 157.29
247.00 243.00 1.00 5.00 173.54
237.00 74.00 0.00 2.00 122.36
146.00 251.00 0.00 1.00 79.43
226.00 184.00 0.00 1.00 163.41
243.00 207.00 1.00 1.00 146.17
250.00 103.00 0.00 3.00 181.26
125.00 245.00 1.00 5.00 155.07
237.00 243.00 0.00 3.00 81.63
232.00 40.00 1.00 1.00 81.96
236.00 182.00 1.00 2.00 160.45
237.00 189.00 1.00 4.00 172.50
250.00 236.00 1.00 3.00 197.09
247.00 237.00 0.00 2.00 87.29
127.00 41.00 1.00 3.00 78.30
106.00 248.00 0.00 5.00 84.05
91.00 73.00 1.00 2.00 112.53
156.00 86.00 1.00 5.00 55.31
1.00 207.00 1.00 2.00 184.72
246.00 85.00 1.00 1.00 64.10
72.00 249.00 0.00 3.00 187.88
240.00 249.00 1.00 3.00 65.42
237.00 154.00 0.00 3.00 176.72
238.00 215.00 1.00 4.00 79.59
238.00 201.00 0.00 4.00 77.05
237.00 212.00 1.00 4.00 155.23
0.00 236.00 0.00 5.00 101.98
56.00 246.00 1.00 5.00 162.90
148.00 251.00 0.00 1.00 68.83
197.00 241.00 0.00 5.00 148.95
135.00 246.00 1.00 3.00 34.32
10.00 53.00 1.00 2.00 31.33
108.00 184.00 0.00 5.00 70.75
244.00 250.00 0.00 4.00 116.23
13.00 245.00 1.00 3.00 60.18
244.00 104.00 1.00 4.00 43.82
246.00 237.00 0.00 1.00 199.17
244.00 239.00 0.00 3.00 153.70
216.00 251.00 0.00 3.00 63.59
47.00 185.00 1.00 1.00 149.02
155.00 245.00 1.00 4.00 45.11
248.00 237.00 1.00 1.00 76.55
35.00 246.00 0.00 4.00 73.02
235.00 242.00 1.00 4.00 133.70
239.00 244.00 0.00 5.00 189.18
237.00 90.00 0.00 3.00 166.42
170.00 139.00 1.00 3.00 166.54
241.00 251.00 0.00 3.00 52.34
248.00 236.00 1.00 1.00 193.04
239.00 251.00 1.00 2.00 110.20
85.00 246.00 0.00 3.00 142.27
238.00 195.00 1.00 4.00 125.01
239.00 173.00 1.00 1.00 184.77
185.00 251.00 0.00 3.00 141.17
146.00 47.00 1.00 4.00 157.66
242.00 165.00 0.00 3.00 124.88
249.00 155.00 1.00 1.00 33.60
111.00 250.00 0.00 1.00 54.66
248.00 236.00 0.00 4.00 171.36
249.00 238.00 0.00 1.00 154.31
237.00 188.00 1.00 3.00 150.34
20.00 250.00 0.00 4.00 84.41
133.00 247.00 1.00 5.00 62.83
231.00 164.00 0.00 2.00 64.42
245.00 227.00 0.00 4.00 162.31
214.00 36.00 1.00 3.00 92.69
244.00 217.00 1.00 3.00 193.67
74.00 180.00 0.00 5.00 46.69
242.00 140.00 1.00 5.00 74.87
246.00 241.00 0.00 3.00 64.71
106.00 249.00 1.00 1.00 59.89
96.00 230.00 0.00 5.00 106.54
48.00 162.00 1.00 3.00 117.74
243.00 251.00 1.00 1.00 170.78
239.00 174.00 0.00 3.00 97.64
240.00 250.00 0.00 3.00 168.63
250.00 237.00 1.00 1.00 50.47
175.00 243.00 0.00 4.00 56.55
233.00 242.00 0.00 2.00 114.82
249.00 50.00 0.00 3.00 81.29
251.00 236.00 0.00 4.00 150.99
176.00 246.00 1.00 2.00 177.14
247.00 164.00 0.00 3.00 105.68
161.00 145.00 0.00 3.00 52.55
250.00 240.00 1.00 4.00 86.74
248.00 236.00 0.00 4.00 156.71
0.00 241.00 0.00 3.00 140.49
245.00 0.00 0.00 5.00 92.55
251.00 239.00 0.00 4.00 52.44
60.00 247.00 1.00 1.00 151.23
237.00 138.00 0.00 5.00 70.74
104.00 238.00 0.00 5.00 68.29
241.00 120.00 0.00 3.00 160.51
7.00 245.00 1.00 5.00 195.05
236.00 246.00 0.00 3.00 131.91
239.00 96.00 0.00 4.00 35.59
142.00 125.00 1.00 3.00 32.69
112.00 249.00 1.00 1.00 41.68
139.00 239.00 1.00 3.00 190.36
173.00 136.00 0.00 5.00 90.58
147.00 137.00 1.00 2.00 147.68
242.00 18.00 0.00 4.00 70.82
250.00 105.00 0.00 4.00 192.00
249.00 237.00 1.00 3.00 183.13
207.00 44.00 1.00 5.00 176.16
227.00 249.00 1.00 4.00 147.62
236.00 197.00 1.00 5.00 156.63
239.00 55.00 0.00 1.00 162.96
241.00 85.00 0.00 4.00 122.15
251.00 240.00 1.00 3.00 101.66
40.00 251.00 1.00 3.00 64.81
238.00 232.00 0.00 4.00 189.33
241.00 244.00 0.00 1.00 70.13
236.00 242.00 0.00 3.00 30.33
244.00 243.00 1.00 2.00 98.05
239.00 137.00 1.00 1.00 197.20
163.00 236.00 0.00 1.00 73.41
247.00 208.00 1.00 1.00 94.83
177.00 238.00 0.00 1.00 33.02
50.00 240.00 1.00 5.00 137.25
246.00 202.00 1.00 4.00 95.19
207.00 102.00 1.00 4.00 49.49
251.00 105.00 1.00 1.00 129.42
244.00 7.00 1.00 2.00 121.61
237.00 246.00 1.00 4.00 87.30
249.00 210.00 0.00 4.00 181.69
225.00 72.00 1.00 1.00 60.09
241.00 20.00 0.00 3.00 163.48
63.00 245.00 1.00 3.00 58.94
249.00 238.00 1.00 5.00 133.71
137.00 233.00 1.00 3.00 193.48
7.00 245.00 0.00 4.00 114.60
237.00 246.00 1.00 1.00 150.83
138.00 240.00 0.00 5.00 165.02
48.00 4.00 0.00 2.00 33.90
186.00 236.00 0.00 4.00 96.57
26.00 198.00 1.00 1.00 63.36
251.00 134.00 0.00 5.00 64.98
208.00 117.00 1.00 4.00 49.69
141.00 230.00 0.00 5.00 191.90
246.00 238.00 0.00 5.00 48.37
157.00 240.00 0.00 1.00 144.00
237.00 248.00 1.00 5.00 183.05
240.00 244.00 1.00 4.00 131.54
242.00 248.00 1.00 5.00 152.80
57.00 151.00 0.00 3.00 184.38
239.00 102.00 1.00 5.00 100.98
232.00 73.00 1.00 2.00 87.21
240.00 246.00 0.00 3.00 61.45
209.00 241.00 0.00 2.00 66.98
143.00 65.00 0.00 2.00 62.55
206.00 201.00 1.00 2.00 133.81
67.00 131.00 0.00 3.00 185.77
243.00 48.00 0.00 5.00 82.58
212.00 161.00 0.00 4.00 198.00
146.00 207.00 0.00 4.00 37.67
126.00 250.00 1.00 1.00 57.82
85.00 241.00 1.00 3.00 183.68
215.00 243.00 0.00 1.00 33.07
112.00 246.00 0.00 1.00 145.19
250.00 182.00 0.00 1.00 196.12
181.00 250.00 0.00 2.00 163.37
146.00 246.00 1.00 2.00 44.74
247.00 240.00 0.00 1.00 177.23
240.00 21.00 0.00 2.00 55.83
238.00 89.00 0.00 1.00 114.44
251.00 24.00 1.00 5.00 82.58
16.00 202.00 0.00 3.00 104.23
89.00 234.00 0.00 4.00 70.89
245.00 68.00 0.00 2.00 90.38
204.00 48.00 1.00 4.00 169.34
241.00 250.00 1.00 3.00 193.79
237.00 245.00 0.00 4.00 189.77
251.00 234.00 1.00 3.00 96.92
243.00 139.00 1.00 3.00 167.16
219.00 243.00 1.00 1.00 65.81
247.00 243.00 0.00 5.00 71.62
11.00 112.00 1.00 3.00 168.06
240.00 249.00 0.00 1.00 153.64
248.00 238.00 0.00 3.00 108.89
17.00 25.00 1.00 4.00 91.90
175.00 248.00 1.00 4.00 146.44
25.00 247.00 0.00 2.00 37.72
239.00 206.00 1.00 3.00 75.66
245.00 18.00 0.00 1.00 99.70
21.00 247.00 0.00 5.00 165.59
243.00 63.00 0.00 3.00 122.66
149.00 244.00 1.00 4.00 170.79
27.00 98.00 0.00 1.00 113.39
246.00 9.00 1.00 2.00 140.48
134.00 242.00 0.00 1.00 95.90
242.00 44.00 0.00 1.00 133.62
77.00 164.00 0.00 3.00 103.55
36.00 245.00 1.00 2.00 159.42
240.00 244.00 0.00 4.00 99.88
241.00 250.00 0.00 1.00 164.44
238.00 153.00 1.00 1.00 60.77
110.00 238.00 1.00 4.00 115.42
213.00 151.00 1.00 3.00 87.62
6.00 244.00 1.00 2.00 144.32
245.00 251.00 0.00 1.00 142.07
242.00 249.00 0.00 1.00 46.38
243.00 251.00 1.00 2.00 77.62
220.00 250.00 1.00 3.00 54.09
249.00 238.00 1.00 1.00 48.78
249.00 118.00 0.00 1.00 133.00
244.00 33.00 1.00 3.00 59.39
44.00 246.00 0.00 1.00 190.41
239.00 251.00 0.00 2.00 143.41
100.00 239.00 0.00 1.00 161.97
238.00 244.00 1.00 5.00 49.08
238.00 127.00 1.00 1.00 79.05
221.00 246.00 0.00 3.00 90.38
248.00 2.00 0.00 4.00 125.02
85.00 207.00 0.00 5.00 169.62
248.00 194.00 1.00 5.00 188.19
243.00 244.00 0.00 3.00 130.23
165.00 246.00 0.00 2.00 170.36
238.00 249.00 0.00 1.00 51.12
239.00 247.00 1.00 1.00 130.37
244.00 184.00 0.00 1.00 140.84
242.00 236.00 0.00 5.00 51.90
244.00 105.00 0.00 1.00 134.91
214.00 59.00 1.00 5.00 76.62
6.00 237.00 1.00 4.00 114.32
115.00 97.00 0.00 1.00 163.68
27.00 157.00 0.00 5.00 97.67
239.00 247.00 1.00 2.00 99.44
236.00 242.00 1.00 2.00 54.48
241.00 170.00 0.00 4.00 157.82
101.00 137.00 0.00 2.00 189.45
189.00 237.00 0.00 4.00 110.26
121.00 147.00 0.00 3.00 140.21
126.00 168.00 0.00 1.00 70.45
223.00 241.00 0.00 5.00 55.82
242.00 139.00 1.00 3.00 60.82
237.00 141.00 0.00 4.00 47.16
241.00 248.00 1.00 1.00 106.12
245.00 92.00 0.00 2.00 116.86
244.00 82.00 0.00 4.00 52.21
100.00 151.00 0.00 2.00 178.59
112.00 236.00 1.00 4.00 156.34
248.00 139.00 0.00 5.00 123.32
21.00 251.00 0.00 4.00 169.76
238.00 250.00 1.00 5.00 175.37
239.00 159.00 1.00 5.00 163.62
31.00 78.00 0.00 3.00 62.97
248.00 21.00 1.00 4.00 155.11
33.00 246.00 0.00 5.00 147.32
237.00 121.00 0.00 4.00 63.37
242.00 174.00 0.00 1.00 162.69
240.00 251.00 1.00 4.00 135.61
17.00 244.00 1.00 2.00 30.51
241.00 140.00 0.00 4.00 194.79
250.00 242.00 1.00 3.00 65.68
190.00 242.00 0.00 1.00 124.61
56.00 153.00 1.00 3.00 41.57
132.00 249.00 0.00 2.00 147.45
246.00 241.00 0.00 5.00 173.17
156.00 198.00 1.00 1.00 51.23
238.00 111.00 1.00 4.00 151.04
158.00 249.00 1.00 2.00 142.92
232.00 241.00 1.00 4.00 142.27
128.00 20.00 0.00 5.00 54.90
240.00 247.00 1.00 1.00 44.42
73.00 250.00 1.00 1.00 97.96
218.00 244.00 0.00 3.00 161.97
0.00 14.00 0.00 2.00 163.51
243.00 3.00 1.00 4.00 68.44
243.00 244.00 0.00 5.00 80.79
43.00 240.00 1.00 5.00 106.61
247.00 236.00 0.00 2.00 42.38
236.00 251.00 0.00 5.00 67.46
42.00 232.00 0.00 1.00 164.32
37.00 216.00 1.00 1.00 37.65
66.00 54.00 1.00 4.00 120.50
245.00 236.00 1.00 3.00 109.31
247.00 236.00 1.00 3.00 71.33
140.00 247.00 1.00 4.00 153.68
243.00 120.00 1.00 1.00 161.00
240.00 247.00 0.00 5.00 135.59
251.00 212.00 0.00 5.00 156.40
175.00 25.00 0.00 4.00 152.29
246.00 236.00 1.00 4.00 136.80
244.00 250.00 1.00 5.00 82.17
250.00 238.00 1.00 4.00 138.16
242.00 249.00 0.00 5.00 162.33
247.00 242.00 1.00 5.00 190.24
237.00 71.00 0.00 4.00 183.09
23.00 243.00 0.00 5.00 61.23
161.00 238.00 0.00 2.00 159.29
247.00 4.00 1.00 4.00 111.39
227.00 250.00 0.00 1.00 85.42
239.00 248.00 0.00 3.00 79.07
244.00 239.00 0.00 2.00 65.74
238.00 245.00 1.00 4.00 119.58
239.00 245.00 1.00 4.00 132.42
245.00 236.00 0.00 3.00 153.18
193.00 171.00 1.00 2.00 92.26
17.00 109.00 0.00 3.00 147.66
69.00 166.00 1.00 4.00 138.46
239.00 245.00 1.00 2.00 37.61
133.00 249.00 1.00 3.00 92.69
173.00 241.00 1.00 3.00 175.27
44.00 244.00 0.00 1.00 72.31
237.00 95.00 0.00 4.00 165.30
238.00 80.00 1.00 1.00 164.66
118.00 241.00 0.00 1.00 118.93
240.00 8.00 1.00 5.00 104.27
188.00 19.00 1.00 1.00 169.36
72.00 239.00 1.00 4.00 141.09
42.00 251.00 0.00 1.00 144.45
246.00 243.00 0.00 4.00 75.54
236.00 246.00 1.00 5.00 168.98
239.00 51.00 1.00 4.00 33.25
245.00 217.00 1.00 2.00 82.26
40.00 103.00 0.00 3.00 183.90
241.00 197.00 1.00 2.00 139.67
180.00 240.00 1.00 4.00 133.88
156.00 56.00 0.00 2.00 144.92
120.00 246.00 1.00 4.00 166.43
126.00 92.00 0.00 1.00 158.26
231.00 240.00 1.00 1.00 39.22
21.00 239.00 1.00 3.00 188.06
250.00 243.00 1.00 5.00 114.05
163.00 248.00 1.00 5.00 33.68
240.00 168.00 0.00 3.00 60.16
86.00 27.00 1.00 1.00 157.59
100.00 144.00 1.00 3.00 193.23
246.00 243.00 0.00 3.00 168.95
239.00 180.00 1.00 2.00 183.39
144.00 245.00 0.00 1.00 133.43
238.00 88.00 1.00 5.00 66.09
245.00 110.00 0.00 2.00 164.22
165.00 237.00 1.00 2.00 62.67
247.00 164.00 0.00 4.00 113.39
226.00 81.00 0.00 1.00 96.07
240.00 247.00 0.00 3.00 72.86
98.00 242.00 0.00 1.00 55.43
42.00 123.00 0.00 1.00 82.63
239.00 251.00 0.00 1.00 51.45
58.00 73.00 1.00 1.00 76.45
225.00 238.00 1.00 1.00 37.96
96.00 89.00 1.00 4.00 82.47
102.00 243.00 0.00 2.00 41.67
251.00 238.00 0.00 2.00 35.70
49.00 214.00 1.00 3.00 183.18
162.00 62.00 1.00 1.00 178.92
248.00 148.00 0.00 2.00 66.44
6.00 207.00 1.00 5.00 106.35
1.00 242.00 0.00 2.00 35.84
242.00 151.00 1.00 5.00 142.09
141.00 15.00 0.00 4.00 60.36
245.00 65.00 0.00 3.00 79.99
243.00 251.00 0.00 2.00 87.91
247.00 241.00 0.00 1.00 133.28
251.00 239.00 1.00 2.00 193.37
182.00 19.00 1.00 3.00 127.16
192.00 59.00 1.00 4.00 74.15
165.00 236.00 0.00 1.00 35.21
74.00 242.00 1.00 2.00 78.65
22.00 246.00 1.00 2.00 66.27
78.00 246.00 1.00 1.00 175.79
248.00 240.00 1.00 4.00 43.00
246.00 238.00 1.00 4.00 159.71
250.00 230.00 1.00 1.00 173.16
242.00 118.00 0.00 1.00 34.47
240.00 245.00 0.00 5.00 184.91
242.00 96.00 1.00 4.00 118.59
151.00 237.00 1.00 5.00 48.16
241.00 69.00 0.00 3.00 166.45
145.00 238.00 1.00 1.00 83.11
248.00 57.00 0.00 5.00 69.23
108.00 239.00 1.00 4.00 160.37
201.00 250.00 0.00 4.00 175.53
166.00 129.00 1.00 5.00 112.13
191.00 171.00 1.00 2.00 57.16
237.00 114.00 1.00 2.00 123.48
125.00 146.00 1.00 3.00 167.67
244.00 94.00 0.00 2.00 144.57
200.00 248.00 1.00 2.00 35.31
55.00 186.00 0.00 3.00 127.81
238.00 247.00 0.00 2.00 107.79
237.00 251.00 0.00 4.00 88.98
138.00 8.00 1.00 3.00 197.10
244.00 241.00 1.00 3.00 173.99
221.00 81.00 0.00 3.00 125.63
97.00 14.00 0.00 4.00 144.56
149.00 155.00 1.00 1.00 185.54
51.00 247.00 1.00 3.00 126.69
30.00 94.00 0.00 4.00 113.21
161.00 189.00 1.00 4.00 159.00
128.00 159.00 0.00 3.00 174.88
239.00 248.00 1.00 3.00 69.15
156.00 238.00 0.00 4.00 184.74
231.00 115.00 1.00 2.00 90.24
251.00 29.00 0.00 3.00 176.44
250.00 30.00 1.00 5.00 155.71
244.00 230.00 0.00 1.00 57.23
43.00 237.00 0.00 1.00 43.63
200.00 26.00 1.00 4.00 158.83
251.00 239.00 1.00 5.00 148.40
208.00 240.00 1.00 3.00 100.21
243.00 181.00 0.00 1.00 63.66
243.00 246.00 0.00 4.00 42.94
183.00 242.00 0.00 2.00 60.29
123.00 114.00 0.00 5.00 61.46
178.00 239.00 0.00 2.00 63.55
237.00 211.00 0.00 4.00 35.71
236.00 249.00 1.00 3.00 139.36
184.00 161.00 0.00 3.00 140.36
239.00 196.00 1.00 2.00 78.00
217.00 249.00 1.00 2.00 34.09
251.00 245.00 0.00 5.00 152.80
103.00 47.00 0.00 4.00 76.40
245.00 237.00 0.00 2.00 83.27
237.00 248.00 0.00 5.00 80.77
238.00 244.00 0.00 2.00 116.88
243.00 85.00 1.00 2.00 188.43
36.00 101.00 1.00 4.00 108.14
83.00 27.00 0.00 4.00 166.10
238.00 244.00 0.00 1.00 145.32
241.00 250.00 1.00 4.00 147.09
159.00 188.00 0.00 3.00 35.54
250.00 243.00 1.00 2.00 107.99
239.00 178.00 1.00 3.00 68.18
134.00 249.00 0.00 3.00 88.25
244.00 75.00 1.00 3.00 70.89
251.00 239.00 0.00 1.00 138.24
246.00 238.00 0.00 1.00 162.49
246.00 160.00 0.00 1.00 97.29
225.00 172.00 0.00 2.00 134.25
244.00 251.00 0.00 2.00 73.89
247.00 187.00 0.00 3.00 166.95
42.00 237.00 0.00 1.00 44.91
23.00 242.00 0.00 3.00 43.29
41.00 68.00 0.00 4.00 47.15
235.00 150.00 0.00 5.00 106.10
234.00 199.00 1.00 2.00 176.26
167.00 244.00 1.00 3.00 79.74
251.00 40.00 0.00 2.00 86.65
194.00 138.00 0.00 3.00 75.35
152.00 240.00 1.00 5.00 86.14
242.00 39.00 0.00 4.00 144.22
236.00 59.00 0.00 4.00 69.65
4.00 238.00 1.00 5.00 60.07
249.00 177.00 0.00 4.00 64.68
150.00 238.00 0.00 2.00 99.78
116.00 75.00 1.00 4.00 104.31
188.00 236.00 0.00 3.00 120.00
109.00 244.00 0.00 5.00 95.18
159.00 247.00 0.00 2.00 159.03
242.00 250.00 0.00 4.00 72.56
241.00 246.00 1.00 2.00 192.34
250.00 80.00 1.00 4.00 196.96
129.00 247.00 0.00 2.00 139.19
71.00 115.00 1.00 3.00 197.20
250.00 238.00 1.00 1.00 194.98
236.00 222.00 0.00 4.00 101.77
205.00 106.00 0.00 1.00 35.56
248.00 178.00 1.00 3.00 113.31
142.00 247.00 0.00 3.00 39.80
249.00 243.00 1.00 5.00 99.85
207.00 67.00 1.00 1.00 72.38
85.00 236.00 1.00 4.00 144.30
239.00 249.00 0.00 1.00 127.95
243.00 168.00 1.00 4.00 46.45
67.00 244.00 0.00 5.00 112.53
115.00 239.00 0.00 2.00 146.64
136.00 241.00 0.00 4.00 52.88
249.00 240.00 1.00 5.00 151.44
251.00 244.00 0.00 1.00 93.93
170.00 193.00 0.00 5.00 154.91
244.00 240.00 0.00 5.00 187.75
151.00 40.00 1.00 1.00 91.65
56.00 246.00 1.00 1.00 86.83
246.00 229.00 0.00 3.00 164.57
242.00 251.00 1.00 1.00 197.38
118.00 237.00 0.00 2.00 188.88
126.00 194.00 1.00 5.00 77.52
209.00 53.00 1.00 2.00 152.82
68.00 157.00 0.00 2.00 96.72
241.00 217.00 0.00 3.00 114.53
10.00 243.00 1.00 3.00 41.68
238.00 246.00 0.00 2.00 154.76
167.00 251.00 1.00 2.00 77.20
249.00 240.00 1.00 2.00 177.01
248.00 66.00 1.00 4.00 105.16
177.00 238.00 0.00 3.00 161.60
251.00 241.00 1.00 4.00 176.78
64.00 212.00 0.00 5.00 132.47
164.00 238.00 1.00 2.00 164.52
251.00 239.00 1.00 1.00 151.25
244.00 237.00 1.00 2.00 154.83
52.00 249.00 1.00 2.00 195.22
37.00 148.00 1.00 1.00 93.35
227.00 188.00 1.00 1.00 33.60
238.00 93.00 1.00 4.00 62.41
105.00 248.00 1.00 4.00 48.44
140.00 242.00 0.00 4.00 169.46
244.00 36.00 0.00 3.00 194.80
207.00 62.00 0.00 4.00 170.48
251.00 178.00 0.00 2.00 121.33
137.00 237.00 0.00 4.00 92.10
