100.00 249.00 0.00 5.00 67.23
206.00 241.00 1.00 1.00 110.73
12.00 248.00 0.00 5.00 153.17
107.00 247.00 0.00 5.00 31.97
250.00 8.00 1.00 4.00 103.07
249.00 84.00 0.00 4.00 184.71
251.00 116.00 0.00 4.00 150.30
247.00 35.00 0.00 4.00 134.76
249.00 198.00 0.00 1.00 180.20
241.00 36.00 0.00 5.00 63.85
245.00 168.00 0.00 1.00 190.49
16.00 241.00 1.00 2.00 94.64
240.00 249.00 1.00 4.00 63.69
219.00 247.00 1.00 5.00 111.60
243.00 245.00 1.00 4.00 196.71
246.00 23.00 1.00 5.00 148.80
241.00 162.00 0.00 2.00 67.00
239.00 251.00 0.00 4.00 131.12
124.00 250.00 0.00 3.00 126.73
243.00 248.00 1.00 4.00 44.48
121.00 67.00 1.00 5.00 100.43
124.00 240.00 1.00 5.00 84.70
73.00 20.00 0.00 3.00 188.00
239.00 251.00 0.00 2.00 52.95
238.00 158.00 0.00 4.00 191.34
170.00 246.00 0.00 5.00 162.38
244.00 250.00 1.00 2.00 63.23
236.00 102.00 0.00 1.00 161.13
46.00 101.00 0.00 3.00 92.74
239.00 231.00 1.00 3.00 95.61
203.00 134.00 1.00 2.00 55.77
237.00 41.00 0.00 5.00 39.80
242.00 248.00 1.00 2.00 118.40
249.00 238.00 0.00 5.00 82.56
242.00 251.00 1.00 4.00 126.09
246.00 243.00 1.00 4.00 54.06
235.00 237.00 0.00 3.00 106.78
248.00 241.00 1.00 3.00 44.14
128.00 240.00 0.00 4.00 75.22
249.00 61.00 0.00 2.00 162.04
74.00 209.00 1.00 4.00 173.71
176.00 23.00 0.00 1.00 91.57
179.00 58.00 0.00 1.00 99.38
245.00 240.00 1.00 4.00 195.73
245.00 237.00 1.00 5.00 55.17
231.00 38.00 0.00 3.00 174.42
239.00 250.00 1.00 2.00 170.56
238.00 246.00 1.00 4.00 38.15
250.00 242.00 1.00 3.00 176.33
6.00 246.00 1.00 4.00 41.65
204.00 251.00 0.00 1.00 133.56
245.00 49.00 0.00 5.00 196.00
236.00 233.00 1.00 5.00 192.83
228.00 243.00 1.00 5.00 48.77
81.00 198.00 0.00 5.00 142.12
167.00 246.00 0.00 2.00 177.41
244.00 86.00 0.00 2.00 108.13
54.00 239.00 1.00 2.00 70.69
246.00 239.00 0.00 2.00 97.89
12.00 128.00 1.00 1.00 184.49
47.00 229.00 0.00 3.00 65.76
238.00 244.00 0.00 1.00 197.01
227.00 209.00 1.00 4.00 63.88
172.00 246.00 1.00 3.00 103.52
174.00 146.00 0.00 4.00 127.58
239.00 249.00 0.00 3.00 153.29
236.00 246.00 1.00 3.00 119.68
243.00 121.00 0.00 5.00 80.50
142.00 250.00 0.00 5.00 197.84
238.00 244.00 0.00 3.00 40.00
248.00 240.00 0.00 4.00 57.72
97.00 181.00 1.00 5.00 107.10
242.00 198.00 1.00 2.00 132.89
40.00 162.00 1.00 5.00 109.07
157.00 224.00 0.00 1.00 132.61
101.00 76.00 1.00 1.00 72.51
4.00 247.00 0.00 4.00 73.90
238.00 246.00 0.00 3.00 167.92
82.00 248.00 1.00 2.00 168.61
72.00 246.00 1.00 2.00 126.49
190.00 64.00 0.00 1.00 114.56
241.00 54.00 0.00 2.00 135.02
93.00 237.00 0.00 3.00 143.83
245.00 110.00 1.00 3.00 37.77
175.00 115.00 0.00 4.00 190.58
210.00 112.00 0.00 2.00 188.08
92.00 116.00 0.00 5.00 75.15
236.00 247.00 1.00 4.00 90.34
123.00 240.00 0.00 2.00 87.15
108.00 215.00 1.00 4.00 126.71
223.00 31.00 0.00 1.00 72.25
47.00 132.00 0.00 1.00 164.65
111.00 22.00 0.00 4.00 39.72
138.00 12.00 0.00 2.00 87.29
251.00 243.00 0.00 1.00 59.54
246.00 243.00 1.00 5.00 40.08
243.00 248.00 0.00 1.00 172.30
243.00 247.00 1.00 3.00 161.30
186.00 237.00 0.00 2.00 157.85
246.00 91.00 0.00 4.00 60.69
211.00 237.00 1.00 1.00 71.00
245.00 218.00 0.00 2.00 96.03
239.00 6.00 0.00 5.00 37.85
251.00 243.00 0.00 3.00 81.35
32.00 3.00 0.00 4.00 53.50
7.00 138.00 0.00 2.00 69.56
87.00 236.00 0.00 3.00 139.02
2.00 240.00 0.00 2.00 189.89
245.00 37.00 1.00 1.00 33.34
181.00 12.00 1.00 4.00 163.04
24.00 49.00 1.00 3.00 34.50
120.00 239.00 1.00 3.00 188.30
57.00 189.00 0.00 1.00 73.19
105.00 24.00 0.00 3.00 94.24
201.00 186.00 0.00 5.00 77.83
246.00 158.00 0.00 1.00 143.29
231.00 243.00 0.00 4.00 121.92
103.00 248.00 1.00 1.00 30.81
237.00 180.00 0.00 5.00 90.51
237.00 16.00 0.00 5.00 194.05
249.00 37.00 1.00 1.00 136.64
248.00 236.00 1.00 4.00 191.84
249.00 238.00 0.00 2.00 195.16
245.00 52.00 1.00 1.00 77.50
88.00 14.00 0.00 2.00 122.66
236.00 250.00 0.00 2.00 85.02
237.00 246.00 0.00 1.00 60.97
89.00 237.00 1.00 2.00 138.65
59.00 245.00 0.00 5.00 186.97
248.00 242.00 0.00 5.00 105.27
85.00 171.00 0.00 3.00 43.62
246.00 241.00 0.00 5.00 90.96
214.00 243.00 0.00 3.00 158.09
69.00 238.00 1.00 4.00 82.87
34.00 16.00 1.00 1.00 144.20
251.00 244.00 1.00 1.00 103.44
238.00 250.00 1.00 4.00 51.45
209.00 16.00 0.00 1.00 36.23
238.00 251.00 0.00 2.00 195.14
156.00 250.00 0.00 2.00 152.79
82.00 246.00 1.00 3.00 31.17
132.00 243.00 0.00 5.00 44.20
31.00 191.00 1.00 5.00 52.45
38.00 202.00 0.00 1.00 97.45
239.00 248.00 0.00 1.00 152.24
55.00 237.00 1.00 3.00 160.74
144.00 58.00 1.00 4.00 96.41
246.00 243.00 0.00 5.00 115.30
165.00 239.00 0.00 3.00 33.53
240.00 251.00 1.00 1.00 126.10
248.00 94.00 0.00 4.00 107.61
241.00 119.00 0.00 5.00 30.30
228.00 236.00 0.00 5.00 196.49
247.00 236.00 0.00 1.00 53.36
152.00 241.00 0.00 4.00 152.01
205.00 246.00 0.00 3.00 90.72
109.00 250.00 1.00 4.00 54.78
41.00 245.00 0.00 4.00 127.96
76.00 114.00 0.00 3.00 157.31
251.00 242.00 1.00 5.00 167.74
117.00 236.00 0.00 2.00 172.56
245.00 198.00 0.00 2.00 172.95
242.00 245.00 0.00 4.00 190.63
249.00 243.00 0.00 3.00 37.50
241.00 244.00 0.00 4.00 44.64
56.00 222.00 1.00 4.00 141.32
101.00 237.00 1.00 4.00 196.99
205.00 187.00 1.00 3.00 198.36
248.00 219.00 1.00 5.00 74.34
242.00 142.00 0.00 4.00 172.02
232.00 247.00 1.00 5.00 49.70
238.00 246.00 1.00 3.00 118.17
237.00 246.00 0.00 5.00 171.43
226.00 151.00 1.00 5.00 114.82
240.00 245.00 0.00 5.00 66.83
108.00 203.00 0.00 1.00 177.96
221.00 251.00 0.00 1.00 149.34
238.00 89.00 1.00 4.00 130.08
193.00 29.00 1.00 5.00 143.12
240.00 250.00 1.00 5.00 188.92
225.00 160.00 1.00 5.00 41.81
125.00 251.00 1.00 5.00 93.89
118.00 236.00 1.00 4.00 90.58
246.00 239.00 1.00 1.00 130.39
37.00 251.00 0.00 5.00 87.52
223.00 85.00 0.00 1.00 140.35
236.00 63.00 0.00 3.00 105.33
237.00 246.00 0.00 2.00 153.19
240.00 251.00 0.00 4.00 35.02
30.00 212.00 1.00 3.00 122.15
37.00 250.00 1.00 5.00 140.87
86.00 240.00 0.00 3.00 37.56
239.00 70.00 0.00 1.00 141.14
230.00 88.00 1.00 5.00 37.07
95.00 246.00 0.00 2.00 179.61
250.00 236.00 0.00 2.00 38.91
241.00 249.00 1.00 1.00 124.66
46.00 132.00 0.00 1.00 170.66
109.00 103.00 0.00 5.00 179.82
249.00 236.00 0.00 1.00 37.95
37.00 26.00 0.00 4.00 117.26
26.00 80.00 1.00 3.00 134.46
239.00 229.00 1.00 3.00 156.14
19.00 243.00 1.00 3.00 96.14
237.00 67.00 0.00 3.00 55.47
243.00 247.00 1.00 1.00 114.01
247.00 236.00 1.00 2.00 45.47
244.00 250.00 0.00 4.00 59.76
248.00 243.00 1.00 4.00 53.96
245.00 49.00 0.00 4.00 76.52
165.00 237.00 1.00 5.00 33.80
239.00 133.00 1.00 5.00 83.73
9.00 236.00 1.00 1.00 93.79
241.00 249.00 0.00 4.00 52.60
168.00 250.00 1.00 5.00 133.56
10.00 248.00 0.00 2.00 89.40
134.00 243.00 0.00 3.00 191.54
134.00 240.00 1.00 5.00 141.08
75.00 123.00 1.00 3.00 69.20
236.00 107.00 0.00 3.00 108.31
214.00 250.00 0.00 3.00 132.89
152.00 243.00 1.00 2.00 96.88
195.00 251.00 0.00 2.00 138.84
246.00 153.00 0.00 2.00 126.43
164.00 120.00 1.00 1.00 165.74
250.00 236.00 1.00 2.00 80.19
236.00 165.00 1.00 4.00 66.00
18.00 242.00 0.00 3.00 189.67
138.00 243.00 1.00 5.00 53.40
139.00 96.00 1.00 3.00 116.25
250.00 142.00 1.00 2.00 34.10
249.00 243.00 1.00 1.00 138.42
47.00 19.00 0.00 5.00 128.96
19.00 199.00 1.00 1.00 130.25
93.00 238.00 1.00 3.00 30.78
74.00 190.00 1.00 5.00 94.14
17.00 245.00 0.00 1.00 60.49
236.00 247.00 0.00 5.00 101.22
250.00 244.00 1.00 4.00 141.30
209.00 75.00 1.00 4.00 151.58
251.00 239.00 0.00 2.00 40.68
242.00 246.00 0.00 1.00 92.20
1.00 94.00 1.00 2.00 128.04
247.00 238.00 0.00 4.00 79.78
230.00 243.00 0.00 1.00 93.37
141.00 237.00 0.00 4.00 144.29
178.00 251.00 0.00 4.00 174.50
61.00 87.00 0.00 3.00 93.25
61.00 102.00 0.00 3.00 181.55
236.00 159.00 0.00 4.00 175.47
240.00 244.00 1.00 1.00 91.84
236.00 249.00 0.00 3.00 65.12
98.00 211.00 0.00 1.00 149.45
246.00 241.00 1.00 4.00 140.88
247.00 243.00 1.00 3.00 72.85
244.00 3.00 1.00 1.00 167.94
249.00 196.00 0.00 1.00 45.13
244.00 16.00 0.00 1.00 194.49
238.00 248.00 1.00 3.00 77.89
248.00 40.00 0.00 1.00 115.01
243.00 250.00 1.00 1.00 118.15
237.00 244.00 0.00 2.00 109.10
241.00 248.00 1.00 2.00 163.26
170.00 243.00 1.00 5.00 145.76
158.00 236.00 1.00 2.00 61.27
216.00 240.00 1.00 3.00 138.80
137.00 113.00 0.00 2.00 184.17
239.00 190.00 1.00 1.00 91.76
246.00 152.00 0.00 1.00 134.37
134.00 239.00 0.00 5.00 36.34
236.00 4.00 1.00 3.00 161.65
239.00 248.00 0.00 1.00 69.00
66.00 119.00 0.00 4.00 182.89
238.00 17.00 0.00 2.00 140.63
241.00 183.00 1.00 5.00 171.88
101.00 30.00 0.00 1.00 61.88
31.00 170.00 0.00 5.00 128.96
133.00 67.00 1.00 5.00 156.38
246.00 239.00 0.00 2.00 73.37
248.00 240.00 0.00 5.00 111.78
238.00 144.00 1.00 2.00 178.92
237.00 250.00 0.00 4.00 151.67
237.00 75.00 0.00 5.00 130.40
188.00 239.00 0.00 3.00 152.89
186.00 24.00 1.00 1.00 137.96
250.00 178.00 1.00 3.00 187.14
217.00 243.00 1.00 5.00 123.66
251.00 245.00 0.00 1.00 37.21
246.00 220.00 1.00 2.00 33.30
238.00 247.00 1.00 2.00 165.12
245.00 122.00 1.00 3.00 30.26
166.00 15.00 1.00 5.00 52.37
106.00 246.00 0.00 1.00 87.92
245.00 142.00 1.00 2.00 178.89
240.00 250.00 0.00 1.00 169.53
0.00 135.00 0.00 4.00 137.23
246.00 236.00 0.00 3.00 109.85
211.00 134.00 0.00 5.00 64.55
221.00 123.00 0.00 3.00 194.75
16.00 62.00 1.00 4.00 38.97
55.00 221.00 1.00 4.00 51.17
20.00 53.00 1.00 1.00 104.65
243.00 236.00 0.00 4.00 188.93
240.00 245.00 1.00 1.00 131.82
250.00 238.00 0.00 2.00 64.48
251.00 23.00 0.00 1.00 90.98
238.00 250.00 1.00 1.00 165.06
203.00 236.00 1.00 3.00 48.29
221.00 251.00 0.00 5.00 58.23
243.00 245.00 0.00 5.00 143.20
240.00 249.00 1.00 4.00 174.76
184.00 82.00 1.00 5.00 32.52
139.00 246.00 1.00 2.00 58.27
22.00 175.00 1.00 4.00 160.03
29.00 46.00 0.00 2.00 76.39
251.00 243.00 0.00 2.00 196.50
130.00 239.00 1.00 3.00 59.96
249.00 73.00 1.00 2.00 133.21
238.00 117.00 1.00 2.00 163.75
248.00 34.00 0.00 2.00 33.16
237.00 250.00 0.00 4.00 60.73
79.00 248.00 0.00 3.00 91.01
241.00 95.00 1.00 3.00 121.32
237.00 120.00 1.00 2.00 112.51
247.00 243.00 1.00 1.00 35.02
237.00 247.00 0.00 5.00 87.87
140.00 117.00 1.00 3.00 30.06
112.00 250.00 0.00 2.00 193.22
234.00 200.00 1.00 5.00 59.98
246.00 238.00 1.00 3.00 171.47
19.00 11.00 1.00 2.00 42.55
62.00 240.00 1.00 1.00 65.50
238.00 108.00 1.00 5.00 146.42
14.00 246.00 0.00 4.00 68.85
245.00 111.00 1.00 1.00 52.99
244.00 236.00 0.00 5.00 118.61
238.00 244.00 0.00 1.00 118.74
237.00 246.00 1.00 1.00 197.77
69.00 95.00 0.00 5.00 98.29
245.00 251.00 0.00 2.00 185.87
236.00 245.00 0.00 2.00 126.21
246.00 240.00 0.00 5.00 43.81
162.00 236.00 1.00 5.00 123.24
249.00 83.00 1.00 3.00 40.16
239.00 207.00 1.00 2.00 158.69
245.00 42.00 0.00 1.00 56.99
246.00 11.00 0.00 3.00 118.48
239.00 245.00 0.00 4.00 145.40
159.00 250.00 1.00 4.00 36.42
192.00 80.00 1.00 3.00 190.48
242.00 248.00 0.00 5.00 37.16
244.00 180.00 1.00 2.00 45.21
243.00 236.00 0.00 5.00 102.47
242.00 97.00 0.00 5.00 146.68
249.00 194.00 0.00 5.00 115.03
238.00 245.00 1.00 2.00 147.64
249.00 240.00 1.00 5.00 129.84
241.00 157.00 0.00 3.00 111.01
248.00 243.00 1.00 4.00 176.67
153.00 58.00 1.00 2.00 133.05
240.00 246.00 1.00 5.00 175.84
84.00 247.00 0.00 4.00 152.03
57.00 172.00 0.00 3.00 160.92
249.00 237.00 1.00 4.00 192.71
251.00 86.00 0.00 4.00 140.15
249.00 8.00 0.00 2.00 33.42
244.00 237.00 0.00 3.00 129.69
197.00 237.00 1.00 3.00 103.70
246.00 237.00 0.00 3.00 54.30
239.00 234.00 1.00 5.00 124.27
15.00 38.00 0.00 1.00 150.42
238.00 183.00 0.00 1.00 121.99
90.00 249.00 1.00 1.00 32.23
190.00 242.00 0.00 4.00 98.53
243.00 237.00 0.00 5.00 106.91
244.00 239.00 1.00 3.00 150.95
249.00 77.00 0.00 4.00 131.65
237.00 243.00 0.00 4.00 164.67
236.00 68.00 0.00 5.00 47.58
236.00 245.00 1.00 3.00 48.70
98.00 247.00 0.00 5.00 81.74
240.00 245.00 1.00 1.00 98.12
215.00 17.00 1.00 4.00 59.63
246.00 237.00 1.00 1.00 182.64
237.00 220.00 1.00 2.00 78.82
216.00 46.00 1.00 5.00 132.58
248.00 242.00 0.00 1.00 105.95
247.00 52.00 0.00 1.00 31.46
171.00 89.00 0.00 5.00 125.80
213.00 248.00 0.00 5.00 186.41
210.00 169.00 0.00 3.00 156.38
221.00 251.00 0.00 1.00 192.90
133.00 247.00 1.00 2.00 177.12
220.00 85.00 1.00 5.00 108.55
237.00 249.00 1.00 1.00 159.04
96.00 243.00 0.00 5.00 58.32
242.00 218.00 0.00 5.00 72.58
249.00 241.00 0.00 2.00 189.88
233.00 250.00 0.00 4.00 32.24
240.00 57.00 1.00 1.00 163.63
71.00 63.00 1.00 4.00 194.31
240.00 142.00 0.00 5.00 190.31
210.00 128.00 1.00 1.00 100.79
251.00 23.00 1.00 2.00 38.18
4.00 237.00 0.00 3.00 112.31
251.00 239.00 1.00 1.00 139.30
200.00 238.00 1.00 5.00 180.15
239.00 130.00 1.00 3.00 143.09
237.00 243.00 1.00 5.00 131.66
248.00 2.00 0.00 5.00 122.51
244.00 238.00 1.00 3.00 169.33
246.00 23.00 1.00 5.00 131.38
243.00 47.00 1.00 2.00 197.09
242.00 178.00 0.00 4.00 194.83
156.00 237.00 1.00 3.00 119.07
239.00 244.00 1.00 3.00 103.99
236.00 244.00 1.00 1.00 151.78
237.00 249.00 0.00 3.00 128.87
21.00 239.00 1.00 2.00 47.96
249.00 243.00 1.00 2.00 169.82
246.00 204.00 1.00 5.00 92.34
239.00 171.00 0.00 5.00 58.99
123.00 110.00 1.00 1.00 57.48
159.00 251.00 1.00 2.00 90.60
158.00 78.00 0.00 4.00 143.77
243.00 246.00 1.00 3.00 37.28
240.00 244.00 1.00 2.00 64.74
248.00 110.00 0.00 5.00 63.55
244.00 250.00 0.00 5.00 84.76
242.00 249.00 1.00 4.00 145.13
247.00 79.00 1.00 5.00 136.56
143.00 247.00 1.00 3.00 151.41
78.00 188.00 1.00 4.00 192.70
237.00 91.00 0.00 3.00 37.49
241.00 249.00 1.00 2.00 162.41
33.00 250.00 0.00 3.00 112.25
194.00 251.00 0.00 5.00 72.64
226.00 250.00 1.00 1.00 99.12
183.00 85.00 0.00 3.00 176.15
138.00 126.00 1.00 5.00 100.36
247.00 195.00 0.00 2.00 159.64
250.00 7.00 1.00 5.00 117.34
246.00 137.00 0.00 2.00 189.94
55.00 14.00 1.00 3.00 62.62
240.00 245.00 0.00 2.00 41.86
240.00 248.00 1.00 4.00 109.20
247.00 58.00 0.00 2.00 138.19
239.00 250.00 0.00 4.00 107.56
245.00 23.00 0.00 4.00 100.95
239.00 140.00 0.00 5.00 61.03
248.00 122.00 0.00 1.00 175.37
60.00 236.00 1.00 1.00 154.60
40.00 251.00 1.00 5.00 49.02
251.00 165.00 1.00 5.00 75.43
241.00 131.00 0.00 2.00 65.64
207.00 243.00 0.00 3.00 155.80
249.00 242.00 1.00 5.00 114.63
249.00 77.00 0.00 1.00 53.49
236.00 2.00 1.00 3.00 164.12
249.00 242.00 1.00 2.00 39.69
240.00 212.00 1.00 5.00 139.16
248.00 242.00 1.00 1.00 168.09
247.00 88.00 1.00 4.00 108.21
242.00 250.00 1.00 2.00 196.76
175.00 239.00 1.00 3.00 57.23
247.00 236.00 1.00 4.00 190.63
150.00 60.00 0.00 4.00 106.90
238.00 156.00 1.00 5.00 84.63
183.00 236.00 0.00 3.00 60.51
236.00 122.00 0.00 1.00 95.94
214.00 205.00 1.00 5.00 140.04
249.00 242.00 0.00 1.00 197.77
163.00 144.00 0.00 2.00 178.60
244.00 237.00 0.00 5.00 172.29
65.00 83.00 0.00 2.00 70.74
19.00 250.00 0.00 5.00 46.44
241.00 69.00 0.00 1.00 110.66
250.00 240.00 0.00 5.00 77.46
238.00 218.00 0.00 5.00 163.48
244.00 241.00 0.00 5.00 135.04
245.00 237.00 1.00 2.00 94.08
243.00 237.00 1.00 2.00 150.04
67.00 183.00 0.00 4.00 121.01
241.00 55.00 0.00 1.00 152.91
129.00 244.00 0.00 3.00 82.68
74.00 240.00 1.00 1.00 196.46
148.00 82.00 0.00 3.00 134.95
20.00 248.00 0.00 5.00 36.19
150.00 245.00 0.00 1.00 56.51
178.00 75.00 1.00 3.00 52.36
237.00 248.00 1.00 3.00 132.02
58.00 198.00 0.00 2.00 159.18
236.00 74.00 0.00 2.00 115.88
122.00 32.00 1.00 3.00 47.34
141.00 244.00 0.00 5.00 136.50
179.00 239.00 0.00 3.00 125.52
238.00 216.00 0.00 4.00 58.87
77.00 239.00 0.00 3.00 84.28
142.00 241.00 1.00 5.00 104.61
171.00 248.00 0.00 1.00 111.69
127.00 244.00 0.00 4.00 109.74
237.00 248.00 1.00 2.00 36.92
217.00 238.00 0.00 2.00 116.54
44.00 250.00 1.00 3.00 98.65
83.00 251.00 1.00 3.00 127.10
35.00 241.00 0.00 1.00 191.28
39.00 171.00 0.00 4.00 40.64
239.00 251.00 1.00 3.00 74.34
236.00 247.00 0.00 3.00 75.55
249.00 193.00 0.00 2.00 114.82
244.00 43.00 1.00 1.00 128.56
198.00 247.00 0.00 5.00 192.39
180.00 41.00 1.00 2.00 144.76
30.00 194.00 0.00 4.00 107.93
184.00 220.00 1.00 4.00 125.79
68.00 139.00 0.00 1.00 51.38
18.00 133.00 1.00 4.00 48.56
246.00 236.00 1.00 5.00 88.83
6.00 250.00 0.00 4.00 90.50
89.00 138.00 1.00 2.00 101.01
246.00 33.00 1.00 4.00 77.63
248.00 108.00 0.00 2.00 85.24
137.00 242.00 1.00 2.00 80.59
240.00 249.00 1.00 2.00 90.53
243.00 246.00 1.00 5.00 61.47
236.00 2.00 1.00 5.00 130.12
58.00 40.00 1.00 1.00 150.60
251.00 62.00 0.00 3.00 191.59
237.00 139.00 0.00 2.00 143.79
76.00 63.00 1.00 4.00 113.32
218.00 246.00 1.00 4.00 182.50
220.00 160.00 0.00 4.00 93.65
19.00 240.00 0.00 1.00 77.80
240.00 200.00 0.00 5.00 149.66
5.00 141.00 1.00 4.00 120.95
242.00 201.00 0.00 4.00 33.27
248.00 102.00 0.00 1.00 170.92
238.00 52.00 1.00 2.00 133.32
133.00 77.00 0.00 3.00 102.71
249.00 242.00 0.00 2.00 71.87
28.00 112.00 0.00 5.00 185.14
103.00 66.00 1.00 2.00 199.42
66.00 98.00 1.00 5.00 96.50
84.00 249.00 0.00 3.00 199.67
89.00 236.00 0.00 1.00 150.36
239.00 180.00 0.00 3.00 141.39
0.00 246.00 0.00 1.00 157.43
150.00 181.00 1.00 2.00 118.20
245.00 236.00 1.00 2.00 88.40
248.00 77.00 1.00 4.00 156.03
103.00 72.00 0.00 5.00 31.47
98.00 192.00 1.00 5.00 66.83
239.00 197.00 0.00 2.00 175.29
248.00 240.00 1.00 3.00 76.35
11.00 251.00 1.00 3.00 105.57
242.00 82.00 1.00 2.00 108.23
212.00 185.00 1.00 1.00 42.02
51.00 156.00 1.00 5.00 44.43
238.00 211.00 1.00 2.00 69.33
240.00 171.00 0.00 4.00 165.82
77.00 243.00 0.00 5.00 160.55
247.00 239.00 1.00 4.00 135.03
237.00 127.00 0.00 4.00 96.90
240.00 249.00 1.00 2.00 137.13
250.00 241.00 0.00 1.00 172.34
238.00 251.00 1.00 1.00 136.04
248.00 241.00 1.00 5.00 129.22
245.00 11.00 1.00 4.00 53.11
162.00 241.00 0.00 1.00 151.80
173.00 242.00 1.00 3.00 157.63
239.00 251.00 0.00 1.00 96.30
248.00 241.00 0.00 2.00 191.28
189.00 107.00 1.00 4.00 120.17
247.00 238.00 0.00 3.00 183.74
108.00 251.00 1.00 4.00 101.34
186.00 241.00 0.00 4.00 153.59
250.00 9.00 1.00 3.00 145.23
237.00 162.00 0.00 2.00 93.34
240.00 101.00 1.00 4.00 197.24
223.00 3.00 1.00 2.00 35.47
22.00 4.00 0.00 3.00 112.64
100.00 68.00 1.00 2.00 47.51
140.00 12.00 0.00 1.00 42.41
194.00 243.00 0.00 2.00 61.42
237.00 205.00 1.00 2.00 175.24
150.00 250.00 1.00 5.00 94.40
246.00 34.00 0.00 1.00 100.76
237.00 247.00 1.00 1.00 116.45
251.00 239.00 0.00 3.00 170.11
136.00 245.00 1.00 5.00 73.05
247.00 139.00 1.00 2.00 84.96
245.00 243.00 0.00 1.00 172.59
250.00 49.00 1.00 3.00 190.59
195.00 121.00 1.00 2.00 57.61
195.00 249.00 1.00 3.00 129.04
251.00 245.00 1.00 2.00 167.45
237.00 251.00 0.00 3.00 56.68
125.00 245.00 0.00 4.00 185.96
80.00 65.00 1.00 3.00 129.29
243.00 250.00 0.00 1.00 71.03
235.00 148.00 1.00 4.00 163.09
83.00 142.00 1.00 2.00 116.73
82.00 245.00 1.00 4.00 96.03
238.00 248.00 1.00 2.00 174.42
239.00 249.00 1.00 4.00 101.93
241.00 132.00 0.00 5.00 56.79
243.00 244.00 0.00 5.00 169.07
107.00 249.00 0.00 3.00 30.44
224.00 243.00 1.00 5.00 96.09
248.00 45.00 1.00 3.00 195.51
89.00 72.00 1.00 2.00 165.34
236.00 243.00 1.00 5.00 89.30
240.00 251.00 0.00 1.00 36.47
183.00 160.00 1.00 4.00 170.11
19.00 130.00 0.00 1.00 65.06
218.00 81.00 1.00 3.00 147.78
244.00 88.00 0.00 4.00 71.62
221.00 113.00 1.00 3.00 71.83
236.00 221.00 0.00 2.00 97.42
200.00 228.00 0.00 1.00 85.43
7.00 244.00 1.00 4.00 176.11
238.00 155.00 0.00 1.00 87.09
64.00 151.00 0.00 3.00 172.24
59.00 101.00 1.00 1.00 185.11
251.00 239.00 1.00 5.00 179.86
212.00 3.00 1.00 2.00 73.65
44.00 237.00 1.00 2.00 195.75
235.00 158.00 1.00 1.00 46.46
236.00 244.00 0.00 3.00 113.45
243.00 250.00 0.00 5.00 96.02
97.00 250.00 0.00 3.00 149.46
238.00 100.00 0.00 1.00 194.77
46.00 191.00 0.00 5.00 90.00
247.00 152.00 0.00 3.00 42.51
39.00 226.00 1.00 1.00 146.42
65.00 202.00 0.00 5.00 63.04
237.00 246.00 0.00 4.00 151.28
238.00 53.00 0.00 1.00 77.85
239.00 250.00 1.00 3.00 61.82
238.00 112.00 0.00 5.00 78.13
142.00 247.00 0.00 5.00 82.69
247.00 236.00 1.00 3.00 130.79
183.00 42.00 0.00 4.00 70.77
87.00 250.00 0.00 4.00 94.15
1.00 142.00 0.00 3.00 152.44
240.00 63.00 1.00 1.00 113.11
31.00 215.00 1.00 5.00 82.73
238.00 249.00 1.00 5.00 68.36
245.00 70.00 1.00 3.00 91.71
130.00 239.00 1.00 4.00 101.67
103.00 242.00 0.00 3.00 106.24
219.00 249.00 0.00 4.00 159.42
240.00 104.00 0.00 1.00 184.40
241.00 248.00 0.00 2.00 146.55
9.00 250.00 1.00 3.00 127.06
223.00 188.00 0.00 4.00 187.10
235.00 237.00 0.00 2.00 101.29
160.00 238.00 0.00 2.00 136.49
181.00 250.00 1.00 1.00 48.66
221.00 53.00 1.00 4.00 54.02
241.00 12.00 1.00 4.00 136.51
29.00 244.00 1.00 3.00 100.76
38.00 201.00 0.00 3.00 58.62
247.00 238.00 0.00 5.00 75.93
9.00 251.00 0.00 4.00 194.53
245.00 105.00 0.00 5.00 150.15
66.00 139.00 1.00 5.00 76.12
96.00 241.00 1.00 2.00 54.76
147.00 50.00 0.00 4.00 102.90
89.00 237.00 1.00 2.00 181.17
138.00 230.00 0.00 5.00 74.25
237.00 248.00 1.00 4.00 113.38
55.00 111.00 1.00 1.00 191.01
51.00 241.00 0.00 3.00 154.49
244.00 243.00 1.00 3.00 199.03
97.00 29.00 1.00 2.00 132.90
242.00 245.00 0.00 3.00 57.64
163.00 93.00 0.00 3.00 130.48
56.00 248.00 1.00 5.00 151.34
41.00 245.00 0.00 1.00 199.09
86.00 240.00 0.00 3.00 32.07
151.00 11.00 1.00 1.00 105.71
238.00 250.00 1.00 5.00 137.17
233.00 242.00 1.00 4.00 149.95
158.00 238.00 1.00 4.00 89.56
151.00 216.00 1.00 5.00 140.43
241.00 245.00 0.00 5.00 51.02
170.00 250.00 0.00 5.00 137.86
248.00 238.00 1.00 4.00 101.28
18.00 244.00 1.00 4.00 124.32
109.00 239.00 0.00 3.00 41.95
109.00 100.00 0.00 1.00 116.27
245.00 77.00 0.00 4.00 97.22
246.00 20.00 1.00 4.00 136.89
204.00 76.00 1.00 2.00 69.48
244.00 96.00 1.00 5.00 174.35
217.00 242.00 0.00 1.00 60.89
58.00 247.00 0.00 3.00 139.19
247.00 239.00 1.00 5.00 86.88
237.00 180.00 0.00 5.00 50.19
237.00 172.00 1.00 3.00 112.58
228.00 219.00 1.00 5.00 38.66
99.00 181.00 0.00 1.00 91.95
241.00 90.00 0.00 2.00 90.19
247.00 20.00 0.00 4.00 73.22
108.00 96.00 0.00 4.00 31.17
132.00 243.00 0.00 4.00 61.57
248.00 29.00 1.00 4.00 56.78
245.00 236.00 0.00 2.00 199.08
250.00 243.00 1.00 1.00 182.55
243.00 165.00 0.00 1.00 144.50
231.00 200.00 1.00 1.00 100.97
251.00 242.00 0.00 2.00 149.64
26.00 250.00 1.00 1.00 95.76
246.00 243.00 1.00 4.00 105.22
143.00 242.00 1.00 4.00 156.23
238.00 249.00 0.00 4.00 81.55
238.00 251.00 1.00 3.00 168.00
238.00 248.00 0.00 1.00 117.84
104.00 28.00 1.00 4.00 152.70
247.00 213.00 1.00 3.00 32.61
248.00 53.00 1.00 3.00 34.84
13.00 246.00 1.00 4.00 78.21
251.00 245.00 0.00 3.00 142.78
243.00 236.00 0.00 3.00 30.65
182.00 245.00 1.00 4.00 34.01
241.00 248.00 1.00 1.00 96.68
121.00 251.00 1.00 3.00 187.60
248.00 242.00 1.00 3.00 61.25
242.00 246.00 0.00 5.00 66.14
236.00 147.00 1.00 2.00 33.85
239.00 71.00 0.00 1.00 102.18
240.00 43.00 0.00 2.00 46.82
141.00 100.00 0.00 1.00 194.96
1.00 246.00 1.00 1.00 140.30
245.00 236.00 0.00 2.00 168.27
219.00 113.00 1.00 3.00 47.52
195.00 251.00 1.00 5.00 150.56
245.00 251.00 1.00 1.00 49.96
34.00 248.00 1.00 2.00 87.42
247.00 239.00 0.00 1.00 198.58
238.00 250.00 0.00 3.00 104.81
212.00 180.00 0.00 5.00 152.49
247.00 236.00 0.00 1.00 73.55
242.00 244.00 1.00 2.00 130.17
246.00 227.00 1.00 4.00 68.86
238.00 244.00 1.00 2.00 80.14
111.00 198.00 1.00 3.00 111.84
250.00 236.00 0.00 5.00 123.96
146.00 237.00 1.00 1.00 69.05
239.00 159.00 0.00 1.00 168.49
241.00 232.00 0.00 5.00 115.46
139.00 178.00 0.00 4.00 93.56
249.00 167.00 1.00 3.00 151.48
202.00 243.00 1.00 1.00 186.26
86.00 244.00 1.00 3.00 98.31
163.00 176.00 1.00 4.00 185.43
120.00 240.00 0.00 5.00 40.37
244.00 241.00 0.00 4.00 90.97
249.00 236.00 0.00 2.00 141.60
244.00 238.00 0.00 3.00 184.21
16.00 237.00 0.00 4.00 65.27
238.00 250.00 1.00 5.00 131.79
240.00 244.00 0.00 4.00 35.60
247.00 115.00 1.00 1.00 30.25
250.00 243.00 0.00 3.00 140.76
245.00 196.00 0.00 1.00 60.23
158.00 236.00 0.00 2.00 160.42
238.00 149.00 0.00 5.00 95.65
250.00 237.00 1.00 5.00 97.85
245.00 208.00 1.00 5.00 40.32
243.00 125.00 1.00 4.00 180.97
64.00 6.00 1.00 2.00 129.53
138.00 237.00 1.00 1.00 79.70
241.00 246.00 1.00 4.00 139.17
239.00 125.00 0.00 4.00 155.40
244.00 237.00 1.00 2.00 51.09
240.00 246.00 1.00 2.00 170.46
106.00 249.00 0.00 4.00 45.62
243.00 49.00 1.00 5.00 46.80
243.00 124.00 1.00 4.00 197.75
166.00 227.00 0.00 1.00 78.03
248.00 240.00 1.00 4.00 185.51
251.00 239.00 1.00 5.00 138.50
246.00 236.00 0.00 1.00 69.43
191.00 246.00 0.00 5.00 67.47
250.00 220.00 1.00 4.00 139.37
246.00 91.00 0.00 3.00 56.43
116.00 242.00 1.00 5.00 88.34
170.00 193.00 1.00 1.00 167.82
113.00 224.00 0.00 5.00 30.46
40.00 137.00 0.00 1.00 156.90
62.00 73.00 1.00 2.00 187.20
236.00 26.00 1.00 4.00 141.81
219.00 204.00 1.00 4.00 122.10
22.00 0.00 0.00 3.00 135.81
242.00 189.00 1.00 2.00 197.32
240.00 132.00 1.00 4.00 170.39
251.00 21.00 1.00 5.00 146.96
92.00 193.00 0.00 5.00 44.31
149.00 248.00 1.00 2.00 82.60
25.00 201.00 0.00 3.00 71.88
70.00 187.00 1.00 2.00 49.84
240.00 245.00 1.00 2.00 85.07
245.00 237.00 1.00 4.00 179.20
247.00 145.00 0.00 4.00 66.12
238.00 244.00 0.00 5.00 167.83
239.00 245.00 1.00 5.00 182.16
26.00 221.00 0.00 1.00 62.72
249.00 236.00 1.00 5.00 116.45
246.00 94.00 0.00 5.00 115.51
238.00 248.00 1.00 5.00 172.55
158.00 32.00 1.00 3.00 39.00
197.00 246.00 0.00 1.00 123.81
251.00 196.00 0.00 4.00 176.67
14.00 246.00 1.00 4.00 46.36
246.00 242.00 0.00 4.00 127.25
249.00 241.00 1.00 1.00 167.47
248.00 240.00 1.00 4.00 192.80
249.00 119.00 0.00 1.00 119.60
250.00 135.00 0.00 4.00 123.32
199.00 251.00 0.00 2.00 106.91
26.00 244.00 0.00 4.00 51.55
236.00 244.00 0.00 1.00 126.69
246.00 155.00 1.00 5.00 133.91
246.00 102.00 0.00 5.00 171.11
242.00 246.00 1.00 5.00 39.77
137.00 71.00 1.00 3.00 36.83
239.00 15.00 0.00 3.00 100.34
240.00 186.00 0.00 2.00 88.30
186.00 242.00 0.00 5.00 48.79
246.00 154.00 0.00 4.00 185.03
242.00 100.00 0.00 5.00 67.84
148.00 246.00 0.00 1.00 136.37
207.00 239.00 0.00 2.00 45.67
56.00 199.00 0.00 5.00 174.57
71.00 239.00 1.00 5.00 151.47
242.00 59.00 0.00 4.00 141.11
15.00 122.00 0.00 4.00 133.36
222.00 156.00 0.00 5.00 76.92
153.00 242.00 1.00 4.00 186.92
188.00 242.00 1.00 2.00 121.33
245.00 127.00 1.00 2.00 99.67
245.00 120.00 1.00 5.00 127.55
250.00 242.00 1.00 4.00 128.95
47.00 246.00 0.00 1.00 160.26
242.00 247.00 1.00 5.00 187.52
250.00 238.00 0.00 5.00 136.21
86.00 12.00 0.00 3.00 152.57
19.00 242.00 1.00 5.00 96.83
238.00 251.00 0.00 3.00 107.06
119.00 74.00 0.00 5.00 140.48
55.00 238.00 1.00 2.00 132.32
242.00 250.00 1.00 1.00 140.08
49.00 248.00 0.00 1.00 152.64
247.00 204.00 1.00 1.00 196.30
5.00 238.00 1.00 1.00 96.20
9.00 237.00 0.00 2.00 118.87
245.00 236.00 1.00 3.00 62.13
251.00 31.00 1.00 5.00 77.45
171.00 241.00 1.00 5.00 128.88
78.00 177.00 1.00 4.00 146.93
185.00 180.00 0.00 4.00 137.87
248.00 238.00 1.00 4.00 73.45
230.00 135.00 0.00 2.00 45.74
38.00 214.00 0.00 3.00 143.85
216.00 236.00 0.00 5.00 197.49
104.00 230.00 1.00 5.00 196.05
238.00 244.00 0.00 3.00 76.56
196.00 249.00 0.00 4.00 73.98
246.00 3.00 1.00 5.00 96.13
251.00 29.00 1.00 1.00 114.06
134.00 238.00 0.00 4.00 138.70
63.00 243.00 1.00 3.00 142.99
120.00 19.00 1.00 5.00 174.89
249.00 167.00 1.00 4.00 90.97
248.00 142.00 1.00 4.00 53.14
40.00 249.00 0.00 5.00 68.12
250.00 236.00 1.00 4.00 63.44
32.00 178.00 0.00 2.00 121.34
237.00 178.00 1.00 2.00 168.54
148.00 7.00 1.00 3.00 97.59
244.00 243.00 0.00 2.00 47.90
143.00 248.00 0.00 3.00 142.05
136.00 225.00 0.00 4.00 120.21
216.00 238.00 0.00 3.00 83.45
242.00 251.00 0.00 2.00 169.81
244.00 242.00 1.00 2.00 115.06
49.00 243.00 1.00 5.00 111.40
146.00 247.00 1.00 2.00 114.06
240.00 244.00 1.00 2.00 86.92
251.00 182.00 0.00 4.00 147.80
239.00 172.00 1.00 2.00 172.07
23.00 176.00 0.00 1.00 173.47
248.00 166.00 0.00 1.00 133.52
242.00 246.00 0.00 1.00 57.14
238.00 227.00 0.00 5.00 48.54
251.00 244.00 1.00 5.00 49.79
148.00 209.00 0.00 2.00 166.54
250.00 172.00 1.00 5.00 78.17
7.00 173.00 0.00 4.00 189.81
21.00 238.00 0.00 2.00 166.48
240.00 117.00 1.00 3.00 122.11
250.00 237.00 1.00 1.00 75.55
239.00 174.00 1.00 2.00 34.55
250.00 137.00 1.00 4.00 49.69
72.00 249.00 1.00 4.00 161.97
248.00 238.00 0.00 5.00 91.52
106.00 129.00 0.00 2.00 44.71
245.00 61.00 0.00 3.00 189.93
139.00 251.00 1.00 4.00 54.45
243.00 68.00 0.00 1.00 84.94
187.00 37.00 0.00 1.00 59.28
233.00 250.00 0.00 1.00 107.94
238.00 250.00 1.00 4.00 39.28
1.00 221.00 0.00 3.00 173.94
202.00 90.00 0.00 3.00 104.30
217.00 42.00 0.00 1.00 79.29
241.00 247.00 0.00 1.00 83.93
207.00 246.00 1.00 2.00 152.82
238.00 251.00 0.00 2.00 184.24
184.00 192.00 0.00 4.00 52.93
237.00 245.00 0.00 2.00 148.99
230.00 175.00 1.00 2.00 43.53
239.00 89.00 0.00 3.00 195.18
192.00 239.00 0.00 1.00 174.69
250.00 77.00 1.00 5.00 64.46
239.00 249.00 1.00 3.00 33.00
245.00 25.00 0.00 3.00 101.39
245.00 242.00 0.00 3.00 58.26
204.00 243.00 0.00 3.00 131.63
247.00 54.00 1.00 4.00 171.80
245.00 242.00 1.00 4.00 187.38
239.00 245.00 1.00 3.00 86.40
167.00 245.00 1.00 3.00 186.15
81.00 202.00 0.00 5.00 90.72
242.00 112.00 1.00 3.00 48.65
58.00 250.00 1.00 5.00 104.35
245.00 160.00 1.00 2.00 58.80
247.00 240.00 1.00 5.00 62.70
12.00 240.00 1.00 5.00 174.67
134.00 95.00 1.00 5.00 110.02
237.00 113.00 1.00 2.00 142.40
251.00 238.00 1.00 5.00 57.53
251.00 245.00 0.00 2.00 155.35
85.00 246.00 1.00 2.00 190.24
242.00 251.00 1.00 2.00 148.95
112.00 115.00 1.00 2.00 145.56
104.00 237.00 1.00 1.00 92.32
39.00 243.00 1.00 1.00 52.03
243.00 71.00 1.00 3.00 105.94
245.00 243.00 0.00 3.00 102.29
23.00 194.00 0.00 5.00 51.11
166.00 18.00 1.00 3.00 81.92
176.00 24.00 1.00 2.00 70.15
161.00 242.00 1.00 1.00 82.03
240.00 250.00 1.00 4.00 162.83
244.00 42.00 1.00 3.00 116.17
242.00 19.00 1.00 5.00 101.93
147.00 102.00 0.00 4.00 183.35
247.00 186.00 0.00 2.00 60.26
208.00 247.00 0.00 4.00 152.62
29.00 119.00 0.00 4.00 183.31
250.00 236.00 0.00 2.00 103.20
112.00 188.00 0.00 1.00 175.44
57.00 250.00 0.00 3.00 68.88
53.00 236.00 0.00 1.00 66.15
247.00 237.00 0.00 4.00 91.95
32.00 245.00 1.00 3.00 63.35
9.00 103.00 1.00 2.00 142.85
247.00 237.00 1.00 5.00 30.39
243.00 246.00 0.00 1.00 90.62
241.00 246.00 1.00 2.00 142.87
239.00 249.00 1.00 2.00 145.43
236.00 245.00 0.00 4.00 135.79
243.00 245.00 1.00 3.00 145.29
7.00 236.00 0.00 3.00 186.35
148.00 239.00 0.00 1.00 179.42
93.00 152.00 0.00 4.00 91.24
70.00 56.00 1.00 1.00 120.69
125.00 246.00 0.00 2.00 148.92
239.00 160.00 0.00 5.00 163.36
151.00 251.00 0.00 4.00 153.46
249.00 140.00 1.00 1.00 34.12
57.00 116.00 0.00 1.00 171.61
241.00 41.00 0.00 1.00 131.89
245.00 173.00 0.00 5.00 155.46
202.00 247.00 0.00 1.00 124.24
17.00 142.00 1.00 1.00 86.05
251.00 218.00 1.00 4.00 147.20
218.00 61.00 0.00 4.00 73.50
3.00 65.00 1.00 1.00 191.66
238.00 246.00 1.00 3.00 157.37
171.00 35.00 1.00 3.00 100.72
108.00 11.00 1.00 3.00 123.68
108.00 93.00 1.00 4.00 163.04
79.00 239.00 1.00 4.00 71.31
27.00 0.00 0.00 4.00 128.47
243.00 236.00 1.00 4.00 170.78
244.00 159.00 0.00 3.00 72.13
56.00 244.00 0.00 1.00 95.77
213.00 236.00 1.00 3.00 53.49
235.00 151.00 0.00 1.00 88.02
231.00 246.00 1.00 3.00 174.72
124.00 231.00 1.00 4.00 65.20
179.00 213.00 0.00 1.00 59.21
176.00 247.00 0.00 4.00 66.98
73.00 233.00 1.00 1.00 141.53
114.00 209.00 1.00 1.00 40.09
162.00 29.00 1.00 2.00 104.05
243.00 64.00 0.00 5.00 102.33
145.00 230.00 1.00 2.00 184.97
84.00 241.00 1.00 4.00 136.33
242.00 251.00 0.00 5.00 57.54
239.00 246.00 0.00 1.00 170.05
236.00 247.00 1.00 3.00 155.61
250.00 153.00 0.00 4.00 157.77
43.00 246.00 1.00 4.00 71.96
227.00 245.00 1.00 4.00 44.15
249.00 185.00 0.00 3.00 138.62
94.00 23.00 0.00 1.00 41.73
164.00 28.00 0.00 1.00 37.11
244.00 236.00 0.00 1.00 80.38
9.00 243.00 1.00 1.00 164.48
118.00 221.00 1.00 3.00 126.67
240.00 162.00 0.00 5.00 155.08
165.00 229.00 0.00 4.00 66.22
242.00 17.00 0.00 3.00 61.64
240.00 249.00 0.00 1.00 54.53
61.00 242.00 1.00 2.00 185.25
197.00 246.00 1.00 2.00 69.67
59.00 204.00 0.00 4.00 87.27
76.00 179.00 1.00 2.00 137.54
244.00 89.00 0.00 4.00 191.47
248.00 239.00 0.00 5.00 152.15
242.00 37.00 1.00 2.00 95.17
245.00 119.00 0.00 5.00 45.36
238.00 215.00 1.00 3.00 172.79
242.00 52.00 0.00 3.00 146.97
248.00 238.00 0.00 4.00 79.93
38.00 249.00 1.00 3.00 138.67
241.00 5.00 0.00 2.00 41.76
36.00 247.00 0.00 3.00 91.18
12.00 248.00 1.00 4.00 80.37
28.00 37.00 0.00 5.00 113.46
154.00 26.00 1.00 1.00 149.18
150.00 237.00 1.00 5.00 192.25
249.00 33.00 0.00 2.00 86.77
191.00 172.00 1.00 5.00 98.66
156.00 244.00 0.00 4.00 176.46
211.00 156.00 1.00 3.00 88.95
201.00 102.00 1.00 5.00 98.52
243.00 56.00 0.00 3.00 56.35
207.00 95.00 1.00 1.00 165.17
238.00 250.00 0.00 5.00 92.87
69.00 238.00 0.00 3.00 93.71
156.00 138.00 0.00 3.00 195.61
245.00 26.00 0.00 3.00 175.16
238.00 247.00 1.00 3.00 126.27
60.00 153.00 1.00 4.00 109.26
236.00 82.00 0.00 5.00 173.62
237.00 206.00 0.00 2.00 120.69
239.00 244.00 0.00 1.00 103.65
240.00 60.00 1.00 4.00 136.11
230.00 243.00 1.00 4.00 33.27
238.00 125.00 1.00 1.00 65.60
238.00 91.00 1.00 3.00 81.89
246.00 241.00 0.00 5.00 185.97
246.00 239.00 0.00 5.00 88.02
77.00 246.00 0.00 2.00 41.52
247.00 5.00 1.00 3.00 125.05
113.00 248.00 1.00 3.00 35.78
134.00 247.00 1.00 1.00 154.10
19.00 239.00 1.00 3.00 127.44
247.00 237.00 0.00 2.00 86.81
218.00 112.00 0.00 3.00 171.98
208.00 251.00 1.00 5.00 113.06
236.00 211.00 1.00 5.00 149.00
241.00 251.00 1.00 2.00 186.48
194.00 150.00 1.00 2.00 113.06
98.00 145.00 1.00 2.00 87.89
240.00 250.00 0.00 3.00 131.96
244.00 250.00 0.00 4.00 133.96
244.00 151.00 0.00 3.00 91.26
245.00 86.00 1.00 1.00 109.35
239.00 161.00 0.00 5.00 123.29
46.00 237.00 1.00 5.00 76.45
189.00 59.00 1.00 5.00 190.41
5.00 20.00 0.00 2.00 163.09
29.00 245.00 1.00 2.00 187.00
241.00 232.00 1.00 5.00 192.06
189.00 250.00 1.00 1.00 157.86
245.00 240.00 0.00 1.00 194.11
203.00 242.00 1.00 1.00 117.72
247.00 240.00 1.00 3.00 181.43
242.00 250.00 0.00 5.00 84.58
145.00 152.00 0.00 4.00 98.40
237.00 249.00 1.00 2.00 62.79
247.00 199.00 0.00 3.00 46.28
238.00 247.00 0.00 3.00 118.49
75.00 145.00 0.00 2.00 105.77
246.00 48.00 0.00 4.00 75.04
50.00 176.00 1.00 1.00 94.04
244.00 237.00 0.00 2.00 179.02
178.00 250.00 1.00 1.00 148.15
148.00 159.00 0.00 4.00 70.45
239.00 247.00 0.00 2.00 179.28
246.00 240.00 1.00 2.00 44.44
236.00 243.00 0.00 3.00 63.19
251.00 185.00 1.00 3.00 167.27
244.00 251.00 1.00 2.00 35.40
213.00 44.00 1.00 2.00 197.26
245.00 45.00 1.00 3.00 103.54
113.00 30.00 0.00 3.00 64.66
241.00 110.00 1.00 4.00 145.89
4.00 68.00 0.00 1.00 129.81
35.00 230.00 0.00 2.00 137.76
221.00 137.00 1.00 1.00 141.33
242.00 247.00 0.00 1.00 150.66
179.00 51.00 1.00 1.00 145.78
228.00 194.00 1.00 4.00 84.29
237.00 93.00 0.00 1.00 77.82
228.00 244.00 1.00 2.00 33.95
236.00 250.00 0.00 1.00 49.43
243.00 251.00 1.00 1.00 116.51
237.00 165.00 0.00 1.00 120.12
251.00 236.00 1.00 3.00 33.69
251.00 241.00 1.00 1.00 182.68
187.00 251.00 1.00 1.00 58.40
34.00 130.00 1.00 5.00 109.90
242.00 249.00 1.00 4.00 115.77
242.00 250.00 1.00 5.00 79.71
59.00 248.00 0.00 1.00 158.53
208.00 250.00 0.00 5.00 74.83
251.00 244.00 1.00 2.00 35.18
229.00 146.00 0.00 3.00 177.49
18.00 247.00 1.00 5.00 72.09
109.00 190.00 1.00 3.00 151.11
69.00 227.00 1.00 1.00 129.92
14.00 157.00 0.00 4.00 116.58
238.00 245.00 0.00 2.00 111.29
241.00 208.00 0.00 3.00 102.84
21.00 241.00 1.00 3.00 104.31
24.00 209.00 1.00 2.00 136.08
143.00 0.00 0.00 3.00 141.97
69.00 191.00 1.00 2.00 46.92
129.00 249.00 0.00 4.00 105.07
157.00 124.00 1.00 1.00 167.96
246.00 195.00 1.00 3.00 183.28
68.00 60.00 1.00 3.00 70.78
237.00 4.00 1.00 2.00 167.25
58.00 85.00 1.00 2.00 194.37
131.00 168.00 0.00 4.00 34.14
237.00 213.00 1.00 5.00 36.52
44.00 238.00 0.00 2.00 172.19
101.00 240.00 0.00 2.00 145.46
135.00 193.00 1.00 2.00 179.65
4.00 143.00 0.00 2.00 30.32
132.00 241.00 0.00 1.00 113.03
250.00 239.00 1.00 1.00 36.96
237.00 40.00 0.00 1.00 80.33
244.00 78.00 1.00 1.00 39.10
243.00 245.00 1.00 1.00 107.51
8.00 137.00 1.00 4.00 142.22
248.00 40.00 0.00 5.00 89.42
28.00 4.00 1.00 2.00 177.23
244.00 2.00 0.00 4.00 100.84
233.00 243.00 1.00 3.00 166.32
220.00 242.00 0.00 5.00 37.34
155.00 94.00 1.00 4.00 143.68
92.00 237.00 1.00 2.00 81.75
125.00 195.00 0.00 2.00 87.83
61.00 244.00 1.00 3.00 77.86
5.00 105.00 0.00 4.00 192.05
246.00 239.00 0.00 1.00 127.99
107.00 28.00 1.00 2.00 56.02
177.00 52.00 0.00 1.00 71.66
250.00 84.00 0.00 5.00 108.45
166.00 247.00 1.00 1.00 179.05
225.00 185.00 1.00 2.00 183.14
246.00 31.00 0.00 4.00 143.83
4.00 67.00 0.00 2.00 105.43
180.00 249.00 1.00 3.00 141.65
237.00 38.00 0.00 1.00 119.71
169.00 200.00 1.00 4.00 163.38
247.00 150.00 0.00 5.00 57.75
238.00 179.00 1.00 3.00 115.33
242.00 138.00 0.00 5.00 97.93
238.00 212.00 1.00 3.00 42.20
238.00 128.00 0.00 2.00 82.14
47.00 251.00 0.00 3.00 37.73
242.00 247.00 0.00 4.00 49.19
156.00 251.00 0.00 3.00 70.46
247.00 236.00 0.00 4.00 191.25
242.00 117.00 0.00 5.00 193.11
30.00 99.00 0.00 2.00 103.99
250.00 44.00 0.00 4.00 181.65
248.00 48.00 0.00 1.00 34.87
238.00 251.00 0.00 3.00 128.55
52.00 236.00 0.00 1.00 150.16
248.00 106.00 0.00 5.00 195.50
244.00 251.00 0.00 3.00 148.14
248.00 238.00 1.00 2.00 65.54
172.00 128.00 0.00 4.00 158.73
32.00 113.00 1.00 3.00 123.47
242.00 248.00 1.00 4.00 153.06
243.00 246.00 0.00 4.00 64.60
34.00 221.00 1.00 5.00 133.91
240.00 246.00 0.00 2.00 114.06
165.00 57.00 0.00 4.00 134.28
115.00 239.00 0.00 1.00 130.95
236.00 244.00 0.00 1.00 190.37
251.00 133.00 1.00 5.00 190.33
249.00 236.00 1.00 3.00 162.05
82.00 248.00 0.00 5.00 119.43
236.00 99.00 1.00 2.00 161.68
247.00 136.00 1.00 3.00 107.92
249.00 242.00 1.00 5.00 171.65
172.00 241.00 1.00 4.00 48.86
166.00 243.00 1.00 2.00 109.61
220.00 60.00 0.00 3.00 45.03
84.00 229.00 0.00 3.00 106.50
245.00 114.00 0.00 5.00 195.87
140.00 88.00 1.00 1.00 170.80
113.00 238.00 1.00 2.00 146.55
251.00 73.00 0.00 3.00 106.35
239.00 250.00 0.00 3.00 110.50
218.00 238.00 1.00 1.00 176.66
100.00 251.00 1.00 2.00 191.60
213.00 248.00 0.00 2.00 73.06
244.00 243.00 1.00 3.00 45.48
187.00 52.00 0.00 1.00 96.22
47.00 243.00 1.00 1.00 62.78
236.00 135.00 1.00 4.00 118.26
224.00 33.00 0.00 3.00 133.10
186.00 5.00 1.00 3.00 43.68
72.00 48.00 1.00 1.00 67.00
219.00 0.00 0.00 2.00 188.18
250.00 242.00 1.00 3.00 81.94
100.00 249.00 1.00 4.00 94.78
22.00 91.00 1.00 2.00 126.96
243.00 245.00 1.00 2.00 112.48
48.00 105.00 0.00 1.00 86.36
237.00 168.00 1.00 4.00 45.03
64.00 5.00 1.00 3.00 146.45
71.00 167.00 0.00 3.00 110.10
147.00 245.00 0.00 3.00 163.69
243.00 247.00 0.00 4.00 104.08
238.00 245.00 0.00 2.00 182.50
242.00 151.00 0.00 1.00 101.45
250.00 242.00 0.00 5.00 143.87
243.00 175.00 1.00 3.00 170.81
242.00 251.00 0.00 2.00 152.69
230.00 177.00 1.00 2.00 120.67
237.00 42.00 1.00 2.00 148.05
231.00 243.00 0.00 1.00 95.56
236.00 234.00 0.00 3.00 73.95
17.00 251.00 0.00 5.00 154.01
245.00 239.00 0.00 1.00 107.78
48.00 251.00 0.00 3.00 44.37
249.00 243.00 1.00 2.00 196.13
62.00 243.00 0.00 2.00 68.18
65.00 43.00 0.00 3.00 77.61
248.00 86.00 1.00 1.00 190.21
218.00 193.00 0.00 5.00 178.43
240.00 216.00 0.00 3.00 163.45
72.00 249.00 1.00 3.00 39.12
191.00 242.00 0.00 3.00 66.25
47.00 19.00 1.00 2.00 52.65
249.00 56.00 1.00 4.00 111.27
181.00 240.00 0.00 3.00 104.81
241.00 147.00 0.00 2.00 177.46
238.00 150.00 0.00 5.00 58.67
245.00 90.00 0.00 3.00 62.93
239.00 247.00 1.00 3.00 164.76
32.00 189.00 1.00 4.00 108.27
238.00 173.00 0.00 3.00 78.30
200.00 47.00 1.00 4.00 106.62
0.00 156.00 1.00 3.00 108.68
236.00 251.00 1.00 5.00 109.32
193.00 241.00 1.00 2.00 99.88
195.00 170.00 1.00 1.00 120.69
250.00 238.00 0.00 4.00 56.29
3.00 64.00 1.00 4.00 46.29
85.00 148.00 0.00 4.00 73.31
241.00 181.00 0.00 4.00 99.29
166.00 240.00 1.00 3.00 65.18
242.00 202.00 0.00 4.00 192.08
148.00 127.00 0.00 3.00 53.41
245.00 243.00 1.00 5.00 146.76
199.00 238.00 0.00 1.00 93.43
50.00 251.00 1.00 5.00 66.53
50.00 195.00 1.00 2.00 129.83
141.00 134.00 1.00 2.00 124.98
0.00 248.00 0.00 5.00 54.88
199.00 240.00 0.00 5.00 36.28
236.00 115.00 0.00 4.00 98.59
236.00 249.00 1.00 1.00 183.95
132.00 239.00 1.00 5.00 102.43
206.00 244.00 0.00 4.00 59.94
242.00 250.00 1.00 3.00 159.49
234.00 242.00 1.00 2.00 106.03
243.00 170.00 0.00 4.00 171.69
72.00 244.00 1.00 4.00 91.46
248.00 73.00 0.00 1.00 154.11
221.00 250.00 1.00 1.00 190.17
236.00 103.00 0.00 2.00 141.84
244.00 250.00 0.00 4.00 172.06
63.00 241.00 1.00 2.00 119.75
231.00 123.00 1.00 4.00 171.03
46.00 144.00 1.00 3.00 147.85
21.00 239.00 0.00 5.00 34.16
249.00 72.00 0.00 5.00 136.53
251.00 240.00 1.00 1.00 79.51
239.00 145.00 1.00 1.00 46.78
54.00 122.00 0.00 3.00 198.21
10.00 244.00 1.00 3.00 33.91
75.00 250.00 0.00 1.00 175.71
244.00 228.00 1.00 4.00 45.55
246.00 112.00 1.00 4.00 47.14
132.00 243.00 0.00 4.00 109.77
238.00 246.00 1.00 1.00 191.43
66.00 245.00 1.00 2.00 176.99
9.00 245.00 1.00 1.00 176.97
71.00 240.00 0.00 2.00 130.69
242.00 111.00 1.00 2.00 60.38
36.00 237.00 0.00 3.00 193.98
96.00 16.00 1.00 5.00 172.28
243.00 245.00 1.00 5.00 169.59
190.00 155.00 1.00 1.00 182.68
140.00 248.00 1.00 4.00 189.34
239.00 72.00 0.00 1.00 189.05
237.00 245.00 1.00 3.00 153.26
238.00 37.00 0.00 3.00 149.93
251.00 80.00 1.00 5.00 181.31
221.00 160.00 0.00 5.00 138.75
248.00 12.00 1.00 4.00 198.23
226.00 148.00 1.00 1.00 117.80
83.00 197.00 0.00 4.00 173.51
239.00 249.00 0.00 2.00 57.97
241.00 251.00 0.00 2.00 90.15
124.00 189.00 1.00 3.00 164.18
246.00 238.00 1.00 3.00 118.46
107.00 249.00 0.00 1.00 97.23
84.00 251.00 1.00 4.00 149.16
144.00 216.00 0.00 3.00 64.28
241.00 222.00 0.00 1.00 57.68
243.00 184.00 1.00 5.00 113.39
158.00 14.00 1.00 1.00 196.87
51.00 242.00 0.00 5.00 50.23
236.00 250.00 0.00 3.00 50.68
13.00 35.00 0.00 3.00 32.36
243.00 249.00 1.00 1.00 50.57
50.00 20.00 0.00 4.00 150.42
78.00 236.00 0.00 5.00 117.63
134.00 243.00 1.00 4.00 81.13
236.00 229.00 0.00 3.00 109.03
68.00 10.00 0.00 1.00 183.82
203.00 239.00 0.00 3.00 198.04
166.00 242.00 0.00 3.00 105.33
37.00 240.00 1.00 2.00 148.41
89.00 157.00 0.00 3.00 104.82
23.00 166.00 0.00 1.00 124.38
111.00 100.00 0.00 5.00 67.70
244.00 241.00 1.00 5.00 31.11
249.00 239.00 0.00 3.00 169.46
238.00 244.00 1.00 2.00 175.97
126.00 242.00 0.00 5.00 30.74
245.00 236.00 0.00 5.00 194.57
247.00 220.00 0.00 1.00 55.08
15.00 243.00 0.00 4.00 69.98
101.00 243.00 1.00 1.00 44.06
108.00 240.00 1.00 5.00 157.18
223.00 174.00 1.00 1.00 197.81
242.00 248.00 1.00 5.00 123.90
99.00 69.00 1.00 2.00 52.58
238.00 244.00 1.00 4.00 176.74
179.00 237.00 1.00 2.00 184.94
35.00 172.00 1.00 2.00 91.08
175.00 149.00 1.00 1.00 62.54
248.00 51.00 1.00 4.00 164.60
179.00 242.00 1.00 1.00 141.47
249.00 169.00 0.00 1.00 92.95
241.00 248.00 0.00 3.00 177.99
239.00 178.00 0.00 2.00 34.69
249.00 242.00 0.00 1.00 39.54
4.00 248.00 0.00 4.00 84.83
239.00 175.00 1.00 1.00 114.98
52.00 14.00 0.00 2.00 56.53
236.00 250.00 1.00 5.00 63.05
247.00 194.00 1.00 3.00 58.77
239.00 249.00 1.00 3.00 133.70
236.00 224.00 1.00 4.00 161.32
217.00 117.00 1.00 4.00 136.28
244.00 238.00 0.00 3.00 186.28
106.00 245.00 1.00 5.00 181.06
94.00 48.00 1.00 3.00 128.16
251.00 242.00 0.00 2.00 101.23
112.00 250.00 0.00 1.00 46.60
243.00 246.00 1.00 5.00 184.64
241.00 117.00 0.00 1.00 142.52
245.00 54.00 1.00 5.00 161.75
240.00 44.00 0.00 2.00 49.68
241.00 205.00 0.00 2.00 136.42
248.00 64.00 1.00 3.00 104.61
237.00 244.00 1.00 2.00 50.85
80.00 242.00 1.00 2.00 95.34
242.00 250.00 1.00 5.00 136.77
241.00 244.00 0.00 1.00 116.73
246.00 22.00 1.00 2.00 51.26
236.00 246.00 0.00 5.00 182.44
248.00 114.00 0.00 4.00 123.07
246.00 239.00 1.00 4.00 196.63
245.00 239.00 1.00 2.00 189.80
120.00 31.00 0.00 2.00 149.73
245.00 240.00 1.00 3.00 77.09
242.00 78.00 0.00 4.00 194.12
183.00 210.00 0.00 2.00 138.03
36.00 244.00 0.00 4.00 87.48
249.00 86.00 0.00 5.00 165.02
200.00 251.00 1.00 4.00 155.73
246.00 28.00 1.00 2.00 133.61
251.00 238.00 0.00 1.00 63.30
237.00 250.00 1.00 1.00 123.73
236.00 43.00 1.00 3.00 114.46
244.00 237.00 0.00 2.00 97.84
203.00 246.00 1.00 1.00 101.66
168.00 248.00 0.00 4.00 185.66
102.00 241.00 0.00 2.00 38.81
216.00 241.00 1.00 1.00 60.97
250.00 59.00 0.00 4.00 171.23
243.00 234.00 0.00 1.00 76.65
6.00 129.00 1.00 2.00 149.03
92.00 198.00 1.00 3.00 175.25
241.00 151.00 0.00 5.00 123.85
250.00 237.00 1.00 5.00 134.23
241.00 245.00 0.00 4.00 83.58
243.00 46.00 1.00 3.00 54.15
221.00 196.00 0.00 2.00 36.74
250.00 237.00 1.00 5.00 32.55
239.00 191.00 0.00 2.00 56.08
241.00 247.00 0.00 1.00 179.23
248.00 243.00 0.00 2.00 121.59
17.00 144.00 1.00 5.00 36.56
249.00 54.00 1.00 1.00 185.44
244.00 3.00 1.00 2.00 48.89
31.00 105.00 0.00 3.00 98.87
246.00 237.00 1.00 2.00 192.00
245.00 155.00 0.00 1.00 57.85
251.00 238.00 0.00 2.00 104.74
127.00 212.00 1.00 4.00 66.55
27.00 249.00 1.00 1.00 146.97
251.00 71.00 0.00 2.00 103.35
250.00 167.00 1.00 2.00 177.55
131.00 244.00 0.00 1.00 116.53
172.00 246.00 1.00 4.00 37.13
96.00 251.00 0.00 4.00 127.80
120.00 94.00 1.00 5.00 164.58
243.00 138.00 1.00 3.00 130.91
170.00 246.00 1.00 3.00 52.42
194.00 36.00 1.00 5.00 138.13
50.00 245.00 0.00 2.00 60.97
37.00 121.00 1.00 1.00 32.32
247.00 199.00 0.00 4.00 65.77
249.00 240.00 1.00 5.00 169.65
245.00 168.00 1.00 3.00 168.72
250.00 240.00 1.00 3.00 32.64
241.00 235.00 0.00 3.00 99.27
101.00 242.00 0.00 4.00 174.98
244.00 242.00 1.00 1.00 160.04
51.00 209.00 1.00 3.00 72.59
245.00 56.00 1.00 2.00 39.81
243.00 18.00 1.00 1.00 104.02
245.00 238.00 1.00 1.00 34.02
236.00 244.00 1.00 4.00 196.36
245.00 241.00 0.00 5.00 118.89
155.00 205.00 1.00 2.00 139.83
246.00 239.00 0.00 2.00 47.35
245.00 18.00 1.00 2.00 118.25
239.00 248.00 1.00 1.00 84.62
26.00 79.00 0.00 2.00 130.27
241.00 172.00 0.00 1.00 71.28
247.00 242.00 1.00 3.00 96.95
123.00 25.00 1.00 1.00 161.80
176.00 240.00 0.00 5.00 61.71
199.00 87.00 1.00 4.00 81.07
184.00 239.00 0.00 2.00 131.26
37.00 248.00 0.00 1.00 107.40
107.00 239.00 0.00 3.00 185.04
243.00 250.00 1.00 2.00 157.59
246.00 241.00 1.00 2.00 190.80
241.00 247.00 1.00 4.00 165.43
49.00 241.00 1.00 1.00 103.95
247.00 32.00 1.00 1.00 140.58
246.00 129.00 0.00 4.00 63.66
177.00 241.00 0.00 2.00 106.94
245.00 49.00 0.00 4.00 34.74
241.00 130.00 1.00 4.00 134.50
102.00 226.00 1.00 3.00 55.00
250.00 88.00 1.00 4.00 47.50
