245.00 251.00 0.00 2.00 80.03
248.00 241.00 1.00 4.00 98.10
238.00 250.00 0.00 2.00 152.78
222.00 239.00 1.00 4.00 196.68
238.00 9.00 0.00 5.00 60.08
245.00 172.00 1.00 5.00 111.07
119.00 92.00 0.00 4.00 97.33
241.00 18.00 0.00 2.00 80.72
248.00 241.00 0.00 2.00 157.30
241.00 81.00 0.00 3.00 136.98
245.00 236.00 0.00 4.00 112.49
227.00 247.00 0.00 2.00 110.48
165.00 240.00 1.00 4.00 114.49
73.00 233.00 1.00 5.00 134.73
236.00 113.00 0.00 5.00 117.33
112.00 246.00 1.00 4.00 181.97
240.00 191.00 1.00 5.00 81.62
182.00 221.00 0.00 2.00 150.38
238.00 247.00 0.00 1.00 52.59
238.00 251.00 1.00 1.00 76.11
243.00 142.00 0.00 5.00 155.92
206.00 182.00 1.00 1.00 120.65
251.00 27.00 1.00 4.00 190.53
243.00 5.00 0.00 3.00 143.19
249.00 240.00 1.00 1.00 165.00
129.00 14.00 0.00 4.00 109.75
238.00 196.00 1.00 2.00 48.57
250.00 42.00 0.00 3.00 58.93
237.00 75.00 0.00 1.00 66.32
13.00 251.00 0.00 5.00 48.13
251.00 209.00 0.00 5.00 104.46
41.00 242.00 0.00 4.00 38.54
246.00 197.00 1.00 2.00 44.72
239.00 245.00 1.00 3.00 159.58
248.00 23.00 0.00 4.00 142.00
24.00 222.00 1.00 3.00 68.46
246.00 238.00 0.00 2.00 117.50
111.00 244.00 0.00 1.00 187.75
210.00 135.00 0.00 2.00 41.87
222.00 2.00 1.00 2.00 38.98
117.00 236.00 0.00 1.00 140.96
63.00 114.00 1.00 4.00 34.04
238.00 244.00 1.00 3.00 199.69
245.00 181.00 1.00 2.00 109.27
237.00 250.00 1.00 1.00 136.33
218.00 225.00 1.00 5.00 174.89
76.00 240.00 0.00 4.00 91.28
246.00 241.00 0.00 2.00 160.93
250.00 239.00 1.00 3.00 126.05
245.00 189.00 0.00 5.00 53.66
243.00 9.00 1.00 2.00 155.26
148.00 251.00 1.00 1.00 48.42
26.00 244.00 1.00 1.00 126.67
248.00 241.00 1.00 1.00 76.63
12.00 246.00 0.00 1.00 189.74
161.00 242.00 1.00 3.00 145.68
82.00 231.00 0.00 1.00 160.01
143.00 251.00 0.00 3.00 148.57
145.00 138.00 1.00 2.00 160.38
249.00 237.00 1.00 3.00 168.57
241.00 246.00 0.00 1.00 113.49
94.00 243.00 1.00 1.00 198.81
238.00 249.00 0.00 5.00 60.89
246.00 241.00 1.00 1.00 39.71
248.00 242.00 0.00 2.00 146.92
116.00 22.00 1.00 3.00 59.16
238.00 187.00 0.00 5.00 150.10
126.00 237.00 0.00 4.00 75.39
246.00 63.00 1.00 2.00 77.63
13.00 251.00 1.00 5.00 105.27
55.00 180.00 1.00 3.00 159.71
236.00 250.00 1.00 5.00 157.10
181.00 145.00 0.00 3.00 111.86
237.00 247.00 0.00 2.00 80.72
250.00 104.00 0.00 1.00 44.00
189.00 240.00 0.00 5.00 195.04
93.00 173.00 0.00 2.00 122.11
250.00 40.00 1.00 5.00 104.77
11.00 246.00 1.00 3.00 77.84
230.00 242.00 1.00 5.00 75.12
251.00 236.00 1.00 2.00 75.27
10.00 245.00 0.00 4.00 167.28
153.00 237.00 0.00 2.00 109.19
245.00 53.00 1.00 2.00 188.30
56.00 242.00 0.00 1.00 180.13
246.00 111.00 0.00 3.00 43.74
247.00 170.00 0.00 2.00 76.44
247.00 231.00 0.00 4.00 147.54
239.00 244.00 1.00 5.00 72.55
239.00 247.00 1.00 1.00 46.04
249.00 242.00 0.00 5.00 46.93
242.00 162.00 1.00 5.00 114.77
37.00 113.00 1.00 4.00 40.71
208.00 113.00 1.00 5.00 191.34
241.00 94.00 1.00 1.00 140.73
58.00 246.00 0.00 4.00 104.72
239.00 251.00 1.00 4.00 167.25
99.00 210.00 1.00 1.00 130.94
240.00 112.00 0.00 3.00 91.51
16.00 71.00 1.00 5.00 168.98
237.00 222.00 0.00 1.00 157.42
53.00 227.00 0.00 2.00 119.52
224.00 175.00 1.00 4.00 120.65
159.00 247.00 1.00 1.00 193.18
177.00 242.00 0.00 5.00 31.15
176.00 137.00 0.00 2.00 141.85
201.00 250.00 1.00 4.00 189.57
237.00 243.00 1.00 4.00 66.76
247.00 237.00 1.00 3.00 162.83
249.00 240.00 0.00 3.00 147.26
249.00 239.00 1.00 2.00 153.90
49.00 237.00 0.00 5.00 65.64
240.00 45.00 1.00 5.00 121.54
154.00 113.00 1.00 3.00 92.04
250.00 207.00 1.00 2.00 48.08
52.00 165.00 0.00 4.00 117.68
249.00 172.00 0.00 2.00 157.31
245.00 241.00 1.00 2.00 180.55
242.00 249.00 1.00 4.00 91.50
164.00 242.00 1.00 1.00 147.10
123.00 237.00 1.00 5.00 152.32
74.00 246.00 1.00 3.00 31.06
243.00 110.00 0.00 1.00 89.83
229.00 244.00 1.00 1.00 153.08
183.00 246.00 1.00 2.00 157.05
246.00 137.00 0.00 1.00 165.92
248.00 97.00 1.00 2.00 33.54
115.00 68.00 0.00 1.00 30.29
239.00 244.00 0.00 5.00 91.95
151.00 237.00 0.00 5.00 192.96
242.00 46.00 0.00 5.00 146.68
243.00 250.00 0.00 1.00 57.36
93.00 36.00 1.00 1.00 96.15
247.00 236.00 1.00 2.00 183.36
86.00 241.00 1.00 3.00 76.76
24.00 245.00 1.00 5.00 179.19
238.00 245.00 1.00 4.00 181.00
181.00 93.00 0.00 4.00 95.47
142.00 38.00 1.00 5.00 94.61
240.00 245.00 0.00 4.00 197.03
243.00 42.00 0.00 1.00 87.76
247.00 241.00 0.00 3.00 172.90
245.00 239.00 0.00 2.00 171.60
248.00 238.00 1.00 4.00 169.86
133.00 241.00 0.00 5.00 53.15
223.00 238.00 0.00 5.00 86.98
249.00 243.00 0.00 2.00 82.37
65.00 69.00 1.00 1.00 150.18
182.00 128.00 0.00 5.00 48.34
236.00 21.00 1.00 1.00 172.70
