239.00 165.00 1.00 4.00 35.74
87.00 83.00 0.00 5.00 122.45
245.00 77.00 1.00 2.00 179.84
246.00 237.00 1.00 4.00 114.84
130.00 216.00 0.00 3.00 35.94
204.00 39.00 1.00 5.00 150.83
36.00 100.00 0.00 1.00 30.40
26.00 148.00 1.00 4.00 128.66
34.00 244.00 0.00 2.00 186.18
132.00 39.00 0.00 2.00 173.18
236.00 124.00 0.00 5.00 180.86
215.00 74.00 0.00 1.00 114.66
207.00 52.00 1.00 3.00 152.88
172.00 145.00 0.00 2.00 131.55
247.00 130.00 0.00 3.00 173.09
88.00 152.00 1.00 3.00 59.66
234.00 59.00 0.00 1.00 174.45
244.00 250.00 0.00 4.00 80.74
94.00 236.00 1.00 1.00 162.00
14.00 237.00 0.00 5.00 168.74
251.00 243.00 0.00 2.00 123.14
173.00 25.00 1.00 1.00 82.99
0.00 240.00 1.00 3.00 107.95
239.00 185.00 0.00 3.00 88.87
236.00 247.00 0.00 5.00 167.52
68.00 249.00 1.00 5.00 109.72
132.00 236.00 0.00 5.00 140.90
242.00 236.00 1.00 4.00 116.08
251.00 59.00 0.00 5.00 159.02
247.00 139.00 0.00 1.00 149.37
117.00 243.00 1.00 1.00 135.29
248.00 29.00 1.00 5.00 63.53
243.00 34.00 1.00 3.00 66.48
215.00 101.00 0.00 4.00 108.39
240.00 74.00 0.00 5.00 36.18
60.00 146.00 1.00 4.00 156.21
251.00 241.00 1.00 5.00 91.80
204.00 237.00 1.00 3.00 87.09
241.00 247.00 0.00 2.00 69.17
152.00 251.00 1.00 1.00 92.20
247.00 236.00 0.00 2.00 141.20
247.00 71.00 0.00 4.00 100.45
236.00 243.00 1.00 2.00 65.65
81.00 251.00 0.00 4.00 168.29
246.00 237.00 0.00 4.00 88.89
105.00 205.00 1.00 5.00 138.09
246.00 236.00 1.00 5.00 64.20
239.00 246.00 0.00 4.00 71.27
247.00 238.00 1.00 3.00 85.22
247.00 242.00 1.00 4.00 153.10
190.00 239.00 1.00 1.00 188.60
243.00 45.00 1.00 2.00 177.33
241.00 244.00 0.00 4.00 66.28
179.00 225.00 0.00 5.00 117.30
249.00 243.00 1.00 1.00 110.83
157.00 240.00 1.00 4.00 164.03
62.00 249.00 1.00 3.00 112.12
145.00 251.00 0.00 5.00 172.04
242.00 227.00 1.00 3.00 67.61
112.00 247.00 1.00 5.00 75.90
245.00 130.00 0.00 3.00 173.35
244.00 145.00 0.00 1.00 90.03
240.00 133.00 0.00 1.00 73.65
179.00 247.00 0.00 5.00 69.19
137.00 248.00 1.00 5.00 198.09
251.00 6.00 0.00 5.00 192.87
44.00 243.00 1.00 5.00 159.22
88.00 179.00 1.00 2.00 68.22
250.00 236.00 1.00 2.00 162.27
197.00 80.00 1.00 5.00 93.61
121.00 34.00 1.00 4.00 141.14
209.00 215.00 0.00 3.00 74.73
16.00 128.00 0.00 3.00 82.80
62.00 243.00 1.00 1.00 190.68
244.00 195.00 1.00 2.00 46.11
239.00 244.00 1.00 4.00 87.76
239.00 249.00 1.00 1.00 46.82
247.00 153.00 0.00 2.00 193.81
217.00 5.00 0.00 1.00 36.92
239.00 47.00 1.00 5.00 72.48
238.00 250.00 0.00 5.00 160.57
83.00 244.00 0.00 4.00 76.31
94.00 244.00 0.00 5.00 150.60
247.00 239.00 1.00 4.00 144.99
250.00 242.00 0.00 4.00 97.54
50.00 248.00 1.00 4.00 71.61
246.00 191.00 1.00 5.00 135.33
111.00 242.00 0.00 5.00 133.56
250.00 24.00 0.00 1.00 198.74
82.00 142.00 1.00 4.00 98.29
63.00 245.00 0.00 2.00 63.08
75.00 241.00 1.00 2.00 171.55
248.00 192.00 1.00 4.00 165.31
157.00 250.00 0.00 2.00 35.05
75.00 49.00 0.00 4.00 71.35
239.00 0.00 1.00 3.00 138.66
251.00 189.00 0.00 4.00 195.69
251.00 118.00 0.00 2.00 68.81
223.00 239.00 1.00 2.00 159.47
233.00 242.00 0.00 1.00 151.04
242.00 142.00 1.00 3.00 186.19
88.00 230.00 1.00 1.00 45.44
246.00 171.00 0.00 3.00 94.20
244.00 231.00 1.00 5.00 107.70
81.00 213.00 0.00 4.00 172.91
39.00 125.00 0.00 1.00 59.19
240.00 52.00 1.00 3.00 30.12
240.00 92.00 1.00 3.00 193.77
242.00 245.00 1.00 1.00 137.81
239.00 248.00 1.00 4.00 49.13
248.00 127.00 0.00 3.00 105.36
110.00 241.00 1.00 2.00 106.08
21.00 0.00 0.00 5.00 191.38
73.00 130.00 1.00 3.00 47.58
141.00 247.00 0.00 3.00 125.28
36.00 180.00 0.00 3.00 95.24
237.00 243.00 0.00 3.00 67.74
154.00 121.00 1.00 5.00 165.84
247.00 242.00 0.00 3.00 84.07
243.00 44.00 1.00 1.00 122.67
116.00 245.00 1.00 4.00 118.75
248.00 242.00 0.00 3.00 51.25
222.00 131.00 1.00 4.00 180.79
173.00 247.00 0.00 4.00 112.38
248.00 239.00 1.00 5.00 44.18
159.00 19.00 1.00 5.00 177.38
240.00 174.00 0.00 2.00 176.69
180.00 169.00 1.00 1.00 98.51
119.00 237.00 1.00 3.00 191.76
238.00 182.00 0.00 1.00 74.62
122.00 207.00 0.00 1.00 150.54
70.00 244.00 0.00 4.00 169.60
50.00 72.00 1.00 4.00 110.43
239.00 123.00 1.00 5.00 119.65
49.00 179.00 0.00 4.00 95.82
38.00 240.00 0.00 3.00 65.21
187.00 243.00 0.00 5.00 76.31
232.00 77.00 1.00 5.00 137.38
246.00 239.00 0.00 3.00 148.64
241.00 196.00 0.00 2.00 47.15
246.00 217.00 1.00 5.00 157.69
2.00 122.00 1.00 5.00 106.12
92.00 251.00 0.00 4.00 172.41
235.00 61.00 1.00 3.00 158.14
251.00 91.00 1.00 5.00 36.65
248.00 238.00 1.00 5.00 112.54
35.00 131.00 0.00 4.00 113.05
55.00 71.00 0.00 3.00 134.45
239.00 82.00 1.00 2.00 72.15
153.00 126.00 1.00 4.00 176.83
203.00 245.00 1.00 2.00 141.71
108.00 236.00 0.00 1.00 167.09
90.00 250.00 1.00 2.00 130.39
251.00 244.00 1.00 4.00 140.09
244.00 187.00 1.00 3.00 49.75
186.00 82.00 0.00 5.00 182.54
245.00 34.00 0.00 4.00 111.25
33.00 249.00 0.00 2.00 62.81
245.00 108.00 0.00 3.00 64.13
243.00 75.00 1.00 5.00 76.84
76.00 189.00 0.00 2.00 88.07
85.00 247.00 1.00 4.00 94.67
251.00 234.00 0.00 5.00 103.85
17.00 34.00 1.00 4.00 71.23
194.00 18.00 0.00 4.00 35.82
245.00 121.00 1.00 3.00 142.48
238.00 119.00 0.00 2.00 91.87
242.00 249.00 1.00 1.00 109.49
238.00 244.00 1.00 4.00 135.39
239.00 166.00 0.00 5.00 66.70
241.00 251.00 0.00 1.00 46.90
240.00 234.00 1.00 3.00 111.26
237.00 250.00 1.00 1.00 110.58
246.00 32.00 0.00 5.00 109.76
245.00 251.00 0.00 4.00 115.66
248.00 236.00 0.00 5.00 96.91
237.00 244.00 0.00 1.00 60.62
246.00 242.00 0.00 5.00 37.09
251.00 107.00 0.00 5.00 105.55
141.00 243.00 1.00 3.00 57.89
245.00 67.00 0.00 1.00 34.51
40.00 248.00 1.00 5.00 117.44
239.00 244.00 1.00 1.00 179.35
193.00 246.00 1.00 1.00 62.98
244.00 228.00 0.00 1.00 194.68
249.00 238.00 1.00 3.00 76.02
247.00 243.00 1.00 1.00 69.55
205.00 247.00 1.00 1.00 195.90
248.00 241.00 0.00 5.00 143.32
1.00 223.00 0.00 2.00 71.84
220.00 91.00 0.00 2.00 140.29
113.00 238.00 0.00 4.00 77.74
250.00 184.00 0.00 3.00 191.08
41.00 151.00 0.00 3.00 143.54
239.00 197.00 1.00 3.00 138.37
160.00 251.00 0.00 3.00 133.28
249.00 236.00 1.00 4.00 90.03
238.00 100.00 0.00 1.00 97.81
246.00 163.00 0.00 3.00 89.46
245.00 238.00 0.00 5.00 62.97
