241.00 251.00 0.00 2.00 34.47
91.00 239.00 0.00 5.00 62.70
237.00 125.00 1.00 4.00 181.33
242.00 44.00 1.00 5.00 91.18
246.00 243.00 1.00 2.00 151.23
49.00 91.00 1.00 1.00 114.04
241.00 185.00 0.00 2.00 60.14
1.00 136.00 0.00 4.00 195.55
45.00 249.00 1.00 3.00 44.68
63.00 121.00 0.00 4.00 83.28
47.00 114.00 0.00 2.00 82.18
238.00 188.00 0.00 3.00 144.91
244.00 238.00 1.00 3.00 107.63
152.00 246.00 1.00 5.00 195.18
237.00 2.00 0.00 3.00 108.01
184.00 238.00 1.00 3.00 78.85
246.00 33.00 0.00 5.00 128.92
125.00 248.00 0.00 3.00 79.65
245.00 238.00 0.00 5.00 101.28
236.00 248.00 0.00 5.00 141.52
243.00 100.00 0.00 4.00 76.08
244.00 73.00 1.00 3.00 184.67
243.00 247.00 0.00 3.00 65.63
240.00 244.00 1.00 5.00 131.58
244.00 199.00 1.00 4.00 132.81
6.00 242.00 0.00 2.00 196.26
251.00 238.00 0.00 5.00 65.35
239.00 134.00 0.00 1.00 165.80
128.00 1.00 0.00 4.00 131.64
213.00 238.00 1.00 5.00 63.37
239.00 247.00 1.00 3.00 124.02
245.00 242.00 0.00 2.00 175.56
37.00 85.00 0.00 2.00 188.92
208.00 37.00 1.00 4.00 133.61
41.00 166.00 0.00 2.00 54.11
239.00 245.00 0.00 3.00 63.70
150.00 233.00 0.00 3.00 183.63
246.00 113.00 0.00 4.00 123.01
248.00 242.00 0.00 3.00 102.05
242.00 250.00 1.00 3.00 81.55
247.00 243.00 1.00 5.00 38.98
239.00 63.00 0.00 1.00 135.21
247.00 169.00 0.00 4.00 155.49
247.00 63.00 1.00 3.00 190.27
249.00 241.00 0.00 1.00 40.09
249.00 194.00 1.00 3.00 50.71
96.00 224.00 0.00 5.00 57.25
244.00 237.00 1.00 5.00 76.99
94.00 14.00 0.00 2.00 104.21
246.00 241.00 1.00 1.00 118.50
251.00 31.00 1.00 5.00 137.00
237.00 244.00 1.00 2.00 145.54
178.00 251.00 1.00 1.00 82.74
124.00 29.00 1.00 5.00 177.64
5.00 246.00 1.00 1.00 36.77
81.00 179.00 0.00 2.00 52.80
242.00 251.00 1.00 1.00 141.13
243.00 19.00 0.00 1.00 117.36
197.00 7.00 0.00 5.00 117.05
240.00 244.00 1.00 5.00 75.70
194.00 19.00 1.00 4.00 114.22
242.00 249.00 0.00 5.00 120.68
96.00 238.00 0.00 2.00 74.25
227.00 236.00 1.00 2.00 133.41
251.00 195.00 1.00 1.00 79.32
88.00 250.00 1.00 1.00 139.99
246.00 162.00 1.00 4.00 61.38
171.00 248.00 0.00 5.00 65.92
237.00 186.00 1.00 2.00 73.72
139.00 37.00 1.00 2.00 57.08
79.00 124.00 1.00 2.00 133.78
184.00 244.00 1.00 4.00 179.90
245.00 237.00 1.00 1.00 176.63
87.00 251.00 1.00 3.00 58.18
11.00 31.00 1.00 4.00 145.51
56.00 249.00 0.00 4.00 69.95
241.00 247.00 1.00 4.00 165.62
72.00 236.00 1.00 2.00 31.61
243.00 236.00 0.00 5.00 39.64
51.00 249.00 0.00 1.00 61.71
245.00 240.00 1.00 5.00 162.67
81.00 244.00 1.00 1.00 177.04
167.00 251.00 1.00 1.00 43.45
39.00 83.00 1.00 1.00 108.18
239.00 246.00 1.00 5.00 141.96
151.00 239.00 1.00 3.00 164.34
53.00 6.00 1.00 5.00 141.02
183.00 239.00 1.00 3.00 80.89
112.00 14.00 0.00 4.00 154.92
126.00 18.00 1.00 5.00 186.04
241.00 49.00 0.00 1.00 67.34
18.00 128.00 1.00 2.00 79.25
237.00 156.00 1.00 3.00 36.66
238.00 106.00 1.00 5.00 42.29
94.00 148.00 0.00 3.00 170.81
250.00 112.00 0.00 1.00 54.46
246.00 106.00 0.00 1.00 181.49
240.00 246.00 1.00 1.00 133.55
242.00 192.00 1.00 2.00 188.27
71.00 248.00 0.00 5.00 60.68
251.00 245.00 0.00 4.00 193.41
62.00 239.00 1.00 2.00 172.17
251.00 241.00 1.00 1.00 137.07
245.00 251.00 1.00 2.00 175.04
250.00 200.00 0.00 1.00 104.88
249.00 241.00 0.00 1.00 142.35
250.00 242.00 1.00 2.00 92.18
237.00 250.00 1.00 2.00 34.82
232.00 246.00 0.00 1.00 146.04
249.00 9.00 1.00 1.00 195.22
250.00 244.00 0.00 1.00 154.65
249.00 243.00 1.00 1.00 184.67
247.00 176.00 0.00 4.00 189.87
181.00 36.00 0.00 2.00 34.22
236.00 244.00 1.00 2.00 92.00
162.00 4.00 1.00 4.00 193.63
238.00 84.00 0.00 4.00 178.30
48.00 247.00 0.00 1.00 193.17
140.00 169.00 1.00 2.00 137.75
226.00 251.00 0.00 2.00 182.24
238.00 250.00 0.00 1.00 66.21
237.00 122.00 0.00 2.00 75.34
123.00 225.00 0.00 1.00 81.05
237.00 204.00 0.00 1.00 124.23
243.00 11.00 0.00 4.00 165.24
15.00 211.00 1.00 1.00 109.07
21.00 251.00 0.00 3.00 172.19
230.00 244.00 1.00 5.00 156.49
248.00 241.00 1.00 5.00 149.48
151.00 67.00 0.00 3.00 64.45
251.00 245.00 0.00 5.00 31.74
251.00 243.00 1.00 2.00 74.24
244.00 236.00 1.00 4.00 45.64
247.00 242.00 1.00 5.00 74.01
146.00 240.00 1.00 1.00 93.99
27.00 89.00 0.00 2.00 156.22
232.00 151.00 1.00 2.00 69.02
89.00 243.00 0.00 1.00 66.21
240.00 179.00 1.00 2.00 62.51
58.00 203.00 1.00 2.00 129.14
126.00 249.00 0.00 5.00 76.32
247.00 242.00 1.00 3.00 131.73
239.00 244.00 0.00 3.00 88.67
245.00 129.00 0.00 2.00 64.43
237.00 127.00 1.00 3.00 41.76
242.00 222.00 0.00 3.00 146.28
240.00 246.00 0.00 5.00 173.02
249.00 242.00 1.00 1.00 77.62
103.00 251.00 0.00 2.00 186.25
103.00 236.00 1.00 1.00 133.95
251.00 245.00 0.00 1.00 135.77
250.00 242.00 1.00 1.00 67.71
164.00 249.00 1.00 2.00 169.76
249.00 165.00 0.00 2.00 119.05
149.00 236.00 0.00 4.00 143.37
247.00 243.00 1.00 2.00 95.18
21.00 242.00 1.00 4.00 120.79
238.00 251.00 1.00 4.00 178.89
241.00 137.00 0.00 2.00 123.23
246.00 243.00 0.00 3.00 174.65
248.00 236.00 1.00 1.00 110.74
19.00 247.00 0.00 2.00 155.12
245.00 134.00 1.00 5.00 57.36
193.00 195.00 1.00 3.00 153.21
141.00 248.00 1.00 2.00 132.23
20.00 193.00 1.00 2.00 126.52
146.00 251.00 0.00 4.00 156.16
78.00 67.00 0.00 4.00 198.76
136.00 99.00 0.00 3.00 154.93
3.00 241.00 0.00 3.00 40.44
248.00 131.00 0.00 2.00 112.30
110.00 246.00 0.00 3.00 103.39
140.00 123.00 0.00 5.00 131.20
95.00 149.00 1.00 3.00 199.03
37.00 169.00 0.00 5.00 41.04
248.00 195.00 1.00 5.00 65.30
245.00 16.00 1.00 1.00 194.70
28.00 242.00 0.00 2.00 131.16
82.00 27.00 0.00 4.00 63.08
139.00 71.00 1.00 4.00 58.21
240.00 251.00 1.00 4.00 163.34
250.00 74.00 1.00 1.00 143.92
101.00 236.00 1.00 2.00 100.37
242.00 248.00 1.00 3.00 108.62
38.00 164.00 1.00 2.00 58.49
237.00 251.00 1.00 1.00 31.55
238.00 249.00 1.00 4.00 124.09
141.00 151.00 1.00 4.00 96.32
245.00 243.00 0.00 3.00 155.14
243.00 248.00 1.00 3.00 150.05
237.00 45.00 1.00 5.00 136.48
11.00 32.00 0.00 4.00 75.07
188.00 243.00 1.00 1.00 191.10
141.00 250.00 1.00 4.00 50.81
166.00 49.00 1.00 5.00 41.73
249.00 114.00 0.00 2.00 174.36
144.00 231.00 0.00 2.00 142.15
44.00 124.00 1.00 3.00 71.97
239.00 247.00 1.00 2.00 74.98
148.00 225.00 0.00 4.00 66.91
241.00 245.00 0.00 3.00 57.28
248.00 221.00 0.00 5.00 88.38
236.00 144.00 0.00 5.00 85.40
241.00 117.00 1.00 2.00 76.11
188.00 144.00 0.00 1.00 135.80
199.00 88.00 1.00 2.00 63.62
61.00 90.00 1.00 5.00 192.48
241.00 85.00 1.00 2.00 142.43
42.00 67.00 1.00 4.00 79.66
247.00 236.00 0.00 1.00 158.93
124.00 151.00 0.00 5.00 101.48
135.00 251.00 0.00 3.00 32.22
27.00 54.00 1.00 5.00 109.51
68.00 162.00 1.00 5.00 128.97
240.00 122.00 0.00 4.00 137.16
232.00 243.00 0.00 5.00 116.32
251.00 241.00 1.00 3.00 89.63
226.00 239.00 1.00 2.00 98.84
240.00 47.00 0.00 3.00 191.96
65.00 247.00 1.00 1.00 136.39
241.00 249.00 0.00 2.00 183.77
155.00 36.00 0.00 1.00 59.65
66.00 79.00 1.00 4.00 81.50
244.00 103.00 0.00 4.00 74.57
118.00 245.00 0.00 2.00 194.47
7.00 248.00 0.00 5.00 164.17
71.00 1.00 0.00 3.00 157.24
105.00 63.00 0.00 1.00 185.04
76.00 243.00 0.00 3.00 114.07
6.00 245.00 1.00 4.00 92.39
247.00 239.00 0.00 4.00 72.99
251.00 239.00 0.00 4.00 36.12
243.00 71.00 1.00 4.00 159.15
151.00 241.00 0.00 1.00 110.64
75.00 236.00 1.00 2.00 138.83
251.00 110.00 0.00 4.00 66.94
246.00 242.00 0.00 3.00 96.71
104.00 250.00 1.00 5.00 83.87
246.00 241.00 0.00 4.00 50.50
177.00 81.00 0.00 3.00 191.36
249.00 237.00 1.00 5.00 117.91
236.00 49.00 0.00 3.00 120.10
247.00 242.00 0.00 4.00 51.70
36.00 239.00 1.00 4.00 168.29
102.00 192.00 0.00 3.00 45.88
246.00 67.00 0.00 2.00 117.22
245.00 239.00 1.00 1.00 153.52
131.00 241.00 1.00 3.00 47.04
244.00 26.00 1.00 1.00 113.02
239.00 251.00 1.00 3.00 91.29
