193.00 18.00 0.00 5.00 35.52
230.00 236.00 0.00 1.00 63.60
250.00 78.00 0.00 1.00 84.40
147.00 242.00 0.00 3.00 147.97
246.00 242.00 0.00 4.00 191.40
199.00 250.00 0.00 4.00 52.28
237.00 155.00 0.00 1.00 151.17
71.00 31.00 0.00 1.00 173.00
117.00 12.00 0.00 1.00 137.14
242.00 245.00 0.00 2.00 179.28
250.00 88.00 1.00 5.00 190.60
108.00 248.00 1.00 5.00 182.55
244.00 239.00 0.00 5.00 113.42
84.00 235.00 1.00 3.00 171.79
244.00 64.00 1.00 1.00 161.92
72.00 239.00 1.00 5.00 112.16
206.00 123.00 1.00 2.00 153.59
164.00 238.00 1.00 5.00 199.19
243.00 160.00 1.00 3.00 101.04
243.00 193.00 1.00 5.00 162.37
248.00 111.00 0.00 2.00 50.61
238.00 249.00 1.00 1.00 136.14
144.00 245.00 1.00 1.00 67.69
215.00 21.00 0.00 4.00 36.07
160.00 209.00 1.00 3.00 188.27
236.00 251.00 0.00 1.00 168.32
237.00 248.00 1.00 5.00 66.19
250.00 115.00 0.00 1.00 148.33
49.00 146.00 1.00 5.00 71.05
52.00 133.00 1.00 5.00 45.92
16.00 249.00 0.00 5.00 186.00
156.00 245.00 0.00 4.00 164.16
70.00 246.00 1.00 5.00 91.02
217.00 249.00 1.00 3.00 167.63
123.00 245.00 1.00 4.00 47.32
31.00 50.00 0.00 2.00 85.51
52.00 245.00 0.00 2.00 79.31
246.00 9.00 0.00 3.00 45.01
242.00 43.00 0.00 3.00 140.57
155.00 244.00 1.00 2.00 82.86
153.00 61.00 1.00 1.00 90.19
236.00 244.00 0.00 3.00 130.59
236.00 225.00 0.00 1.00 155.63
159.00 251.00 0.00 1.00 147.20
129.00 109.00 0.00 2.00 101.29
6.00 238.00 1.00 3.00 79.95
13.00 24.00 0.00 5.00 50.99
88.00 237.00 0.00 2.00 178.85
240.00 224.00 0.00 2.00 34.10
244.00 113.00 0.00 2.00 76.76
237.00 246.00 1.00 4.00 162.47
110.00 234.00 0.00 2.00 72.08
35.00 198.00 0.00 2.00 116.14
247.00 240.00 1.00 1.00 183.93
224.00 236.00 0.00 5.00 107.51
242.00 236.00 1.00 2.00 175.69
27.00 196.00 1.00 2.00 193.58
145.00 248.00 0.00 5.00 112.43
154.00 245.00 0.00 3.00 158.13
247.00 241.00 1.00 3.00 99.36
32.00 47.00 0.00 5.00 100.17
127.00 236.00 1.00 1.00 120.05
246.00 180.00 0.00 3.00 144.68
148.00 248.00 1.00 3.00 90.09
148.00 239.00 1.00 1.00 73.16
108.00 80.00 1.00 2.00 84.19
240.00 247.00 0.00 2.00 170.09
246.00 239.00 0.00 4.00 91.28
189.00 247.00 0.00 2.00 199.54
237.00 26.00 0.00 3.00 196.45
246.00 240.00 0.00 1.00 41.78
76.00 245.00 0.00 3.00 126.90
151.00 173.00 0.00 1.00 159.03
152.00 74.00 0.00 1.00 78.19
244.00 59.00 0.00 4.00 42.33
237.00 131.00 1.00 2.00 106.93
176.00 238.00 1.00 3.00 166.95
31.00 77.00 1.00 2.00 179.34
104.00 236.00 1.00 1.00 72.33
77.00 239.00 1.00 1.00 156.68
239.00 0.00 1.00 4.00 107.76
250.00 75.00 1.00 1.00 107.40
251.00 238.00 1.00 1.00 82.81
248.00 242.00 0.00 5.00 62.97
144.00 244.00 1.00 1.00 45.47
236.00 2.00 1.00 2.00 137.86
161.00 111.00 0.00 5.00 106.45
250.00 132.00 0.00 3.00 184.67
71.00 17.00 0.00 4.00 127.35
247.00 100.00 0.00 3.00 34.97
248.00 236.00 1.00 3.00 145.62
240.00 3.00 0.00 3.00 162.54
56.00 218.00 1.00 1.00 98.71
239.00 47.00 1.00 5.00 173.16
246.00 15.00 0.00 2.00 132.54
60.00 12.00 1.00 4.00 181.74
241.00 200.00 1.00 2.00 132.90
109.00 15.00 1.00 4.00 194.65
249.00 30.00 0.00 1.00 119.99
153.00 7.00 1.00 3.00 117.69
242.00 246.00 0.00 1.00 106.13
248.00 159.00 0.00 5.00 179.86
244.00 88.00 0.00 5.00 181.09
250.00 242.00 1.00 5.00 179.98
249.00 86.00 1.00 3.00 117.94
242.00 250.00 1.00 2.00 155.86
171.00 247.00 0.00 1.00 164.66
249.00 238.00 0.00 4.00 99.14
238.00 205.00 0.00 3.00 96.95
43.00 243.00 0.00 1.00 90.71
193.00 10.00 0.00 2.00 83.22
244.00 56.00 1.00 3.00 74.63
13.00 238.00 1.00 2.00 131.30
149.00 236.00 1.00 1.00 108.40
249.00 243.00 1.00 5.00 111.41
242.00 244.00 0.00 3.00 166.49
244.00 250.00 1.00 3.00 92.62
241.00 201.00 0.00 2.00 140.05
65.00 80.00 0.00 2.00 159.49
25.00 76.00 1.00 2.00 143.35
236.00 251.00 1.00 2.00 166.99
159.00 213.00 0.00 1.00 78.93
82.00 8.00 1.00 1.00 125.83
168.00 28.00 1.00 5.00 73.89
102.00 250.00 0.00 4.00 51.31
170.00 240.00 0.00 4.00 158.89
56.00 237.00 1.00 4.00 33.22
238.00 106.00 1.00 1.00 142.62
238.00 220.00 1.00 3.00 136.78
246.00 19.00 1.00 2.00 195.14
250.00 244.00 0.00 4.00 69.89
250.00 101.00 1.00 2.00 141.72
240.00 246.00 1.00 3.00 72.99
244.00 5.00 1.00 4.00 71.70
244.00 243.00 1.00 3.00 121.07
243.00 140.00 1.00 2.00 152.82
178.00 244.00 0.00 3.00 146.49
248.00 238.00 1.00 5.00 36.57
244.00 89.00 1.00 3.00 56.12
239.00 151.00 0.00 5.00 86.68
248.00 181.00 0.00 3.00 150.50
245.00 238.00 0.00 3.00 195.42
99.00 240.00 0.00 1.00 170.87
241.00 69.00 0.00 2.00 158.93
87.00 235.00 1.00 4.00 189.24
248.00 237.00 1.00 5.00 82.86
217.00 122.00 0.00 2.00 121.72
139.00 188.00 1.00 1.00 76.26
38.00 192.00 0.00 1.00 59.39
248.00 21.00 1.00 3.00 93.82
129.00 140.00 1.00 3.00 177.40
238.00 3.00 1.00 2.00 119.29
247.00 190.00 0.00 1.00 97.75
240.00 47.00 0.00 5.00 199.64
177.00 245.00 1.00 5.00 189.62
245.00 190.00 1.00 4.00 90.00
110.00 237.00 1.00 2.00 52.16
247.00 80.00 0.00 2.00 129.71
166.00 72.00 0.00 1.00 187.58
87.00 98.00 0.00 1.00 87.76
2.00 248.00 0.00 3.00 60.92
166.00 182.00 1.00 5.00 93.30
216.00 251.00 0.00 2.00 100.06
28.00 227.00 1.00 1.00 105.35
248.00 236.00 0.00 3.00 152.79
245.00 239.00 0.00 3.00 143.78
61.00 247.00 0.00 2.00 33.48
165.00 237.00 0.00 4.00 63.67
117.00 247.00 1.00 1.00 59.39
236.00 82.00 1.00 5.00 129.87
240.00 244.00 1.00 1.00 89.16
242.00 48.00 1.00 5.00 153.45
203.00 100.00 1.00 3.00 129.65
20.00 247.00 1.00 2.00 129.76
167.00 237.00 1.00 5.00 133.22
245.00 28.00 1.00 5.00 47.89
243.00 246.00 1.00 1.00 118.14
13.00 69.00 1.00 2.00 190.39
73.00 243.00 1.00 4.00 131.21
246.00 175.00 0.00 1.00 161.20
152.00 248.00 1.00 2.00 76.49
20.00 248.00 0.00 5.00 90.66
42.00 26.00 1.00 3.00 69.17
91.00 126.00 0.00 4.00 60.28
250.00 238.00 0.00 3.00 119.07
144.00 244.00 0.00 1.00 47.28
248.00 39.00 0.00 4.00 99.19
116.00 240.00 0.00 3.00 30.52
117.00 245.00 1.00 3.00 42.39
236.00 244.00 0.00 3.00 48.71
82.00 248.00 0.00 2.00 123.94
192.00 239.00 0.00 4.00 127.29
227.00 157.00 1.00 5.00 126.73
153.00 135.00 1.00 4.00 110.75
249.00 239.00 1.00 5.00 198.32
240.00 163.00 1.00 4.00 156.23
220.00 86.00 0.00 5.00 174.15
188.00 245.00 1.00 4.00 145.00
243.00 236.00 0.00 3.00 126.40
22.00 107.00 1.00 1.00 191.85
98.00 238.00 1.00 2.00 151.95
127.00 249.00 0.00 5.00 103.85
244.00 178.00 0.00 2.00 184.64
72.00 20.00 1.00 4.00 117.28
251.00 245.00 1.00 2.00 57.39
100.00 237.00 1.00 1.00 119.56
246.00 50.00 0.00 1.00 56.75
243.00 237.00 1.00 1.00 54.31
195.00 218.00 1.00 2.00 181.13
171.00 223.00 0.00 3.00 87.88
226.00 248.00 1.00 4.00 119.80
160.00 237.00 0.00 3.00 183.14
240.00 250.00 1.00 1.00 111.54
240.00 248.00 0.00 2.00 46.39
136.00 94.00 1.00 5.00 175.33
231.00 204.00 0.00 4.00 93.85
236.00 125.00 0.00 4.00 128.15
184.00 243.00 1.00 5.00 103.99
124.00 238.00 1.00 2.00 68.42
249.00 241.00 0.00 5.00 146.74
249.00 236.00 1.00 2.00 145.95
179.00 243.00 1.00 2.00 90.06
247.00 242.00 0.00 4.00 115.69
241.00 139.00 0.00 4.00 35.93
101.00 249.00 1.00 4.00 116.02
96.00 15.00 0.00 1.00 68.09
241.00 38.00 1.00 1.00 114.46
89.00 237.00 0.00 5.00 144.81
241.00 246.00 1.00 4.00 128.17
163.00 103.00 0.00 4.00 64.45
39.00 238.00 0.00 3.00 159.08
153.00 237.00 1.00 1.00 83.25
28.00 251.00 1.00 4.00 120.28
142.00 239.00 1.00 1.00 190.19
163.00 245.00 0.00 1.00 144.64
246.00 242.00 1.00 4.00 143.82
19.00 251.00 1.00 2.00 80.49
46.00 251.00 1.00 4.00 195.33
246.00 165.00 1.00 4.00 131.55
102.00 246.00 0.00 5.00 171.61
76.00 198.00 0.00 2.00 108.58
52.00 39.00 1.00 3.00 179.32
247.00 240.00 1.00 4.00 192.11
230.00 236.00 0.00 4.00 55.41
83.00 236.00 0.00 3.00 99.14
243.00 246.00 0.00 3.00 111.58
157.00 250.00 0.00 4.00 71.62
243.00 113.00 0.00 2.00 85.04
82.00 33.00 0.00 4.00 115.69
18.00 247.00 1.00 1.00 147.73
106.00 245.00 1.00 1.00 107.52
245.00 201.00 0.00 3.00 97.20
240.00 250.00 0.00 1.00 132.39
42.00 155.00 0.00 3.00 156.19
236.00 243.00 0.00 3.00 95.26
150.00 239.00 0.00 5.00 78.72
242.00 177.00 1.00 4.00 79.32
245.00 243.00 1.00 1.00 112.23
239.00 251.00 1.00 4.00 64.10
180.00 100.00 0.00 2.00 58.48
239.00 247.00 1.00 2.00 179.22
51.00 236.00 1.00 5.00 117.60
187.00 246.00 0.00 3.00 56.17
237.00 247.00 0.00 4.00 47.39
244.00 238.00 0.00 2.00 155.42
98.00 196.00 1.00 1.00 183.53
122.00 32.00 0.00 1.00 108.98
240.00 251.00 0.00 1.00 146.12
243.00 97.00 0.00 1.00 166.62
200.00 251.00 0.00 4.00 33.54
206.00 100.00 1.00 5.00 140.05
245.00 240.00 0.00 1.00 82.64
176.00 236.00 1.00 5.00 196.15
247.00 71.00 1.00 5.00 189.66
239.00 215.00 0.00 1.00 59.57
236.00 179.00 0.00 5.00 189.54
238.00 188.00 1.00 2.00 44.68
249.00 237.00 1.00 3.00 82.39
249.00 130.00 1.00 1.00 130.57
40.00 143.00 0.00 3.00 195.83
168.00 221.00 0.00 3.00 170.57
249.00 236.00 1.00 4.00 158.73
37.00 225.00 1.00 3.00 31.19
247.00 160.00 1.00 3.00 184.37
250.00 232.00 1.00 2.00 48.08
239.00 248.00 1.00 1.00 191.96
80.00 240.00 0.00 2.00 64.64
249.00 21.00 1.00 5.00 82.56
102.00 250.00 0.00 3.00 144.23
6.00 129.00 1.00 5.00 141.34
239.00 170.00 0.00 2.00 169.90
244.00 241.00 0.00 3.00 131.88
239.00 245.00 0.00 2.00 44.94
166.00 114.00 0.00 4.00 108.03
133.00 245.00 1.00 5.00 59.22
238.00 245.00 0.00 4.00 182.17
249.00 242.00 1.00 5.00 181.05
236.00 174.00 0.00 2.00 181.74
167.00 1.00 0.00 2.00 115.33
247.00 237.00 1.00 2.00 102.55
