66.00 181.00 1.00 3.00 42.08
34.00 100.00 0.00 5.00 43.98
251.00 198.00 1.00 2.00 112.95
35.00 245.00 1.00 5.00 108.63
249.00 238.00 1.00 4.00 79.83
245.00 242.00 1.00 1.00 102.12
0.00 236.00 1.00 4.00 37.27
250.00 174.00 1.00 5.00 171.72
248.00 161.00 0.00 2.00 109.92
246.00 137.00 0.00 2.00 89.93
240.00 245.00 1.00 1.00 90.60
102.00 202.00 1.00 4.00 183.11
108.00 150.00 1.00 3.00 148.53
220.00 186.00 0.00 5.00 111.19
203.00 187.00 1.00 2.00 109.86
173.00 62.00 0.00 5.00 53.01
77.00 64.00 1.00 3.00 186.46
215.00 133.00 1.00 4.00 44.58
236.00 168.00 1.00 2.00 121.30
236.00 248.00 0.00 1.00 62.06
21.00 246.00 1.00 1.00 187.33
104.00 81.00 0.00 5.00 75.38
244.00 111.00 0.00 3.00 180.42
209.00 176.00 1.00 4.00 138.62
36.00 239.00 1.00 3.00 180.75
250.00 13.00 1.00 3.00 48.75
243.00 249.00 1.00 4.00 76.91
246.00 243.00 0.00 3.00 84.59
146.00 247.00 0.00 3.00 142.59
251.00 47.00 1.00 4.00 129.06
118.00 246.00 0.00 5.00 132.56
32.00 244.00 0.00 5.00 55.77
236.00 142.00 0.00 1.00 68.73
241.00 92.00 0.00 5.00 137.78
250.00 174.00 1.00 1.00 59.68
57.00 245.00 0.00 3.00 69.34
241.00 245.00 0.00 2.00 99.24
249.00 241.00 0.00 3.00 157.53
166.00 17.00 0.00 2.00 33.64
239.00 245.00 1.00 5.00 183.70
58.00 162.00 0.00 4.00 116.93
246.00 240.00 0.00 3.00 97.31
28.00 243.00 0.00 3.00 43.41
36.00 249.00 0.00 5.00 171.35
56.00 193.00 1.00 1.00 146.65
247.00 241.00 0.00 1.00 100.27
237.00 248.00 0.00 4.00 108.43
251.00 239.00 1.00 2.00 136.87
84.00 213.00 1.00 2.00 179.76
57.00 193.00 1.00 4.00 98.83
181.00 238.00 0.00 5.00 55.41
251.00 68.00 0.00 4.00 76.11
242.00 236.00 1.00 2.00 125.45
155.00 23.00 1.00 5.00 199.61
238.00 245.00 0.00 5.00 176.30
51.00 240.00 0.00 2.00 160.53
241.00 251.00 0.00 3.00 163.61
238.00 207.00 0.00 1.00 183.33
170.00 238.00 0.00 2.00 138.66
194.00 249.00 0.00 4.00 122.98
246.00 93.00 0.00 4.00 161.35
240.00 250.00 0.00 4.00 92.07
177.00 131.00 1.00 1.00 177.27
89.00 241.00 1.00 1.00 96.66
238.00 249.00 1.00 1.00 114.17
245.00 155.00 1.00 1.00 64.00
167.00 17.00 1.00 2.00 33.33
58.00 246.00 0.00 3.00 195.26
245.00 186.00 0.00 5.00 132.61
133.00 244.00 1.00 3.00 177.89
118.00 240.00 0.00 5.00 158.68
239.00 97.00 0.00 2.00 114.09
244.00 236.00 1.00 4.00 57.68
148.00 95.00 0.00 2.00 125.51
9.00 240.00 1.00 2.00 120.23
243.00 251.00 1.00 4.00 109.55
211.00 249.00 0.00 2.00 100.35
241.00 249.00 0.00 3.00 174.79
236.00 166.00 0.00 2.00 117.21
73.00 251.00 1.00 5.00 178.96
118.00 245.00 1.00 2.00 102.95
239.00 249.00 1.00 1.00 90.56
250.00 242.00 1.00 3.00 180.88
243.00 231.00 1.00 5.00 53.35
88.00 250.00 0.00 1.00 196.90
206.00 164.00 0.00 1.00 137.80
251.00 240.00 1.00 5.00 128.83
242.00 143.00 0.00 3.00 94.03
0.00 218.00 1.00 2.00 46.10
224.00 105.00 0.00 3.00 86.40
20.00 243.00 1.00 4.00 162.07
245.00 237.00 0.00 5.00 61.66
85.00 241.00 0.00 4.00 158.82
246.00 239.00 1.00 3.00 41.65
245.00 81.00 1.00 5.00 74.18
251.00 44.00 1.00 4.00 193.35
28.00 196.00 0.00 5.00 146.09
83.00 241.00 0.00 3.00 159.68
58.00 245.00 1.00 5.00 170.17
246.00 26.00 0.00 5.00 151.56
239.00 246.00 1.00 3.00 194.43
183.00 4.00 0.00 4.00 162.74
241.00 244.00 1.00 5.00 82.82
237.00 245.00 0.00 4.00 40.50
158.00 251.00 0.00 4.00 39.04
103.00 237.00 0.00 1.00 105.93
239.00 245.00 1.00 3.00 185.81
246.00 163.00 0.00 2.00 88.30
98.00 246.00 1.00 1.00 42.73
158.00 246.00 1.00 1.00 32.66
60.00 240.00 0.00 5.00 80.03
248.00 85.00 1.00 2.00 87.60
249.00 192.00 0.00 2.00 70.60
248.00 240.00 1.00 5.00 78.85
76.00 251.00 1.00 1.00 33.55
10.00 241.00 0.00 4.00 82.57
3.00 239.00 1.00 3.00 157.65
239.00 198.00 0.00 5.00 37.28
24.00 248.00 1.00 4.00 89.02
242.00 36.00 0.00 4.00 89.26
205.00 136.00 1.00 3.00 59.11
247.00 183.00 0.00 1.00 72.05
145.00 24.00 0.00 3.00 187.35
236.00 225.00 1.00 4.00 111.05
244.00 250.00 0.00 1.00 151.77
196.00 87.00 1.00 2.00 174.07
251.00 242.00 0.00 1.00 114.72
39.00 251.00 1.00 2.00 133.59
236.00 242.00 0.00 2.00 116.67
238.00 96.00 1.00 2.00 166.66
205.00 51.00 0.00 3.00 46.68
195.00 62.00 0.00 4.00 135.31
242.00 85.00 1.00 1.00 98.66
246.00 68.00 1.00 1.00 55.05
199.00 74.00 0.00 1.00 96.46
135.00 241.00 0.00 5.00 74.70
239.00 245.00 1.00 5.00 98.87
243.00 246.00 0.00 2.00 68.45
241.00 228.00 1.00 2.00 163.66
125.00 219.00 1.00 3.00 126.19
15.00 234.00 1.00 4.00 78.35
241.00 82.00 0.00 5.00 46.31
251.00 102.00 1.00 2.00 161.79
236.00 247.00 0.00 4.00 122.66
93.00 248.00 0.00 3.00 73.55
237.00 114.00 1.00 2.00 153.21
228.00 240.00 0.00 1.00 102.63
130.00 165.00 0.00 2.00 43.21
238.00 58.00 0.00 5.00 154.69
251.00 237.00 0.00 3.00 138.87
100.00 243.00 1.00 1.00 183.89
164.00 241.00 1.00 1.00 87.86
245.00 122.00 1.00 2.00 99.26
237.00 188.00 1.00 1.00 124.26
246.00 109.00 1.00 4.00 31.05
145.00 106.00 0.00 2.00 44.73
245.00 185.00 0.00 3.00 162.52
241.00 247.00 1.00 5.00 81.51
160.00 199.00 0.00 4.00 185.85
25.00 247.00 0.00 4.00 87.05
239.00 249.00 1.00 5.00 183.02
119.00 45.00 0.00 3.00 180.40
149.00 217.00 1.00 4.00 116.07
120.00 189.00 1.00 4.00 96.70
248.00 96.00 1.00 2.00 84.54
244.00 26.00 0.00 4.00 101.23
242.00 251.00 1.00 1.00 131.67
196.00 230.00 1.00 2.00 54.56
239.00 248.00 0.00 4.00 103.19
88.00 244.00 1.00 3.00 64.92
248.00 241.00 1.00 2.00 194.48
106.00 247.00 0.00 3.00 72.98
251.00 240.00 1.00 5.00 174.80
237.00 190.00 1.00 5.00 57.63
171.00 88.00 0.00 5.00 61.15
201.00 25.00 0.00 3.00 174.68
150.00 218.00 1.00 3.00 89.45
72.00 52.00 1.00 3.00 118.52
238.00 99.00 0.00 5.00 156.98
243.00 153.00 1.00 1.00 65.82
109.00 115.00 0.00 4.00 182.84
242.00 251.00 0.00 3.00 50.25
240.00 149.00 0.00 4.00 54.80
246.00 228.00 0.00 5.00 32.77
249.00 151.00 0.00 2.00 127.64
239.00 249.00 0.00 5.00 161.98
224.00 134.00 1.00 2.00 109.70
245.00 189.00 0.00 5.00 179.60
233.00 236.00 1.00 2.00 149.79
237.00 11.00 0.00 2.00 69.93
248.00 69.00 1.00 5.00 43.30
236.00 243.00 1.00 2.00 155.26
198.00 239.00 0.00 5.00 188.09
243.00 172.00 0.00 1.00 127.13
189.00 162.00 0.00 4.00 40.68
238.00 210.00 0.00 2.00 136.45
244.00 96.00 1.00 3.00 120.57
245.00 13.00 1.00 3.00 197.05
102.00 248.00 1.00 2.00 78.20
62.00 211.00 1.00 4.00 186.58
246.00 240.00 1.00 1.00 85.70
247.00 238.00 0.00 5.00 83.95
244.00 250.00 1.00 1.00 132.51
248.00 193.00 1.00 3.00 181.71
136.00 124.00 1.00 3.00 54.99
95.00 225.00 0.00 5.00 192.84
25.00 212.00 0.00 3.00 78.14
6.00 239.00 0.00 5.00 47.71
199.00 236.00 0.00 1.00 149.07
248.00 14.00 0.00 1.00 61.31
150.00 236.00 1.00 1.00 41.31
238.00 122.00 1.00 3.00 136.72
244.00 239.00 1.00 2.00 107.80
238.00 249.00 0.00 4.00 90.23
245.00 236.00 1.00 3.00 144.66
248.00 11.00 0.00 1.00 68.98
242.00 245.00 1.00 1.00 115.14
248.00 108.00 0.00 2.00 86.14
242.00 56.00 0.00 5.00 78.20
115.00 251.00 0.00 1.00 86.13
250.00 244.00 1.00 1.00 51.52
246.00 237.00 1.00 5.00 139.25
154.00 248.00 0.00 2.00 71.26
250.00 243.00 0.00 5.00 82.23
193.00 238.00 1.00 5.00 60.86
230.00 245.00 0.00 2.00 59.86
176.00 248.00 0.00 2.00 80.03
239.00 53.00 1.00 5.00 140.36
245.00 238.00 0.00 1.00 102.25
239.00 244.00 0.00 4.00 54.37
246.00 243.00 1.00 3.00 124.68
183.00 247.00 1.00 2.00 44.26
119.00 39.00 1.00 5.00 189.63
243.00 245.00 1.00 2.00 97.11
237.00 2.00 0.00 3.00 198.15
248.00 89.00 0.00 2.00 116.52
251.00 144.00 0.00 1.00 170.37
242.00 236.00 0.00 3.00 83.87
237.00 247.00 0.00 3.00 126.90
242.00 181.00 1.00 4.00 121.27
251.00 245.00 0.00 1.00 177.18
185.00 215.00 0.00 5.00 193.51
183.00 124.00 1.00 4.00 114.31
251.00 238.00 0.00 2.00 168.53
221.00 247.00 1.00 2.00 186.58
141.00 240.00 1.00 4.00 91.68
249.00 238.00 0.00 5.00 174.32
11.00 222.00 1.00 5.00 167.33
240.00 247.00 1.00 2.00 140.90
97.00 130.00 1.00 2.00 47.95
213.00 238.00 0.00 1.00 141.96
77.00 250.00 1.00 2.00 165.55
248.00 236.00 0.00 4.00 75.88
161.00 248.00 1.00 5.00 166.24
241.00 7.00 0.00 3.00 46.33
147.00 244.00 1.00 2.00 163.73
205.00 241.00 0.00 4.00 171.34
241.00 249.00 0.00 3.00 65.72
233.00 241.00 0.00 4.00 109.96
176.00 46.00 1.00 5.00 188.54
161.00 185.00 1.00 1.00 145.95
137.00 248.00 0.00 4.00 153.16
4.00 132.00 0.00 5.00 36.16
236.00 251.00 1.00 3.00 187.66
208.00 247.00 0.00 4.00 74.55
250.00 196.00 1.00 2.00 52.87
240.00 155.00 1.00 1.00 31.99
217.00 251.00 0.00 5.00 90.70
104.00 92.00 0.00 1.00 34.33
239.00 247.00 1.00 5.00 110.83
249.00 240.00 1.00 5.00 145.28
39.00 220.00 0.00 4.00 171.82
242.00 249.00 0.00 3.00 88.78
238.00 228.00 0.00 3.00 123.58
238.00 248.00 1.00 3.00 140.67
42.00 57.00 1.00 1.00 76.87
137.00 234.00 1.00 1.00 64.66
247.00 242.00 1.00 3.00 98.31
118.00 10.00 1.00 3.00 120.41
251.00 9.00 0.00 2.00 139.65
127.00 173.00 1.00 5.00 111.83
48.00 202.00 0.00 3.00 120.31
240.00 250.00 1.00 2.00 69.98
9.00 249.00 0.00 1.00 134.23
16.00 242.00 0.00 5.00 35.02
51.00 246.00 1.00 5.00 60.11
152.00 238.00 0.00 2.00 198.46
241.00 247.00 1.00 5.00 168.01
251.00 77.00 1.00 2.00 103.02
59.00 79.00 1.00 2.00 133.39
245.00 195.00 0.00 1.00 73.92
75.00 214.00 0.00 1.00 187.12
250.00 240.00 1.00 1.00 135.69
239.00 179.00 0.00 5.00 143.92
238.00 143.00 0.00 1.00 49.55
156.00 23.00 0.00 3.00 64.57
163.00 238.00 0.00 5.00 129.63
238.00 248.00 1.00 5.00 54.85
56.00 123.00 1.00 1.00 68.82
249.00 173.00 1.00 1.00 149.38
251.00 244.00 1.00 2.00 165.87
248.00 241.00 0.00 1.00 80.43
245.00 38.00 0.00 1.00 195.38
49.00 241.00 1.00 4.00 106.85
238.00 251.00 0.00 1.00 74.06
246.00 241.00 1.00 4.00 194.36
246.00 180.00 0.00 1.00 191.76
4.00 242.00 0.00 2.00 78.74
50.00 68.00 1.00 1.00 71.43
243.00 77.00 0.00 5.00 105.93
242.00 251.00 1.00 1.00 139.34
37.00 25.00 0.00 2.00 89.78
4.00 88.00 1.00 5.00 176.24
248.00 236.00 0.00 3.00 117.60
240.00 251.00 0.00 4.00 47.24
236.00 251.00 0.00 2.00 149.31
163.00 66.00 1.00 4.00 70.51
237.00 250.00 1.00 4.00 162.91
239.00 250.00 0.00 2.00 48.03
35.00 242.00 1.00 2.00 63.13
27.00 223.00 1.00 1.00 154.33
20.00 47.00 0.00 5.00 65.69
249.00 238.00 1.00 3.00 73.69
239.00 7.00 1.00 2.00 137.13
140.00 228.00 0.00 5.00 76.41
58.00 50.00 0.00 1.00 154.01
236.00 249.00 0.00 1.00 171.48
5.00 236.00 1.00 1.00 125.55
106.00 82.00 0.00 1.00 99.18
237.00 83.00 0.00 5.00 128.32
248.00 6.00 0.00 3.00 189.49
244.00 238.00 0.00 3.00 178.92
236.00 81.00 1.00 4.00 82.93
65.00 105.00 1.00 5.00 110.23
198.00 239.00 0.00 3.00 74.33
249.00 238.00 0.00 5.00 111.80
46.00 246.00 1.00 5.00 106.17
36.00 245.00 1.00 3.00 157.81
27.00 246.00 0.00 3.00 113.40
100.00 240.00 1.00 1.00 162.71
243.00 246.00 0.00 2.00 102.94
236.00 251.00 0.00 1.00 83.08
251.00 242.00 0.00 4.00 150.71
237.00 173.00 1.00 1.00 104.85
179.00 136.00 0.00 4.00 148.40
231.00 251.00 1.00 2.00 166.42
172.00 238.00 1.00 1.00 55.18
239.00 251.00 0.00 4.00 73.17
243.00 0.00 0.00 3.00 40.99
177.00 156.00 0.00 2.00 112.35
