245.00 239.00 1.00 3.00 196.52
251.00 242.00 0.00 5.00 179.27
156.00 250.00 1.00 3.00 90.27
236.00 125.00 1.00 2.00 136.58
235.00 44.00 0.00 1.00 190.79
245.00 239.00 0.00 2.00 144.60
203.00 246.00 1.00 2.00 92.07
187.00 220.00 1.00 1.00 109.64
249.00 239.00 1.00 3.00 142.25
240.00 206.00 0.00 2.00 76.60
241.00 250.00 1.00 4.00 89.15
250.00 240.00 0.00 5.00 35.15
248.00 239.00 0.00 1.00 47.55
195.00 1.00 0.00 4.00 54.80
74.00 236.00 0.00 1.00 198.86
94.00 242.00 1.00 5.00 122.97
240.00 207.00 0.00 3.00 134.44
238.00 248.00 1.00 4.00 179.35
236.00 251.00 0.00 2.00 106.94
241.00 17.00 1.00 1.00 189.12
245.00 239.00 0.00 1.00 54.67
241.00 199.00 0.00 3.00 51.81
239.00 112.00 1.00 1.00 145.78
239.00 248.00 0.00 5.00 164.49
95.00 238.00 0.00 4.00 173.15
122.00 154.00 1.00 1.00 33.50
124.00 244.00 0.00 5.00 50.75
247.00 240.00 1.00 2.00 198.23
245.00 94.00 1.00 4.00 49.51
238.00 16.00 1.00 2.00 55.30
246.00 23.00 1.00 4.00 137.05
242.00 170.00 1.00 4.00 153.42
225.00 243.00 1.00 5.00 119.34
134.00 238.00 1.00 2.00 146.53
86.00 237.00 0.00 2.00 133.76
241.00 33.00 1.00 3.00 56.55
165.00 42.00 1.00 3.00 158.08
91.00 240.00 1.00 4.00 179.47
176.00 88.00 0.00 3.00 158.19
244.00 243.00 1.00 2.00 120.13
248.00 242.00 1.00 3.00 163.82
235.00 110.00 0.00 2.00 72.49
98.00 237.00 0.00 3.00 91.11
92.00 46.00 1.00 5.00 32.18
250.00 26.00 1.00 3.00 42.31
241.00 246.00 0.00 3.00 49.07
245.00 81.00 0.00 2.00 57.97
97.00 242.00 0.00 3.00 93.87
241.00 249.00 0.00 4.00 58.69
91.00 159.00 0.00 2.00 67.05
249.00 111.00 1.00 3.00 117.67
221.00 241.00 0.00 5.00 104.96
251.00 238.00 1.00 1.00 179.42
167.00 251.00 1.00 2.00 144.53
249.00 52.00 0.00 2.00 157.99
243.00 246.00 0.00 1.00 181.19
234.00 206.00 1.00 3.00 154.58
148.00 210.00 0.00 4.00 108.51
218.00 245.00 0.00 1.00 103.18
56.00 196.00 0.00 1.00 195.97
244.00 239.00 1.00 1.00 148.83
211.00 88.00 1.00 3.00 73.22
49.00 239.00 0.00 1.00 37.13
6.00 115.00 0.00 4.00 67.82
244.00 239.00 0.00 3.00 186.93
239.00 250.00 1.00 2.00 197.31
101.00 243.00 1.00 1.00 181.24
13.00 241.00 1.00 4.00 67.34
248.00 96.00 1.00 3.00 154.04
135.00 239.00 1.00 3.00 135.26
251.00 236.00 0.00 1.00 81.25
246.00 242.00 0.00 4.00 166.17
240.00 245.00 0.00 2.00 186.06
244.00 74.00 0.00 2.00 41.95
120.00 243.00 0.00 1.00 156.78
195.00 203.00 0.00 2.00 93.17
239.00 246.00 1.00 4.00 62.33
94.00 245.00 1.00 3.00 32.46
247.00 239.00 1.00 3.00 32.24
40.00 250.00 0.00 3.00 68.56
236.00 242.00 1.00 5.00 77.74
220.00 160.00 0.00 4.00 65.50
224.00 148.00 1.00 5.00 150.31
202.00 64.00 0.00 2.00 120.95
239.00 245.00 0.00 3.00 163.03
58.00 244.00 1.00 1.00 62.12
247.00 239.00 0.00 1.00 57.13
123.00 183.00 0.00 1.00 79.12
250.00 207.00 1.00 5.00 41.91
243.00 251.00 0.00 5.00 136.99
237.00 250.00 1.00 3.00 154.16
247.00 242.00 1.00 1.00 152.40
78.00 165.00 1.00 3.00 184.63
45.00 79.00 1.00 4.00 92.69
77.00 243.00 0.00 5.00 32.55
247.00 222.00 0.00 4.00 162.11
217.00 247.00 1.00 5.00 54.18
208.00 119.00 1.00 2.00 94.16
246.00 65.00 0.00 3.00 114.85
250.00 244.00 1.00 2.00 194.57
129.00 239.00 1.00 1.00 56.14
178.00 237.00 1.00 4.00 149.29
210.00 126.00 1.00 4.00 64.31
243.00 246.00 0.00 2.00 137.20
240.00 246.00 1.00 4.00 197.43
232.00 251.00 0.00 2.00 88.39
249.00 175.00 1.00 1.00 174.75
196.00 92.00 0.00 1.00 81.84
243.00 7.00 0.00 3.00 194.65
47.00 243.00 0.00 1.00 35.00
239.00 248.00 0.00 4.00 148.11
246.00 92.00 0.00 1.00 108.08
97.00 248.00 1.00 2.00 154.29
47.00 239.00 0.00 3.00 158.03
112.00 7.00 0.00 3.00 166.68
239.00 246.00 0.00 5.00 125.38
233.00 175.00 0.00 1.00 115.69
237.00 248.00 0.00 1.00 77.40
241.00 10.00 0.00 1.00 100.88
25.00 201.00 1.00 1.00 80.54
102.00 5.00 0.00 3.00 48.39
172.00 215.00 0.00 1.00 94.12
142.00 237.00 0.00 1.00 180.18
32.00 167.00 0.00 1.00 156.00
128.00 249.00 0.00 5.00 106.56
245.00 237.00 1.00 3.00 136.05
250.00 244.00 1.00 1.00 159.44
251.00 75.00 1.00 2.00 155.07
89.00 251.00 0.00 3.00 147.75
240.00 39.00 1.00 1.00 183.88
100.00 78.00 0.00 2.00 57.15
238.00 245.00 1.00 1.00 98.17
244.00 236.00 1.00 2.00 143.71
238.00 72.00 0.00 2.00 70.08
14.00 246.00 0.00 2.00 147.75
151.00 243.00 0.00 1.00 126.37
242.00 128.00 1.00 2.00 156.42
137.00 232.00 0.00 4.00 67.83
45.00 180.00 1.00 5.00 102.94
191.00 245.00 1.00 2.00 62.93
246.00 238.00 0.00 5.00 169.67
245.00 239.00 0.00 3.00 114.64
250.00 237.00 1.00 2.00 165.41
162.00 242.00 1.00 4.00 131.26
128.00 236.00 0.00 4.00 134.19
249.00 240.00 0.00 3.00 35.41
251.00 209.00 0.00 3.00 81.95
251.00 236.00 0.00 4.00 194.21
97.00 155.00 1.00 3.00 78.04
251.00 226.00 1.00 1.00 138.03
32.00 149.00 1.00 5.00 132.66
236.00 247.00 1.00 4.00 191.42
195.00 78.00 0.00 5.00 199.97
95.00 118.00 1.00 1.00 47.28
237.00 197.00 1.00 4.00 107.89
237.00 123.00 1.00 1.00 39.89
6.00 163.00 0.00 3.00 158.50
190.00 246.00 1.00 2.00 141.07
246.00 238.00 0.00 5.00 90.15
241.00 170.00 1.00 5.00 45.53
242.00 244.00 1.00 2.00 80.19
251.00 210.00 0.00 3.00 190.32
241.00 244.00 1.00 2.00 139.33
195.00 238.00 0.00 3.00 118.60
248.00 11.00 1.00 4.00 77.08
237.00 249.00 1.00 4.00 198.23
250.00 239.00 0.00 3.00 192.73
238.00 247.00 1.00 1.00 159.16
243.00 168.00 0.00 4.00 92.79
55.00 240.00 1.00 3.00 51.93
246.00 240.00 0.00 4.00 78.36
247.00 242.00 0.00 2.00 144.74
49.00 245.00 0.00 5.00 112.07
79.00 10.00 1.00 2.00 68.16
241.00 250.00 0.00 3.00 170.08
246.00 239.00 0.00 3.00 153.83
134.00 50.00 0.00 4.00 110.14
84.00 62.00 0.00 4.00 69.08
249.00 163.00 0.00 2.00 115.74
86.00 173.00 1.00 2.00 52.17
40.00 143.00 0.00 4.00 189.70
230.00 41.00 1.00 5.00 132.17
249.00 242.00 1.00 4.00 99.10
29.00 213.00 1.00 2.00 116.99
237.00 243.00 0.00 4.00 193.79
45.00 140.00 0.00 3.00 93.85
242.00 174.00 1.00 1.00 148.00
100.00 238.00 1.00 3.00 108.59
249.00 236.00 1.00 1.00 91.98
75.00 238.00 0.00 2.00 191.61
22.00 176.00 0.00 1.00 87.59
169.00 227.00 1.00 3.00 187.12
219.00 247.00 0.00 4.00 128.21
124.00 62.00 1.00 1.00 100.29
73.00 240.00 0.00 1.00 64.50
172.00 241.00 1.00 5.00 36.98
184.00 237.00 1.00 2.00 176.39
58.00 42.00 0.00 2.00 152.40
241.00 246.00 1.00 2.00 147.06
217.00 236.00 1.00 1.00 158.04
43.00 151.00 1.00 1.00 159.21
16.00 217.00 0.00 3.00 181.59
40.00 245.00 0.00 5.00 159.72
248.00 241.00 0.00 1.00 197.75
229.00 186.00 1.00 1.00 165.16
51.00 240.00 0.00 5.00 105.62
241.00 137.00 0.00 1.00 78.44
247.00 242.00 1.00 4.00 51.19
245.00 176.00 1.00 3.00 53.74
238.00 245.00 1.00 5.00 78.36
240.00 185.00 0.00 1.00 76.67
97.00 227.00 1.00 3.00 63.16
108.00 239.00 1.00 2.00 163.88
51.00 64.00 0.00 4.00 101.12
12.00 239.00 1.00 4.00 150.41
184.00 14.00 0.00 1.00 105.32
237.00 249.00 1.00 4.00 141.32
240.00 92.00 1.00 2.00 71.96
251.00 51.00 0.00 3.00 187.49
164.00 83.00 0.00 1.00 132.99
239.00 250.00 0.00 3.00 138.03
235.00 133.00 1.00 1.00 182.22
239.00 10.00 1.00 2.00 83.87
161.00 245.00 0.00 5.00 57.50
173.00 242.00 1.00 3.00 91.21
172.00 50.00 1.00 4.00 146.12
237.00 70.00 0.00 1.00 100.18
139.00 248.00 1.00 2.00 192.53
28.00 246.00 1.00 2.00 30.15
84.00 249.00 0.00 5.00 58.26
127.00 18.00 0.00 2.00 95.25
190.00 247.00 1.00 4.00 99.58
50.00 130.00 1.00 1.00 165.33
245.00 184.00 1.00 3.00 123.07
248.00 227.00 0.00 1.00 105.95
251.00 6.00 0.00 4.00 147.51
245.00 100.00 0.00 5.00 134.45
237.00 69.00 0.00 5.00 159.62
174.00 225.00 0.00 1.00 131.68
25.00 245.00 1.00 1.00 57.93
237.00 178.00 0.00 5.00 40.68
125.00 28.00 1.00 3.00 112.04
186.00 237.00 1.00 4.00 194.55
248.00 243.00 0.00 2.00 142.90
197.00 30.00 1.00 5.00 176.01
189.00 88.00 0.00 2.00 61.67
150.00 122.00 0.00 5.00 167.73
240.00 244.00 0.00 2.00 128.10
80.00 237.00 0.00 5.00 123.81
45.00 110.00 0.00 2.00 90.12
247.00 242.00 0.00 2.00 32.56
248.00 243.00 0.00 1.00 58.82
199.00 52.00 0.00 5.00 81.56
242.00 184.00 0.00 1.00 77.10
247.00 64.00 0.00 5.00 50.96
118.00 239.00 1.00 2.00 100.62
243.00 237.00 1.00 2.00 125.97
57.00 83.00 0.00 1.00 84.12
250.00 72.00 0.00 3.00 71.76
34.00 160.00 1.00 4.00 67.93
245.00 91.00 1.00 3.00 182.38
243.00 251.00 0.00 2.00 60.50
251.00 244.00 1.00 4.00 139.70
175.00 248.00 1.00 1.00 197.20
91.00 201.00 1.00 1.00 170.34
243.00 78.00 0.00 1.00 40.48
237.00 246.00 1.00 1.00 86.61
239.00 245.00 1.00 4.00 197.39
127.00 108.00 0.00 1.00 154.39
243.00 180.00 0.00 1.00 150.02
223.00 107.00 1.00 4.00 79.34
96.00 68.00 1.00 3.00 87.36
43.00 238.00 1.00 3.00 91.87
171.00 246.00 1.00 2.00 187.24
248.00 236.00 0.00 1.00 165.44
240.00 245.00 1.00 5.00 189.06
245.00 237.00 0.00 1.00 185.70
215.00 24.00 1.00 3.00 172.71
250.00 241.00 1.00 3.00 147.36
233.00 168.00 0.00 5.00 78.03
185.00 34.00 1.00 2.00 39.99
62.00 251.00 1.00 5.00 194.57
251.00 4.00 1.00 2.00 126.49
114.00 67.00 0.00 2.00 182.85
192.00 13.00 0.00 4.00 73.80
198.00 213.00 0.00 1.00 194.32
109.00 249.00 1.00 3.00 65.36
104.00 15.00 1.00 2.00 181.63
225.00 140.00 0.00 1.00 170.93
241.00 163.00 0.00 1.00 196.39
24.00 249.00 1.00 3.00 128.93
242.00 245.00 1.00 3.00 181.82
244.00 236.00 0.00 3.00 176.76
241.00 91.00 1.00 5.00 136.93
242.00 247.00 0.00 4.00 109.83
243.00 185.00 0.00 4.00 188.62
75.00 242.00 0.00 4.00 145.39
180.00 249.00 1.00 1.00 170.65
5.00 216.00 1.00 3.00 67.61
249.00 240.00 1.00 1.00 126.91
249.00 74.00 0.00 4.00 56.23
15.00 236.00 1.00 1.00 193.46
37.00 172.00 1.00 1.00 83.94
246.00 236.00 1.00 1.00 56.65
80.00 110.00 1.00 4.00 129.73
219.00 245.00 0.00 5.00 116.31
133.00 238.00 0.00 2.00 139.84
240.00 246.00 0.00 2.00 99.19
238.00 100.00 1.00 1.00 175.68
239.00 180.00 1.00 1.00 198.51
241.00 247.00 1.00 4.00 145.88
215.00 241.00 1.00 4.00 124.77
243.00 18.00 0.00 1.00 38.78
247.00 162.00 0.00 4.00 99.05
130.00 47.00 1.00 1.00 35.31
167.00 242.00 1.00 3.00 47.93
249.00 240.00 0.00 3.00 76.23
154.00 20.00 1.00 2.00 43.59
243.00 244.00 1.00 4.00 139.34
181.00 14.00 0.00 2.00 73.75
29.00 112.00 1.00 5.00 161.29
246.00 37.00 0.00 4.00 86.14
183.00 244.00 0.00 4.00 146.28
249.00 166.00 0.00 1.00 123.59
117.00 221.00 0.00 4.00 174.11
111.00 93.00 0.00 3.00 191.95
250.00 232.00 0.00 3.00 187.59
247.00 2.00 0.00 2.00 42.96
237.00 245.00 1.00 2.00 110.46
117.00 238.00 0.00 3.00 104.31
242.00 200.00 1.00 3.00 175.82
145.00 245.00 1.00 4.00 165.91
127.00 236.00 0.00 3.00 188.10
241.00 249.00 0.00 5.00 81.30
160.00 251.00 1.00 4.00 188.82
244.00 250.00 1.00 1.00 45.29
129.00 236.00 0.00 5.00 50.44
54.00 127.00 1.00 2.00 59.30
242.00 176.00 1.00 2.00 81.72
250.00 187.00 0.00 1.00 116.85
245.00 251.00 0.00 1.00 171.35
218.00 175.00 0.00 1.00 166.16
244.00 67.00 1.00 4.00 137.02
240.00 155.00 0.00 3.00 199.92
221.00 40.00 1.00 5.00 147.01
238.00 109.00 0.00 5.00 125.55
239.00 70.00 1.00 2.00 35.88
248.00 176.00 0.00 5.00 66.88
246.00 109.00 0.00 3.00 177.37
14.00 236.00 1.00 4.00 46.80
238.00 55.00 0.00 1.00 58.07
230.00 64.00 0.00 2.00 109.72
44.00 62.00 1.00 2.00 120.05
23.00 243.00 0.00 2.00 148.61
246.00 240.00 0.00 5.00 43.68
140.00 19.00 1.00 5.00 69.39
9.00 91.00 1.00 3.00 124.09
10.00 238.00 1.00 3.00 107.52
125.00 136.00 0.00 3.00 182.64
6.00 224.00 0.00 1.00 89.20
72.00 228.00 0.00 5.00 72.12
237.00 243.00 0.00 1.00 46.73
44.00 248.00 1.00 4.00 59.14
239.00 16.00 1.00 3.00 87.97
236.00 72.00 0.00 5.00 162.20
167.00 248.00 1.00 5.00 107.77
241.00 244.00 0.00 1.00 58.82
228.00 42.00 0.00 2.00 110.20
244.00 241.00 0.00 3.00 102.14
46.00 63.00 0.00 4.00 121.66
118.00 238.00 0.00 5.00 75.52
247.00 7.00 0.00 3.00 108.70
236.00 247.00 0.00 3.00 195.91
250.00 242.00 1.00 4.00 121.15
120.00 74.00 0.00 3.00 168.55
137.00 181.00 1.00 3.00 159.15
242.00 79.00 1.00 4.00 174.94
248.00 243.00 1.00 1.00 108.78
248.00 239.00 0.00 4.00 77.83
236.00 212.00 0.00 3.00 159.31
66.00 126.00 0.00 5.00 70.56
139.00 119.00 1.00 4.00 125.91
249.00 205.00 0.00 1.00 81.34
162.00 125.00 0.00 1.00 33.63
111.00 114.00 1.00 4.00 153.59
39.00 240.00 1.00 3.00 88.53
238.00 250.00 0.00 3.00 158.90
49.00 221.00 1.00 5.00 157.05
31.00 251.00 1.00 1.00 159.67
239.00 245.00 1.00 4.00 88.47
120.00 251.00 1.00 2.00 176.97
193.00 54.00 0.00 3.00 168.11
247.00 121.00 1.00 2.00 105.13
241.00 248.00 1.00 3.00 178.10
249.00 37.00 0.00 2.00 121.92
196.00 92.00 1.00 3.00 47.60
243.00 247.00 1.00 5.00 184.96
21.00 83.00 1.00 5.00 65.13
232.00 191.00 0.00 4.00 117.45
246.00 238.00 0.00 5.00 121.11
