239.00 40.00 0.00 3.00 177.62
195.00 231.00 0.00 5.00 142.07
251.00 36.00 0.00 4.00 77.42
128.00 236.00 0.00 5.00 116.00
244.00 161.00 1.00 5.00 114.28
238.00 136.00 0.00 2.00 33.40
206.00 248.00 0.00 3.00 110.79
167.00 248.00 0.00 2.00 179.30
96.00 243.00 1.00 2.00 103.06
245.00 126.00 1.00 2.00 136.39
241.00 154.00 1.00 5.00 127.10
72.00 251.00 1.00 5.00 114.65
208.00 224.00 0.00 1.00 116.20
82.00 236.00 0.00 3.00 182.95
242.00 130.00 0.00 1.00 156.49
245.00 238.00 1.00 4.00 173.28
245.00 238.00 1.00 3.00 84.28
133.00 242.00 1.00 4.00 86.46
25.00 144.00 0.00 5.00 60.20
42.00 237.00 1.00 5.00 172.53
176.00 237.00 0.00 1.00 46.21
242.00 250.00 0.00 2.00 194.51
249.00 241.00 1.00 4.00 150.73
204.00 92.00 1.00 1.00 141.15
246.00 30.00 0.00 5.00 97.73
51.00 176.00 1.00 2.00 166.19
190.00 238.00 1.00 4.00 138.61
53.00 248.00 0.00 1.00 198.31
214.00 193.00 0.00 1.00 129.85
248.00 124.00 0.00 4.00 162.63
247.00 9.00 1.00 4.00 179.45
239.00 160.00 1.00 2.00 149.21
69.00 239.00 1.00 5.00 131.53
187.00 246.00 0.00 5.00 132.05
243.00 103.00 0.00 1.00 44.07
251.00 244.00 0.00 4.00 94.99
239.00 245.00 1.00 4.00 88.10
240.00 246.00 0.00 2.00 89.37
146.00 249.00 1.00 2.00 48.75
242.00 250.00 0.00 1.00 30.50
251.00 25.00 1.00 3.00 96.63
97.00 152.00 0.00 4.00 90.08
239.00 248.00 0.00 1.00 98.82
239.00 86.00 0.00 3.00 48.80
237.00 36.00 1.00 3.00 96.35
179.00 249.00 1.00 1.00 190.65
246.00 123.00 0.00 1.00 50.22
251.00 202.00 0.00 5.00 160.01
112.00 240.00 1.00 1.00 196.37
248.00 236.00 1.00 1.00 195.77
120.00 111.00 1.00 5.00 173.96
112.00 238.00 0.00 3.00 132.39
10.00 141.00 0.00 2.00 170.88
242.00 129.00 1.00 2.00 117.59
244.00 65.00 0.00 5.00 163.87
153.00 248.00 0.00 1.00 75.51
247.00 236.00 1.00 5.00 61.48
175.00 194.00 1.00 1.00 109.02
119.00 236.00 1.00 4.00 113.88
238.00 246.00 1.00 5.00 172.75
180.00 241.00 0.00 3.00 125.76
241.00 164.00 0.00 4.00 31.41
40.00 247.00 0.00 4.00 162.18
29.00 93.00 1.00 1.00 186.18
236.00 246.00 0.00 1.00 155.78
244.00 237.00 0.00 3.00 188.42
154.00 109.00 1.00 1.00 149.03
241.00 248.00 0.00 1.00 103.12
117.00 90.00 0.00 5.00 36.75
236.00 247.00 1.00 1.00 46.14
246.00 23.00 0.00 4.00 170.33
35.00 243.00 1.00 2.00 115.12
208.00 90.00 1.00 4.00 185.12
195.00 246.00 1.00 2.00 35.73
121.00 113.00 1.00 5.00 149.38
41.00 248.00 1.00 3.00 199.32
202.00 170.00 1.00 1.00 67.77
236.00 249.00 1.00 4.00 173.24
215.00 96.00 0.00 2.00 123.39
102.00 139.00 0.00 2.00 105.15
68.00 30.00 0.00 4.00 173.18
243.00 219.00 1.00 1.00 176.73
244.00 238.00 1.00 3.00 158.97
113.00 249.00 1.00 3.00 95.56
244.00 162.00 1.00 4.00 125.66
70.00 119.00 0.00 1.00 186.58
246.00 236.00 1.00 4.00 89.56
158.00 90.00 1.00 3.00 43.80
44.00 181.00 0.00 3.00 106.82
250.00 99.00 0.00 3.00 85.06
139.00 244.00 1.00 1.00 188.25
114.00 249.00 1.00 5.00 82.21
35.00 251.00 0.00 2.00 72.71
239.00 107.00 1.00 3.00 45.47
197.00 249.00 1.00 2.00 38.06
248.00 74.00 0.00 5.00 167.92
237.00 247.00 0.00 1.00 125.74
244.00 45.00 1.00 3.00 150.96
248.00 242.00 0.00 5.00 183.60
249.00 65.00 0.00 5.00 178.39
201.00 238.00 0.00 3.00 111.18
245.00 239.00 0.00 3.00 121.67
4.00 242.00 0.00 5.00 54.41
250.00 210.00 1.00 2.00 170.21
173.00 66.00 0.00 2.00 50.69
240.00 145.00 0.00 1.00 197.76
146.00 178.00 0.00 1.00 123.55
137.00 246.00 1.00 5.00 177.02
114.00 214.00 0.00 2.00 167.87
16.00 250.00 0.00 1.00 179.41
151.00 176.00 0.00 2.00 183.75
230.00 76.00 0.00 3.00 85.46
98.00 206.00 1.00 3.00 194.71
162.00 199.00 0.00 3.00 85.05
234.00 242.00 1.00 3.00 93.06
237.00 50.00 0.00 3.00 98.26
55.00 241.00 1.00 4.00 155.04
239.00 48.00 1.00 1.00 152.60
128.00 249.00 1.00 5.00 95.21
249.00 99.00 1.00 2.00 174.02
251.00 136.00 0.00 1.00 182.15
237.00 72.00 0.00 4.00 95.34
235.00 243.00 0.00 3.00 106.22
148.00 247.00 1.00 1.00 120.72
245.00 237.00 0.00 3.00 153.70
212.00 90.00 1.00 5.00 167.78
1.00 42.00 0.00 5.00 102.57
208.00 242.00 0.00 1.00 175.20
248.00 142.00 0.00 1.00 176.12
245.00 84.00 1.00 2.00 169.48
18.00 250.00 0.00 3.00 151.68
193.00 9.00 1.00 5.00 43.14
208.00 237.00 0.00 4.00 183.50
4.00 134.00 0.00 1.00 155.00
86.00 163.00 1.00 1.00 91.11
242.00 87.00 0.00 2.00 63.54
21.00 243.00 0.00 2.00 95.82
243.00 232.00 1.00 5.00 86.25
239.00 1.00 1.00 3.00 123.86
153.00 26.00 1.00 4.00 106.39
217.00 71.00 0.00 5.00 188.69
96.00 213.00 1.00 5.00 78.22
118.00 240.00 1.00 1.00 30.77
194.00 99.00 0.00 4.00 92.97
148.00 246.00 0.00 1.00 183.39
147.00 251.00 0.00 3.00 88.08
244.00 236.00 0.00 1.00 150.03
245.00 240.00 0.00 3.00 132.29
180.00 245.00 0.00 3.00 165.38
248.00 11.00 0.00 5.00 193.46
240.00 244.00 0.00 4.00 38.93
126.00 241.00 1.00 2.00 147.33
230.00 241.00 0.00 5.00 112.52
199.00 203.00 1.00 2.00 183.40
201.00 245.00 1.00 1.00 173.84
248.00 237.00 1.00 2.00 184.18
246.00 240.00 0.00 2.00 186.02
115.00 243.00 1.00 5.00 40.13
26.00 237.00 1.00 1.00 184.96
180.00 117.00 1.00 3.00 90.89
240.00 248.00 0.00 5.00 117.05
245.00 193.00 1.00 3.00 94.18
142.00 249.00 1.00 4.00 186.31
10.00 250.00 1.00 3.00 123.86
109.00 244.00 1.00 4.00 31.75
242.00 245.00 1.00 5.00 185.37
251.00 245.00 0.00 5.00 118.50
76.00 145.00 1.00 1.00 197.70
248.00 238.00 0.00 4.00 139.18
236.00 34.00 0.00 5.00 159.03
102.00 165.00 0.00 5.00 106.10
242.00 247.00 0.00 1.00 113.91
185.00 246.00 0.00 3.00 197.98
248.00 114.00 1.00 2.00 40.96
237.00 250.00 0.00 2.00 80.65
207.00 236.00 0.00 1.00 138.07
105.00 207.00 0.00 4.00 45.10
245.00 56.00 0.00 1.00 136.34
42.00 244.00 0.00 3.00 148.68
5.00 243.00 0.00 4.00 186.41
201.00 247.00 1.00 2.00 87.72
244.00 217.00 1.00 3.00 129.32
186.00 228.00 0.00 1.00 56.92
243.00 140.00 0.00 5.00 76.01
247.00 138.00 1.00 5.00 57.69
185.00 171.00 0.00 5.00 146.12
22.00 172.00 0.00 5.00 64.48
245.00 209.00 0.00 1.00 30.10
238.00 201.00 1.00 5.00 155.29
141.00 79.00 1.00 4.00 64.75
250.00 39.00 0.00 1.00 159.79
42.00 19.00 0.00 2.00 45.47
177.00 246.00 0.00 3.00 79.94
206.00 245.00 1.00 5.00 152.99
31.00 52.00 0.00 2.00 79.81
94.00 245.00 1.00 4.00 106.35
48.00 246.00 1.00 1.00 113.69
181.00 248.00 1.00 2.00 69.47
248.00 238.00 1.00 2.00 44.31
189.00 240.00 0.00 1.00 81.05
165.00 196.00 1.00 1.00 164.45
196.00 172.00 1.00 4.00 173.48
242.00 77.00 1.00 4.00 193.78
122.00 249.00 0.00 4.00 30.09
236.00 245.00 0.00 3.00 104.62
150.00 240.00 0.00 2.00 71.67
240.00 244.00 1.00 4.00 94.00
244.00 91.00 1.00 1.00 121.29
198.00 249.00 0.00 5.00 173.38
246.00 22.00 0.00 3.00 46.09
57.00 69.00 1.00 2.00 129.06
250.00 243.00 1.00 3.00 97.50
173.00 227.00 1.00 3.00 167.56
241.00 175.00 0.00 1.00 102.93
4.00 82.00 0.00 4.00 78.20
65.00 243.00 1.00 5.00 83.21
51.00 102.00 0.00 3.00 50.13
74.00 95.00 1.00 3.00 154.32
236.00 245.00 1.00 5.00 41.76
238.00 250.00 0.00 3.00 162.66
250.00 111.00 0.00 3.00 97.21
249.00 242.00 1.00 4.00 171.08
95.00 247.00 1.00 2.00 154.32
237.00 249.00 1.00 2.00 77.80
242.00 247.00 1.00 1.00 142.03
191.00 46.00 0.00 2.00 85.04
242.00 119.00 0.00 5.00 165.27
244.00 49.00 0.00 5.00 173.63
243.00 250.00 0.00 3.00 162.02
42.00 203.00 0.00 4.00 114.56
49.00 118.00 0.00 2.00 174.69
110.00 59.00 1.00 5.00 48.90
244.00 165.00 0.00 1.00 96.96
62.00 248.00 0.00 4.00 109.56
202.00 54.00 0.00 4.00 191.85
95.00 48.00 0.00 2.00 176.25
184.00 101.00 1.00 2.00 40.90
243.00 107.00 1.00 1.00 149.59
248.00 169.00 0.00 1.00 119.73
199.00 244.00 0.00 3.00 197.76
169.00 2.00 1.00 4.00 33.95
39.00 33.00 1.00 4.00 136.63
16.00 251.00 1.00 4.00 88.79
227.00 245.00 0.00 5.00 152.09
242.00 249.00 0.00 1.00 67.23
90.00 159.00 0.00 3.00 48.51
39.00 242.00 0.00 2.00 53.46
237.00 247.00 1.00 3.00 124.63
51.00 248.00 1.00 4.00 180.02
245.00 82.00 0.00 3.00 90.74
248.00 243.00 0.00 4.00 105.11
63.00 245.00 1.00 3.00 71.63
177.00 165.00 0.00 2.00 111.06
67.00 71.00 1.00 4.00 174.55
57.00 246.00 1.00 4.00 171.63
156.00 97.00 1.00 1.00 37.03
241.00 193.00 1.00 1.00 152.98
244.00 237.00 1.00 3.00 71.09
251.00 156.00 1.00 4.00 65.95
244.00 34.00 1.00 1.00 63.74
213.00 243.00 0.00 5.00 69.97
246.00 60.00 0.00 5.00 152.93
248.00 242.00 0.00 1.00 139.59
249.00 236.00 1.00 2.00 192.52
113.00 150.00 0.00 5.00 198.26
168.00 238.00 0.00 4.00 45.65
240.00 247.00 0.00 3.00 169.41
126.00 133.00 1.00 4.00 136.96
13.00 89.00 0.00 1.00 94.19
111.00 224.00 1.00 3.00 75.77
240.00 105.00 1.00 4.00 154.48
246.00 243.00 0.00 5.00 103.50
242.00 52.00 0.00 4.00 191.64
250.00 37.00 1.00 4.00 188.43
247.00 239.00 0.00 5.00 118.59
148.00 243.00 0.00 1.00 119.93
245.00 251.00 0.00 3.00 65.01
81.00 245.00 1.00 3.00 161.00
31.00 208.00 1.00 5.00 143.93
237.00 249.00 1.00 3.00 99.66
219.00 245.00 0.00 3.00 89.97
247.00 237.00 0.00 2.00 130.89
1.00 94.00 0.00 3.00 144.04
238.00 245.00 0.00 5.00 179.08
56.00 78.00 1.00 1.00 136.50
61.00 239.00 0.00 1.00 185.94
108.00 236.00 1.00 5.00 195.88
188.00 249.00 0.00 5.00 153.11
243.00 247.00 0.00 1.00 176.99
170.00 119.00 1.00 3.00 37.84
249.00 105.00 1.00 2.00 78.36
242.00 247.00 0.00 1.00 51.93
251.00 242.00 1.00 5.00 146.93
90.00 11.00 0.00 1.00 149.68
245.00 237.00 0.00 2.00 77.46
109.00 215.00 0.00 3.00 117.33
16.00 198.00 1.00 4.00 138.44
243.00 251.00 0.00 5.00 113.29
241.00 246.00 0.00 3.00 53.83
247.00 158.00 1.00 3.00 62.03
237.00 251.00 1.00 2.00 91.13
61.00 209.00 1.00 1.00 66.06
73.00 240.00 0.00 2.00 92.30
88.00 251.00 0.00 5.00 107.35
130.00 55.00 1.00 2.00 30.80
88.00 213.00 0.00 5.00 147.94
236.00 243.00 1.00 5.00 188.77
126.00 237.00 0.00 2.00 122.08
236.00 202.00 1.00 5.00 123.30
159.00 230.00 1.00 2.00 80.62
250.00 240.00 1.00 1.00 104.25
246.00 71.00 1.00 5.00 147.97
248.00 243.00 0.00 5.00 188.62
250.00 237.00 1.00 3.00 170.87
244.00 133.00 1.00 4.00 49.01
251.00 242.00 0.00 2.00 68.56
238.00 54.00 1.00 5.00 195.63
83.00 212.00 1.00 3.00 73.76
167.00 205.00 1.00 4.00 142.60
152.00 10.00 0.00 3.00 194.08
251.00 244.00 1.00 4.00 58.08
73.00 242.00 1.00 3.00 63.95
245.00 136.00 0.00 2.00 34.35
73.00 154.00 1.00 4.00 45.27
241.00 7.00 0.00 2.00 53.39
245.00 130.00 1.00 1.00 94.71
246.00 242.00 1.00 1.00 119.43
251.00 120.00 1.00 4.00 37.26
95.00 248.00 1.00 4.00 135.42
245.00 240.00 0.00 4.00 198.94
26.00 186.00 1.00 3.00 121.04
241.00 251.00 1.00 1.00 73.76
119.00 160.00 1.00 3.00 54.50
246.00 13.00 0.00 3.00 136.53
206.00 97.00 1.00 4.00 151.34
245.00 237.00 0.00 3.00 125.78
242.00 250.00 1.00 1.00 71.15
242.00 251.00 0.00 3.00 93.99
88.00 133.00 0.00 2.00 74.28
45.00 109.00 0.00 2.00 115.56
26.00 186.00 1.00 1.00 134.37
199.00 21.00 0.00 4.00 156.42
237.00 244.00 1.00 1.00 175.93
244.00 240.00 0.00 2.00 188.01
250.00 137.00 1.00 4.00 144.29
246.00 112.00 1.00 1.00 173.52
85.00 150.00 0.00 5.00 70.61
236.00 244.00 0.00 4.00 93.81
55.00 211.00 0.00 2.00 135.43
108.00 43.00 0.00 1.00 42.48
96.00 163.00 0.00 1.00 47.60
243.00 247.00 0.00 3.00 117.87
246.00 98.00 1.00 2.00 155.98
181.00 133.00 1.00 2.00 153.49
236.00 52.00 0.00 1.00 116.52
1.00 23.00 0.00 5.00 78.72
155.00 105.00 0.00 3.00 42.53
206.00 176.00 1.00 2.00 181.52
251.00 172.00 0.00 4.00 61.75
209.00 198.00 1.00 2.00 171.48
236.00 229.00 0.00 3.00 115.35
246.00 93.00 0.00 4.00 195.24
44.00 67.00 1.00 5.00 115.96
118.00 183.00 1.00 2.00 193.19
241.00 247.00 1.00 1.00 166.49
82.00 236.00 1.00 2.00 37.53
30.00 187.00 1.00 1.00 172.42
2.00 246.00 1.00 1.00 45.81
245.00 237.00 0.00 1.00 36.24
240.00 48.00 1.00 2.00 69.35
36.00 243.00 1.00 1.00 168.54
116.00 236.00 1.00 3.00 110.00
245.00 239.00 0.00 1.00 102.42
245.00 243.00 1.00 2.00 89.11
251.00 242.00 0.00 3.00 176.23
236.00 155.00 0.00 5.00 188.58
164.00 35.00 0.00 2.00 66.79
243.00 237.00 1.00 3.00 154.44
28.00 242.00 0.00 2.00 35.47
249.00 43.00 1.00 1.00 165.75
108.00 66.00 0.00 3.00 86.84
173.00 250.00 0.00 4.00 66.55
40.00 186.00 0.00 3.00 71.48
248.00 6.00 0.00 4.00 72.83
241.00 247.00 0.00 1.00 94.31
182.00 239.00 0.00 1.00 79.49
40.00 240.00 0.00 5.00 106.32
44.00 246.00 0.00 3.00 117.42
103.00 245.00 1.00 5.00 59.49
248.00 148.00 1.00 4.00 152.60
250.00 242.00 1.00 1.00 114.73
243.00 189.00 1.00 4.00 93.26
228.00 246.00 0.00 5.00 173.60
180.00 242.00 1.00 2.00 45.08
243.00 236.00 0.00 3.00 188.17
246.00 240.00 1.00 1.00 39.71
234.00 241.00 0.00 4.00 122.49
243.00 245.00 1.00 4.00 96.20
110.00 180.00 0.00 5.00 89.12
166.00 92.00 1.00 2.00 114.90
72.00 240.00 1.00 1.00 187.81
249.00 236.00 1.00 1.00 117.10
249.00 108.00 1.00 2.00 166.99
250.00 237.00 0.00 4.00 170.18
242.00 153.00 0.00 2.00 198.12
5.00 249.00 1.00 4.00 53.93
208.00 244.00 1.00 3.00 92.95
242.00 40.00 0.00 4.00 133.39
131.00 93.00 1.00 3.00 126.26
241.00 230.00 0.00 1.00 85.14
23.00 215.00 1.00 4.00 123.11
242.00 77.00 1.00 3.00 106.59
243.00 185.00 0.00 1.00 198.51
58.00 239.00 0.00 3.00 80.20
119.00 238.00 0.00 1.00 113.31
244.00 242.00 0.00 3.00 110.43
84.00 37.00 0.00 5.00 88.87
249.00 186.00 0.00 5.00 159.60
193.00 249.00 1.00 2.00 89.77
130.00 237.00 0.00 5.00 134.56
247.00 137.00 0.00 2.00 50.32
244.00 171.00 0.00 5.00 174.68
250.00 73.00 1.00 5.00 199.32
242.00 244.00 1.00 5.00 188.05
249.00 236.00 1.00 1.00 120.80
189.00 90.00 1.00 4.00 94.53
242.00 244.00 1.00 1.00 43.04
103.00 201.00 1.00 4.00 120.68
62.00 236.00 0.00 4.00 66.27
166.00 250.00 0.00 2.00 61.55
136.00 216.00 1.00 5.00 34.56
198.00 42.00 1.00 1.00 189.11
239.00 248.00 0.00 5.00 120.66
2.00 246.00 0.00 5.00 131.90
239.00 121.00 0.00 2.00 71.33
242.00 244.00 1.00 5.00 83.50
106.00 72.00 0.00 1.00 150.20
208.00 201.00 0.00 4.00 126.75
65.00 247.00 1.00 4.00 190.85
12.00 236.00 0.00 3.00 181.07
60.00 250.00 1.00 1.00 56.07
245.00 236.00 1.00 4.00 99.69
250.00 116.00 0.00 3.00 77.63
237.00 245.00 1.00 5.00 40.13
251.00 79.00 1.00 3.00 71.21
246.00 201.00 0.00 5.00 160.04
5.00 157.00 0.00 4.00 61.74
242.00 244.00 0.00 2.00 33.76
247.00 19.00 1.00 1.00 55.69
13.00 247.00 0.00 1.00 127.03
