242.00 168.00 1.00 4.00 120.91
109.00 227.00 1.00 2.00 39.42
247.00 109.00 1.00 5.00 186.04
238.00 42.00 1.00 3.00 86.12
244.00 123.00 0.00 3.00 76.99
95.00 240.00 1.00 1.00 79.39
248.00 240.00 0.00 5.00 38.70
162.00 127.00 1.00 1.00 169.57
64.00 6.00 1.00 1.00 133.38
237.00 248.00 1.00 1.00 151.71
245.00 237.00 0.00 2.00 50.11
82.00 166.00 0.00 2.00 179.56
200.00 197.00 0.00 4.00 182.77
19.00 247.00 0.00 2.00 174.93
237.00 195.00 0.00 2.00 132.49
64.00 97.00 1.00 1.00 107.13
237.00 114.00 0.00 4.00 136.46
247.00 238.00 0.00 5.00 165.12
242.00 219.00 0.00 2.00 153.14
248.00 242.00 1.00 1.00 189.08
250.00 241.00 1.00 1.00 40.94
241.00 250.00 0.00 5.00 52.98
246.00 239.00 0.00 1.00 153.42
247.00 77.00 1.00 3.00 130.65
248.00 237.00 0.00 2.00 156.44
62.00 142.00 0.00 3.00 175.27
151.00 240.00 0.00 5.00 126.70
64.00 106.00 1.00 5.00 70.87
243.00 250.00 0.00 1.00 101.01
229.00 246.00 0.00 1.00 133.39
200.00 251.00 0.00 4.00 136.86
241.00 223.00 0.00 2.00 128.69
89.00 251.00 0.00 2.00 60.34
143.00 239.00 1.00 1.00 111.70
95.00 249.00 1.00 3.00 140.22
100.00 145.00 1.00 2.00 36.27
241.00 180.00 1.00 3.00 35.87
243.00 62.00 1.00 3.00 97.40
126.00 1.00 0.00 3.00 48.73
112.00 48.00 1.00 3.00 68.56
159.00 246.00 1.00 5.00 188.80
242.00 247.00 0.00 4.00 179.26
101.00 174.00 0.00 5.00 66.12
169.00 251.00 1.00 2.00 139.24
82.00 29.00 0.00 3.00 63.06
248.00 130.00 0.00 4.00 146.83
245.00 238.00 1.00 2.00 158.42
136.00 250.00 1.00 1.00 35.46
110.00 240.00 0.00 2.00 146.18
134.00 244.00 0.00 2.00 159.19
239.00 251.00 0.00 1.00 44.06
54.00 27.00 0.00 5.00 129.84
244.00 236.00 1.00 1.00 148.95
27.00 76.00 1.00 4.00 94.12
147.00 239.00 1.00 2.00 103.64
245.00 88.00 0.00 4.00 138.60
239.00 250.00 1.00 2.00 137.09
250.00 116.00 0.00 5.00 166.24
90.00 200.00 0.00 3.00 81.44
237.00 250.00 0.00 2.00 113.27
23.00 201.00 0.00 4.00 195.46
221.00 9.00 1.00 4.00 122.93
245.00 71.00 0.00 4.00 97.69
112.00 239.00 0.00 1.00 41.72
245.00 251.00 1.00 1.00 41.90
251.00 238.00 0.00 3.00 184.85
76.00 174.00 1.00 2.00 61.51
246.00 242.00 1.00 1.00 109.41
198.00 96.00 1.00 5.00 167.91
146.00 238.00 0.00 5.00 138.86
250.00 106.00 1.00 3.00 160.10
236.00 246.00 1.00 3.00 35.49
247.00 237.00 1.00 2.00 123.65
245.00 239.00 1.00 3.00 197.52
243.00 232.00 1.00 1.00 45.11
246.00 15.00 1.00 1.00 31.77
242.00 236.00 1.00 1.00 125.22
251.00 12.00 0.00 2.00 132.34
240.00 247.00 0.00 1.00 36.39
51.00 102.00 1.00 3.00 193.81
143.00 236.00 1.00 3.00 131.00
243.00 250.00 1.00 2.00 94.47
55.00 170.00 0.00 4.00 131.17
250.00 236.00 1.00 1.00 171.45
164.00 54.00 0.00 2.00 91.41
63.00 237.00 1.00 4.00 41.58
74.00 248.00 0.00 2.00 87.79
249.00 239.00 1.00 2.00 87.67
181.00 1.00 1.00 4.00 70.63
241.00 247.00 0.00 4.00 183.42
29.00 245.00 1.00 1.00 91.77
248.00 243.00 1.00 2.00 104.24
246.00 238.00 0.00 5.00 47.82
123.00 247.00 1.00 4.00 45.87
162.00 176.00 1.00 3.00 198.99
248.00 241.00 0.00 4.00 143.31
7.00 179.00 0.00 5.00 122.52
126.00 237.00 1.00 2.00 126.92
243.00 237.00 1.00 3.00 50.64
240.00 250.00 1.00 4.00 120.65
227.00 250.00 0.00 3.00 118.86
4.00 145.00 0.00 2.00 185.09
211.00 36.00 0.00 4.00 183.33
236.00 245.00 1.00 5.00 133.89
244.00 236.00 0.00 2.00 77.80
238.00 97.00 1.00 1.00 176.70
172.00 238.00 0.00 5.00 114.51
208.00 246.00 1.00 4.00 152.55
247.00 242.00 0.00 2.00 54.36
21.00 249.00 1.00 2.00 153.45
243.00 246.00 0.00 2.00 75.74
152.00 49.00 1.00 3.00 64.53
59.00 104.00 1.00 1.00 101.37
74.00 130.00 1.00 1.00 113.11
249.00 65.00 0.00 1.00 90.32
245.00 14.00 1.00 2.00 34.95
180.00 242.00 0.00 4.00 139.94
236.00 197.00 1.00 1.00 181.74
245.00 236.00 0.00 3.00 78.97
13.00 246.00 0.00 4.00 112.15
199.00 236.00 0.00 2.00 30.62
147.00 108.00 1.00 3.00 165.99
95.00 205.00 0.00 3.00 127.58
123.00 45.00 0.00 5.00 32.17
246.00 207.00 0.00 5.00 179.37
246.00 241.00 1.00 3.00 82.60
235.00 51.00 0.00 5.00 161.42
241.00 245.00 1.00 5.00 131.90
245.00 123.00 0.00 4.00 66.64
154.00 242.00 0.00 3.00 150.33
248.00 16.00 1.00 1.00 198.05
177.00 242.00 0.00 2.00 51.49
148.00 166.00 0.00 2.00 107.84
79.00 19.00 1.00 4.00 176.73
239.00 223.00 0.00 3.00 57.81
117.00 32.00 1.00 1.00 191.20
232.00 49.00 0.00 2.00 142.67
28.00 117.00 1.00 4.00 177.56
243.00 208.00 1.00 3.00 82.78
76.00 243.00 1.00 4.00 98.45
168.00 11.00 0.00 5.00 158.10
247.00 242.00 0.00 2.00 190.16
241.00 56.00 1.00 5.00 124.87
238.00 248.00 1.00 3.00 34.20
115.00 236.00 1.00 1.00 191.46
244.00 251.00 1.00 5.00 98.57
241.00 247.00 1.00 2.00 35.79
108.00 246.00 1.00 3.00 171.95
251.00 238.00 1.00 2.00 113.65
105.00 243.00 1.00 2.00 83.11
236.00 248.00 1.00 3.00 188.08
219.00 245.00 1.00 5.00 168.13
240.00 244.00 0.00 3.00 68.58
246.00 242.00 1.00 5.00 186.96
168.00 248.00 1.00 1.00 190.81
244.00 251.00 0.00 5.00 151.63
168.00 113.00 1.00 1.00 107.06
23.00 144.00 0.00 5.00 153.13
247.00 187.00 1.00 1.00 40.19
232.00 2.00 1.00 5.00 192.36
241.00 244.00 1.00 2.00 163.76
121.00 186.00 1.00 3.00 38.55
246.00 66.00 1.00 2.00 86.64
251.00 47.00 0.00 4.00 70.78
146.00 28.00 1.00 5.00 114.88
244.00 134.00 1.00 1.00 108.49
218.00 131.00 1.00 4.00 82.49
237.00 245.00 1.00 5.00 120.67
251.00 35.00 1.00 1.00 135.21
235.00 240.00 0.00 1.00 163.04
0.00 17.00 0.00 5.00 191.45
151.00 38.00 1.00 5.00 47.92
175.00 240.00 0.00 3.00 165.64
204.00 249.00 1.00 2.00 123.46
244.00 238.00 1.00 5.00 154.83
238.00 207.00 0.00 1.00 124.36
149.00 25.00 0.00 5.00 46.31
250.00 11.00 1.00 3.00 133.77
50.00 242.00 0.00 4.00 60.11
208.00 178.00 0.00 1.00 46.49
138.00 169.00 1.00 1.00 147.09
62.00 238.00 0.00 3.00 75.77
239.00 245.00 1.00 2.00 159.17
203.00 244.00 0.00 2.00 145.41
206.00 237.00 1.00 2.00 121.80
136.00 95.00 1.00 4.00 162.67
241.00 250.00 0.00 2.00 68.19
246.00 237.00 0.00 1.00 190.29
245.00 119.00 1.00 5.00 46.82
85.00 107.00 0.00 5.00 146.99
248.00 243.00 1.00 5.00 61.63
238.00 225.00 0.00 5.00 138.35
199.00 236.00 1.00 1.00 97.99
241.00 120.00 0.00 2.00 134.43
246.00 237.00 0.00 2.00 162.73
241.00 251.00 1.00 1.00 135.63
251.00 239.00 0.00 2.00 188.64
251.00 240.00 0.00 4.00 118.51
14.00 88.00 1.00 5.00 39.11
26.00 120.00 0.00 3.00 119.62
39.00 239.00 1.00 4.00 175.51
237.00 157.00 0.00 1.00 117.18
245.00 236.00 0.00 2.00 102.69
3.00 249.00 0.00 5.00 48.20
94.00 27.00 0.00 1.00 67.55
250.00 241.00 1.00 3.00 161.69
237.00 245.00 0.00 5.00 182.29
244.00 239.00 1.00 3.00 93.07
237.00 246.00 1.00 3.00 112.45
239.00 5.00 0.00 5.00 157.48
238.00 247.00 0.00 5.00 142.41
246.00 242.00 1.00 4.00 164.57
45.00 222.00 1.00 1.00 56.54
233.00 223.00 1.00 3.00 77.90
146.00 244.00 0.00 4.00 120.36
216.00 75.00 0.00 5.00 165.28
246.00 238.00 1.00 3.00 154.63
244.00 243.00 0.00 2.00 49.15
132.00 190.00 0.00 4.00 164.74
240.00 3.00 1.00 4.00 163.08
121.00 250.00 0.00 4.00 168.58
238.00 250.00 0.00 3.00 66.47
241.00 247.00 1.00 3.00 152.18
249.00 6.00 1.00 2.00 146.37
241.00 55.00 1.00 5.00 195.36
247.00 173.00 1.00 5.00 155.73
25.00 119.00 0.00 5.00 180.02
239.00 61.00 0.00 2.00 98.42
61.00 199.00 1.00 4.00 126.07
240.00 248.00 0.00 5.00 50.29
176.00 19.00 1.00 2.00 131.38
125.00 247.00 1.00 2.00 154.94
242.00 250.00 0.00 1.00 191.13
247.00 3.00 1.00 1.00 60.03
102.00 244.00 0.00 3.00 102.96
251.00 241.00 1.00 5.00 120.24
247.00 240.00 0.00 4.00 118.05
131.00 157.00 0.00 5.00 108.99
251.00 8.00 0.00 2.00 102.29
237.00 248.00 1.00 2.00 55.97
239.00 159.00 1.00 4.00 94.36
240.00 226.00 1.00 4.00 165.17
161.00 165.00 1.00 3.00 99.26
155.00 18.00 0.00 4.00 42.68
246.00 240.00 0.00 1.00 91.41
88.00 164.00 0.00 5.00 140.38
248.00 151.00 1.00 3.00 59.45
250.00 162.00 0.00 2.00 153.98
233.00 36.00 0.00 4.00 104.10
170.00 198.00 1.00 1.00 112.17
246.00 12.00 1.00 1.00 140.48
250.00 244.00 0.00 5.00 187.03
220.00 244.00 1.00 3.00 150.23
56.00 245.00 0.00 3.00 41.91
248.00 184.00 1.00 2.00 60.88
223.00 102.00 0.00 4.00 92.20
237.00 207.00 0.00 2.00 111.85
236.00 250.00 1.00 2.00 174.64
245.00 143.00 1.00 2.00 95.70
67.00 250.00 1.00 3.00 108.10
240.00 173.00 0.00 4.00 184.84
251.00 171.00 0.00 1.00 141.31
144.00 245.00 1.00 1.00 183.40
242.00 168.00 0.00 3.00 126.04
245.00 239.00 1.00 2.00 74.24
250.00 237.00 0.00 4.00 37.68
15.00 238.00 0.00 5.00 147.84
88.00 4.00 0.00 5.00 175.05
243.00 127.00 0.00 1.00 80.03
104.00 160.00 1.00 1.00 68.16
187.00 245.00 1.00 2.00 82.96
242.00 246.00 1.00 4.00 128.42
245.00 241.00 1.00 4.00 44.13
125.00 245.00 0.00 2.00 186.78
249.00 37.00 1.00 2.00 59.79
239.00 250.00 0.00 1.00 65.53
236.00 250.00 0.00 1.00 190.09
246.00 35.00 1.00 2.00 190.58
10.00 236.00 0.00 3.00 67.38
14.00 103.00 1.00 4.00 111.03
172.00 201.00 1.00 2.00 187.33
245.00 241.00 0.00 5.00 129.54
137.00 87.00 1.00 5.00 42.12
248.00 240.00 1.00 5.00 55.76
246.00 236.00 1.00 5.00 47.88
239.00 246.00 0.00 3.00 190.93
155.00 247.00 0.00 2.00 103.73
239.00 247.00 0.00 4.00 49.10
204.00 52.00 1.00 2.00 164.61
250.00 218.00 0.00 2.00 103.23
145.00 238.00 1.00 4.00 132.46
246.00 95.00 0.00 1.00 188.41
238.00 251.00 0.00 1.00 149.86
34.00 237.00 1.00 4.00 85.97
210.00 51.00 0.00 2.00 191.17
190.00 203.00 1.00 5.00 54.64
116.00 188.00 0.00 5.00 158.46
251.00 238.00 0.00 3.00 54.12
241.00 250.00 0.00 4.00 107.97
69.00 248.00 1.00 5.00 33.53
2.00 246.00 1.00 3.00 156.32
183.00 137.00 1.00 2.00 54.25
213.00 236.00 1.00 1.00 189.32
251.00 243.00 1.00 3.00 34.54
198.00 222.00 0.00 4.00 68.22
237.00 248.00 0.00 3.00 187.83
16.00 129.00 1.00 3.00 128.33
122.00 33.00 0.00 3.00 180.49
128.00 146.00 1.00 4.00 108.40
242.00 236.00 1.00 4.00 168.96
97.00 137.00 1.00 2.00 167.88
236.00 248.00 1.00 2.00 73.14
95.00 250.00 1.00 4.00 183.10
192.00 245.00 1.00 5.00 45.45
138.00 245.00 1.00 2.00 123.94
234.00 103.00 0.00 3.00 145.17
238.00 79.00 0.00 5.00 150.04
238.00 108.00 1.00 4.00 93.98
241.00 144.00 0.00 4.00 136.05
240.00 250.00 1.00 1.00 60.97
66.00 133.00 0.00 3.00 118.38
106.00 96.00 0.00 5.00 148.37
212.00 242.00 1.00 2.00 73.02
8.00 150.00 0.00 3.00 133.88
86.00 247.00 1.00 5.00 110.16
202.00 241.00 1.00 2.00 48.48
7.00 115.00 1.00 5.00 132.99
192.00 238.00 1.00 5.00 155.33
49.00 18.00 1.00 5.00 194.49
2.00 248.00 1.00 3.00 41.86
36.00 185.00 1.00 3.00 83.32
12.00 35.00 0.00 2.00 96.79
168.00 245.00 0.00 4.00 55.45
86.00 244.00 0.00 4.00 78.64
250.00 237.00 1.00 3.00 196.88
242.00 251.00 0.00 4.00 111.07
82.00 233.00 0.00 3.00 34.50
5.00 244.00 1.00 2.00 75.66
247.00 99.00 1.00 2.00 122.12
126.00 243.00 0.00 1.00 172.17
228.00 212.00 0.00 5.00 183.39
211.00 30.00 0.00 1.00 111.06
250.00 3.00 1.00 1.00 122.79
153.00 69.00 0.00 3.00 190.46
243.00 65.00 1.00 4.00 95.35
239.00 63.00 0.00 2.00 106.43
220.00 89.00 1.00 1.00 136.90
104.00 249.00 0.00 3.00 98.37
75.00 185.00 1.00 1.00 192.05
240.00 40.00 1.00 1.00 137.05
246.00 242.00 0.00 3.00 136.61
244.00 237.00 0.00 5.00 85.64
241.00 60.00 1.00 3.00 61.80
244.00 169.00 1.00 3.00 157.89
54.00 161.00 1.00 1.00 101.42
68.00 115.00 0.00 2.00 177.12
133.00 221.00 0.00 5.00 102.99
250.00 169.00 0.00 5.00 53.50
240.00 181.00 0.00 1.00 64.73
28.00 89.00 1.00 1.00 196.46
20.00 159.00 1.00 5.00 179.96
158.00 188.00 0.00 4.00 199.18
239.00 246.00 0.00 2.00 134.77
36.00 102.00 0.00 1.00 46.87
183.00 37.00 1.00 4.00 193.92
246.00 14.00 0.00 3.00 49.16
3.00 237.00 1.00 5.00 153.31
169.00 242.00 1.00 4.00 195.15
240.00 175.00 1.00 3.00 170.12
55.00 245.00 1.00 1.00 112.38
251.00 241.00 0.00 2.00 36.98
249.00 239.00 0.00 3.00 69.15
244.00 242.00 1.00 3.00 94.31
136.00 251.00 0.00 4.00 116.55
250.00 241.00 1.00 2.00 153.37
240.00 177.00 0.00 2.00 175.75
248.00 243.00 0.00 2.00 177.55
240.00 247.00 0.00 3.00 194.41
236.00 201.00 0.00 3.00 169.85
202.00 199.00 1.00 2.00 195.48
238.00 249.00 0.00 2.00 62.90
46.00 163.00 0.00 5.00 57.92
130.00 251.00 1.00 2.00 96.93
238.00 186.00 1.00 4.00 95.31
9.00 241.00 0.00 2.00 80.26
243.00 247.00 1.00 1.00 148.54
50.00 243.00 1.00 5.00 96.04
241.00 248.00 0.00 4.00 167.89
238.00 250.00 0.00 1.00 66.90
116.00 209.00 0.00 4.00 97.81
247.00 241.00 1.00 1.00 91.29
18.00 75.00 1.00 1.00 65.12
95.00 250.00 1.00 1.00 70.29
244.00 27.00 0.00 4.00 166.15
240.00 191.00 0.00 5.00 69.98
14.00 188.00 0.00 3.00 39.09
102.00 215.00 0.00 5.00 46.91
246.00 51.00 0.00 1.00 102.44
241.00 110.00 0.00 3.00 191.38
51.00 89.00 1.00 2.00 57.22
239.00 209.00 1.00 1.00 35.84
175.00 244.00 0.00 1.00 189.58
249.00 241.00 1.00 4.00 100.92
240.00 91.00 1.00 1.00 197.62
247.00 237.00 1.00 5.00 147.25
15.00 224.00 0.00 3.00 174.10
141.00 249.00 1.00 2.00 142.37
236.00 165.00 0.00 4.00 111.77
241.00 13.00 0.00 4.00 40.33
130.00 181.00 1.00 5.00 31.33
244.00 236.00 1.00 1.00 160.80
243.00 216.00 0.00 3.00 101.90
239.00 250.00 0.00 1.00 73.60
78.00 144.00 1.00 3.00 55.46
242.00 223.00 1.00 4.00 31.31
97.00 1.00 1.00 2.00 180.07
251.00 241.00 1.00 1.00 91.28
244.00 236.00 0.00 4.00 94.97
249.00 49.00 1.00 5.00 70.14
245.00 239.00 1.00 3.00 110.14
242.00 251.00 1.00 1.00 174.49
250.00 207.00 1.00 5.00 195.45
38.00 239.00 1.00 2.00 65.20
16.00 241.00 0.00 1.00 31.21
238.00 48.00 0.00 5.00 77.36
161.00 239.00 0.00 3.00 186.91
127.00 223.00 1.00 2.00 112.54
151.00 172.00 1.00 1.00 169.78
217.00 238.00 0.00 2.00 126.26
243.00 189.00 0.00 3.00 80.07
246.00 242.00 1.00 5.00 99.38
245.00 57.00 0.00 5.00 128.05
11.00 237.00 1.00 1.00 77.60
93.00 237.00 1.00 3.00 96.33
237.00 229.00 0.00 4.00 64.80
5.00 44.00 1.00 3.00 112.60
186.00 67.00 1.00 2.00 78.12
244.00 240.00 1.00 5.00 149.97
113.00 247.00 0.00 3.00 151.31
106.00 132.00 1.00 2.00 117.14
167.00 129.00 1.00 2.00 150.80
227.00 102.00 0.00 5.00 147.99
202.00 248.00 0.00 3.00 151.34
145.00 194.00 0.00 2.00 195.09
14.00 240.00 1.00 4.00 181.04
40.00 207.00 0.00 5.00 85.40
174.00 26.00 1.00 1.00 42.31
242.00 249.00 0.00 4.00 55.80
241.00 72.00 0.00 4.00 47.43
175.00 130.00 0.00 4.00 116.04
216.00 148.00 1.00 2.00 38.15
239.00 249.00 1.00 3.00 154.34
25.00 159.00 1.00 3.00 131.78
186.00 201.00 1.00 5.00 73.11
249.00 236.00 0.00 2.00 146.75
245.00 79.00 1.00 4.00 128.04
242.00 148.00 0.00 5.00 151.42
42.00 241.00 0.00 3.00 161.50
122.00 249.00 1.00 4.00 82.89
246.00 78.00 1.00 5.00 93.88
249.00 96.00 1.00 3.00 114.04
160.00 245.00 0.00 4.00 126.22
103.00 223.00 0.00 4.00 158.12
109.00 244.00 1.00 2.00 103.23
247.00 170.00 1.00 3.00 85.63
188.00 226.00 0.00 3.00 137.56
246.00 56.00 1.00 4.00 121.46
250.00 243.00 1.00 2.00 158.83
242.00 85.00 0.00 2.00 128.20
134.00 246.00 1.00 4.00 121.94
239.00 120.00 1.00 1.00 105.44
145.00 192.00 1.00 1.00 126.96
51.00 236.00 0.00 4.00 77.35
241.00 150.00 0.00 3.00 182.15
241.00 245.00 0.00 4.00 77.73
245.00 243.00 1.00 4.00 72.45
247.00 50.00 0.00 1.00 152.33
236.00 243.00 1.00 2.00 110.04
241.00 119.00 1.00 3.00 142.78
241.00 251.00 1.00 5.00 33.47
217.00 244.00 0.00 3.00 94.93
189.00 243.00 1.00 2.00 44.05
236.00 66.00 0.00 1.00 178.01
242.00 247.00 0.00 3.00 64.82
251.00 238.00 1.00 3.00 127.03
196.00 37.00 0.00 1.00 189.56
237.00 7.00 1.00 1.00 137.83
10.00 247.00 1.00 4.00 197.90
246.00 85.00 1.00 1.00 135.22
122.00 155.00 1.00 1.00 90.37
248.00 220.00 1.00 2.00 110.05
39.00 245.00 0.00 3.00 166.75
242.00 248.00 1.00 3.00 55.39
236.00 89.00 1.00 2.00 81.13
244.00 60.00 0.00 3.00 69.06
37.00 238.00 1.00 3.00 34.53
244.00 79.00 1.00 3.00 42.34
239.00 45.00 1.00 4.00 188.04
74.00 98.00 1.00 4.00 171.29
175.00 244.00 0.00 3.00 185.03
