247.00 110.00 1.00 2.00 149.94
14.00 35.00 0.00 5.00 50.62
24.00 144.00 1.00 1.00 142.00
228.00 107.00 0.00 3.00 69.05
228.00 247.00 0.00 2.00 53.94
248.00 236.00 1.00 2.00 98.52
247.00 242.00 1.00 4.00 57.27
130.00 156.00 0.00 2.00 30.96
248.00 240.00 0.00 2.00 58.39
248.00 32.00 0.00 4.00 165.90
159.00 129.00 0.00 5.00 72.01
141.00 212.00 1.00 5.00 87.58
100.00 4.00 1.00 4.00 98.30
244.00 61.00 0.00 3.00 140.76
230.00 244.00 1.00 5.00 166.19
244.00 180.00 1.00 2.00 39.28
91.00 188.00 0.00 5.00 180.69
116.00 236.00 0.00 5.00 90.73
67.00 136.00 1.00 2.00 169.75
239.00 102.00 0.00 1.00 96.27
49.00 176.00 0.00 5.00 196.89
193.00 61.00 0.00 4.00 57.39
40.00 239.00 0.00 2.00 188.79
238.00 176.00 0.00 1.00 50.91
121.00 250.00 1.00 1.00 121.89
250.00 243.00 1.00 5.00 63.01
199.00 80.00 1.00 4.00 54.71
244.00 102.00 1.00 1.00 188.16
12.00 248.00 0.00 2.00 68.70
9.00 236.00 0.00 3.00 165.40
167.00 238.00 1.00 2.00 98.45
247.00 82.00 0.00 1.00 169.58
2.00 122.00 1.00 1.00 153.80
240.00 40.00 0.00 1.00 147.81
129.00 248.00 0.00 1.00 149.59
241.00 153.00 1.00 4.00 63.22
162.00 240.00 1.00 1.00 136.32
245.00 251.00 0.00 3.00 51.37
250.00 110.00 0.00 1.00 96.90
147.00 227.00 0.00 1.00 37.93
251.00 241.00 0.00 5.00 56.23
239.00 142.00 0.00 3.00 136.30
27.00 57.00 0.00 2.00 193.93
113.00 159.00 0.00 2.00 189.57
236.00 244.00 1.00 1.00 139.77
249.00 242.00 1.00 1.00 144.48
196.00 247.00 1.00 3.00 68.57
251.00 161.00 0.00 2.00 116.12
52.00 251.00 1.00 3.00 116.81
239.00 176.00 1.00 1.00 132.84
