50.00 247.00 0.00 1.00 43.15
239.00 147.00 1.00 4.00 50.58
239.00 247.00 1.00 5.00 160.70
242.00 248.00 1.00 5.00 167.63
239.00 244.00 1.00 4.00 133.95
43.00 247.00 0.00 5.00 100.01
74.00 125.00 0.00 3.00 121.34
246.00 241.00 0.00 3.00 125.66
248.00 203.00 0.00 3.00 122.61
238.00 162.00 1.00 1.00 113.92
24.00 244.00 1.00 4.00 89.45
241.00 218.00 1.00 2.00 188.75
207.00 241.00 0.00 4.00 96.21
82.00 249.00 0.00 3.00 54.16
237.00 91.00 0.00 4.00 103.64
146.00 237.00 1.00 4.00 54.88
196.00 244.00 0.00 1.00 51.47
239.00 246.00 1.00 4.00 76.57
248.00 67.00 1.00 1.00 71.64
58.00 240.00 0.00 2.00 60.80
251.00 244.00 0.00 4.00 184.41
170.00 247.00 0.00 5.00 173.02
244.00 221.00 0.00 1.00 67.53
246.00 153.00 0.00 3.00 153.67
237.00 148.00 1.00 2.00 163.16
248.00 242.00 0.00 2.00 178.04
87.00 74.00 1.00 3.00 89.17
236.00 127.00 1.00 5.00 195.67
54.00 48.00 1.00 4.00 98.70
116.00 238.00 0.00 3.00 94.25
243.00 244.00 0.00 4.00 144.63
247.00 238.00 1.00 2.00 143.62
57.00 159.00 0.00 1.00 145.40
208.00 246.00 0.00 1.00 155.70
171.00 243.00 0.00 5.00 40.09
209.00 239.00 1.00 2.00 191.15
28.00 250.00 0.00 2.00 86.70
240.00 76.00 1.00 4.00 156.80
236.00 245.00 0.00 2.00 101.89
242.00 35.00 1.00 3.00 103.22
248.00 69.00 0.00 5.00 174.38
18.00 163.00 1.00 4.00 133.82
199.00 141.00 0.00 3.00 98.18
173.00 129.00 0.00 2.00 169.33
247.00 238.00 1.00 2.00 179.90
222.00 238.00 1.00 3.00 123.39
241.00 244.00 0.00 1.00 78.40
206.00 238.00 0.00 3.00 161.08
180.00 251.00 1.00 3.00 118.53
241.00 33.00 1.00 1.00 183.86
211.00 145.00 0.00 4.00 184.00
237.00 15.00 0.00 4.00 177.77
106.00 241.00 1.00 1.00 104.86
248.00 151.00 1.00 2.00 63.55
40.00 170.00 0.00 2.00 130.14
96.00 27.00 1.00 1.00 188.71
13.00 237.00 1.00 1.00 50.36
243.00 236.00 1.00 2.00 77.54
244.00 132.00 0.00 3.00 37.07
249.00 201.00 0.00 3.00 67.21
248.00 141.00 0.00 4.00 36.66
57.00 251.00 1.00 3.00 130.99
210.00 105.00 1.00 4.00 179.46
219.00 97.00 0.00 4.00 176.71
248.00 241.00 1.00 2.00 187.62
105.00 184.00 1.00 1.00 130.60
242.00 176.00 0.00 2.00 63.18
205.00 247.00 0.00 1.00 182.11
236.00 245.00 0.00 4.00 120.20
237.00 109.00 1.00 5.00 82.66
134.00 249.00 1.00 2.00 148.35
246.00 201.00 1.00 4.00 68.51
50.00 245.00 1.00 2.00 198.12
246.00 33.00 1.00 4.00 70.11
245.00 227.00 0.00 3.00 177.70
152.00 61.00 1.00 1.00 63.67
143.00 233.00 1.00 2.00 78.51
245.00 84.00 1.00 1.00 110.10
242.00 0.00 0.00 3.00 96.92
247.00 236.00 1.00 4.00 53.65
42.00 240.00 1.00 4.00 66.54
97.00 218.00 0.00 2.00 48.29
240.00 224.00 1.00 3.00 64.20
26.00 16.00 0.00 4.00 61.67
38.00 248.00 0.00 3.00 128.42
164.00 251.00 1.00 3.00 89.33
236.00 133.00 1.00 4.00 137.32
166.00 248.00 0.00 2.00 39.83
147.00 242.00 1.00 1.00 61.58
28.00 189.00 1.00 3.00 130.43
248.00 240.00 1.00 2.00 90.22
166.00 176.00 1.00 4.00 186.97
75.00 237.00 1.00 2.00 185.29
181.00 196.00 1.00 5.00 156.54
244.00 250.00 1.00 1.00 150.91
44.00 172.00 1.00 1.00 72.72
240.00 189.00 0.00 5.00 101.13
1.00 246.00 0.00 3.00 75.10
147.00 238.00 0.00 2.00 49.49
237.00 244.00 1.00 1.00 53.31
243.00 251.00 1.00 2.00 76.12
251.00 71.00 1.00 4.00 46.80
249.00 76.00 0.00 4.00 167.13
248.00 190.00 0.00 3.00 78.22
213.00 243.00 0.00 2.00 42.06
217.00 66.00 0.00 5.00 130.83
239.00 248.00 1.00 4.00 172.60
198.00 121.00 1.00 5.00 119.11
249.00 237.00 1.00 4.00 109.48
151.00 243.00 0.00 1.00 69.40
243.00 249.00 1.00 3.00 91.19
192.00 15.00 0.00 1.00 94.50
67.00 243.00 0.00 4.00 35.85
231.00 64.00 1.00 2.00 75.26
178.00 168.00 0.00 1.00 64.54
20.00 242.00 1.00 4.00 158.75
244.00 251.00 0.00 2.00 183.17
241.00 251.00 1.00 3.00 107.57
154.00 249.00 1.00 1.00 118.01
242.00 163.00 1.00 2.00 75.85
167.00 47.00 1.00 5.00 188.32
198.00 250.00 1.00 4.00 97.96
239.00 251.00 0.00 1.00 125.23
240.00 216.00 0.00 1.00 74.75
201.00 238.00 1.00 5.00 147.58
237.00 244.00 0.00 5.00 162.57
14.00 105.00 1.00 3.00 148.36
68.00 154.00 1.00 3.00 127.03
95.00 179.00 1.00 2.00 174.96
74.00 147.00 0.00 2.00 171.48
103.00 197.00 1.00 4.00 186.35
133.00 8.00 1.00 1.00 123.97
67.00 21.00 0.00 1.00 53.67
240.00 247.00 0.00 2.00 120.69
233.00 172.00 0.00 5.00 171.47
249.00 239.00 0.00 2.00 93.40
50.00 93.00 0.00 2.00 171.14
200.00 242.00 0.00 3.00 110.95
247.00 236.00 0.00 3.00 33.06
55.00 238.00 1.00 2.00 188.65
251.00 222.00 0.00 1.00 63.31
101.00 129.00 0.00 2.00 113.69
237.00 69.00 1.00 5.00 104.65
239.00 251.00 1.00 3.00 54.63
243.00 100.00 0.00 3.00 82.66
244.00 168.00 0.00 1.00 191.28
160.00 237.00 0.00 3.00 78.88
244.00 239.00 0.00 5.00 67.25
236.00 49.00 0.00 4.00 109.21
164.00 244.00 1.00 4.00 70.91
247.00 236.00 0.00 5.00 66.36
86.00 24.00 0.00 1.00 191.17
251.00 237.00 0.00 4.00 141.67
238.00 244.00 0.00 5.00 153.08
60.00 107.00 1.00 5.00 70.68
241.00 221.00 0.00 2.00 175.28
178.00 242.00 0.00 4.00 164.95
64.00 251.00 1.00 2.00 135.37
250.00 243.00 1.00 4.00 146.12
251.00 243.00 1.00 5.00 98.86
38.00 239.00 0.00 2.00 154.41
30.00 208.00 1.00 1.00 146.86
242.00 96.00 1.00 1.00 111.07
243.00 248.00 1.00 1.00 186.28
215.00 170.00 0.00 4.00 157.13
243.00 74.00 1.00 2.00 125.29
240.00 198.00 1.00 2.00 180.05
244.00 250.00 0.00 1.00 160.99
186.00 63.00 1.00 2.00 127.16
247.00 53.00 1.00 3.00 185.53
242.00 83.00 0.00 3.00 163.74
242.00 79.00 1.00 2.00 190.58
213.00 125.00 0.00 4.00 99.57
248.00 243.00 1.00 4.00 154.76
246.00 167.00 0.00 4.00 84.42
248.00 241.00 0.00 1.00 182.41
86.00 240.00 1.00 4.00 149.63
186.00 94.00 0.00 3.00 137.91
241.00 63.00 1.00 3.00 165.84
130.00 250.00 0.00 5.00 143.03
99.00 251.00 1.00 3.00 33.34
69.00 238.00 1.00 4.00 146.63
240.00 248.00 0.00 5.00 60.95
244.00 239.00 1.00 1.00 136.90
69.00 49.00 1.00 1.00 164.66
67.00 246.00 1.00 4.00 122.26
247.00 48.00 1.00 4.00 150.82
74.00 241.00 1.00 4.00 139.42
242.00 21.00 1.00 1.00 89.22
251.00 245.00 0.00 5.00 59.93
238.00 81.00 0.00 5.00 110.21
64.00 161.00 0.00 3.00 103.32
137.00 236.00 1.00 2.00 34.22
243.00 250.00 1.00 2.00 45.95
246.00 237.00 0.00 2.00 193.78
56.00 139.00 1.00 1.00 185.80
188.00 244.00 0.00 4.00 122.17
116.00 243.00 1.00 4.00 116.20
184.00 239.00 0.00 1.00 113.81
236.00 82.00 0.00 3.00 82.52
122.00 154.00 0.00 5.00 145.87
246.00 57.00 1.00 5.00 136.91
236.00 227.00 0.00 1.00 132.01
155.00 246.00 0.00 1.00 175.93
77.00 241.00 1.00 4.00 150.34
47.00 179.00 0.00 5.00 173.18
244.00 251.00 0.00 2.00 43.51
123.00 237.00 1.00 5.00 73.87
6.00 249.00 0.00 1.00 135.26
241.00 212.00 0.00 3.00 81.03
128.00 249.00 1.00 4.00 108.96
17.00 142.00 0.00 3.00 55.15
87.00 240.00 0.00 3.00 138.75
240.00 246.00 1.00 4.00 113.27
220.00 91.00 1.00 4.00 146.44
99.00 236.00 1.00 2.00 157.51
195.00 112.00 0.00 1.00 134.47
217.00 241.00 1.00 2.00 52.11
238.00 120.00 0.00 5.00 175.59
249.00 63.00 1.00 3.00 135.48
187.00 138.00 1.00 1.00 132.32
250.00 242.00 1.00 3.00 171.38
173.00 250.00 1.00 4.00 36.53
235.00 86.00 0.00 2.00 130.88
16.00 237.00 1.00 5.00 165.28
237.00 243.00 1.00 2.00 158.73
231.00 240.00 0.00 4.00 140.06
204.00 199.00 1.00 2.00 63.07
114.00 245.00 1.00 1.00 84.77
45.00 245.00 1.00 4.00 194.54
16.00 245.00 1.00 5.00 144.32
245.00 237.00 1.00 1.00 100.64
237.00 147.00 1.00 2.00 69.30
245.00 239.00 0.00 5.00 92.49
82.00 249.00 0.00 1.00 180.96
245.00 63.00 1.00 3.00 52.53
218.00 133.00 0.00 1.00 173.71
251.00 236.00 1.00 1.00 183.90
246.00 185.00 0.00 4.00 51.42
115.00 244.00 0.00 3.00 115.37
13.00 250.00 1.00 1.00 176.68
251.00 240.00 1.00 1.00 89.77
20.00 111.00 0.00 2.00 118.34
34.00 112.00 0.00 4.00 74.32
244.00 241.00 0.00 4.00 183.50
241.00 246.00 0.00 2.00 139.99
251.00 237.00 1.00 5.00 33.62
246.00 46.00 1.00 1.00 187.92
114.00 245.00 0.00 2.00 176.11
187.00 223.00 0.00 4.00 131.30
107.00 244.00 1.00 1.00 47.03
248.00 8.00 0.00 1.00 124.69
241.00 174.00 0.00 4.00 51.27
240.00 62.00 1.00 4.00 150.50
243.00 245.00 0.00 1.00 96.23
249.00 60.00 1.00 3.00 54.11
238.00 249.00 1.00 5.00 170.26
160.00 249.00 1.00 3.00 87.74
250.00 241.00 1.00 2.00 91.84
38.00 236.00 1.00 1.00 121.96
238.00 148.00 1.00 3.00 95.65
242.00 94.00 0.00 5.00 103.18
92.00 3.00 1.00 5.00 101.40
242.00 249.00 0.00 1.00 120.82
84.00 235.00 0.00 1.00 87.66
204.00 242.00 1.00 5.00 193.53
236.00 242.00 0.00 5.00 160.82
191.00 241.00 0.00 3.00 97.29
249.00 191.00 0.00 1.00 149.90
166.00 246.00 1.00 4.00 183.60
247.00 133.00 1.00 1.00 181.56
117.00 95.00 1.00 5.00 173.86
240.00 109.00 1.00 1.00 159.55
236.00 181.00 0.00 4.00 131.26
245.00 251.00 1.00 1.00 92.65
247.00 184.00 0.00 1.00 196.42
249.00 111.00 1.00 3.00 31.22
27.00 2.00 1.00 5.00 107.59
101.00 222.00 0.00 2.00 186.41
133.00 250.00 1.00 1.00 51.41
84.00 19.00 1.00 2.00 98.51
166.00 32.00 0.00 5.00 84.14
244.00 27.00 0.00 2.00 123.65
48.00 58.00 1.00 4.00 79.69
241.00 185.00 1.00 2.00 198.47
55.00 70.00 1.00 5.00 159.11
238.00 246.00 1.00 5.00 181.81
123.00 95.00 0.00 5.00 177.55
251.00 243.00 1.00 3.00 72.45
245.00 159.00 1.00 1.00 164.52
240.00 247.00 1.00 5.00 115.27
242.00 250.00 0.00 3.00 113.28
247.00 12.00 1.00 3.00 195.29
239.00 91.00 0.00 1.00 79.55
24.00 216.00 0.00 4.00 61.30
114.00 250.00 1.00 4.00 193.39
247.00 49.00 1.00 2.00 160.09
237.00 244.00 1.00 3.00 108.31
106.00 141.00 0.00 3.00 149.29
237.00 144.00 0.00 3.00 61.87
236.00 249.00 0.00 4.00 73.21
139.00 9.00 0.00 4.00 56.26
142.00 175.00 1.00 5.00 54.80
240.00 202.00 1.00 2.00 157.75
121.00 0.00 0.00 5.00 47.82
140.00 250.00 1.00 5.00 117.51
230.00 251.00 1.00 5.00 99.64
225.00 241.00 0.00 4.00 163.35
245.00 203.00 0.00 4.00 155.55
49.00 236.00 0.00 5.00 186.15
243.00 159.00 0.00 3.00 33.56
245.00 240.00 0.00 5.00 154.43
236.00 135.00 1.00 5.00 37.84
247.00 90.00 1.00 2.00 49.39
156.00 242.00 0.00 5.00 70.73
251.00 244.00 1.00 2.00 178.69
251.00 245.00 1.00 4.00 39.95
242.00 244.00 0.00 2.00 68.73
246.00 201.00 0.00 4.00 99.28
244.00 228.00 0.00 1.00 99.45
250.00 18.00 0.00 4.00 118.84
236.00 243.00 1.00 3.00 131.81
157.00 239.00 0.00 4.00 179.25
243.00 244.00 1.00 3.00 90.48
178.00 165.00 0.00 1.00 158.31
113.00 190.00 0.00 3.00 167.76
249.00 238.00 0.00 4.00 48.72
241.00 72.00 0.00 1.00 142.71
242.00 249.00 1.00 5.00 139.25
56.00 41.00 1.00 2.00 116.45
251.00 200.00 1.00 1.00 126.03
33.00 181.00 1.00 3.00 135.01
246.00 239.00 0.00 5.00 141.72
45.00 240.00 0.00 5.00 55.12
130.00 66.00 1.00 5.00 193.60
247.00 241.00 0.00 2.00 131.77
251.00 239.00 0.00 4.00 163.90
240.00 245.00 1.00 4.00 199.05
239.00 48.00 0.00 5.00 143.14
208.00 199.00 0.00 1.00 61.30
243.00 155.00 1.00 5.00 78.65
145.00 103.00 0.00 1.00 41.87
50.00 80.00 0.00 2.00 103.51
60.00 238.00 0.00 2.00 156.53
79.00 248.00 1.00 1.00 150.65
237.00 243.00 1.00 2.00 124.53
241.00 167.00 1.00 5.00 195.59
19.00 243.00 1.00 5.00 77.42
190.00 239.00 1.00 4.00 63.23
251.00 242.00 0.00 1.00 95.58
128.00 250.00 0.00 4.00 74.73
63.00 240.00 1.00 4.00 41.20
225.00 237.00 1.00 5.00 137.28
240.00 77.00 1.00 3.00 91.21
134.00 249.00 0.00 3.00 39.17
250.00 99.00 0.00 1.00 175.40
1.00 246.00 0.00 3.00 115.66
238.00 247.00 0.00 4.00 75.56
249.00 237.00 1.00 3.00 68.77
136.00 141.00 0.00 3.00 147.08
247.00 241.00 1.00 3.00 64.17
34.00 192.00 0.00 4.00 47.94
244.00 237.00 0.00 3.00 107.15
247.00 162.00 0.00 4.00 36.91
222.00 166.00 0.00 3.00 41.44
249.00 243.00 1.00 4.00 153.82
238.00 146.00 1.00 5.00 73.00
42.00 143.00 1.00 5.00 190.00
97.00 249.00 1.00 5.00 155.65
185.00 239.00 0.00 1.00 31.05
91.00 173.00 0.00 1.00 97.31
245.00 239.00 1.00 3.00 100.05
1.00 239.00 1.00 1.00 181.36
240.00 70.00 0.00 3.00 139.00
90.00 246.00 1.00 4.00 141.88
16.00 216.00 1.00 4.00 97.75
5.00 175.00 0.00 4.00 143.70
123.00 93.00 0.00 3.00 191.70
129.00 213.00 1.00 5.00 44.00
238.00 247.00 1.00 2.00 53.42
63.00 239.00 0.00 5.00 88.85
234.00 132.00 1.00 2.00 171.84
250.00 239.00 1.00 5.00 88.05
240.00 54.00 0.00 5.00 118.89
240.00 71.00 1.00 4.00 30.23
206.00 247.00 0.00 3.00 57.64
161.00 206.00 0.00 4.00 97.26
216.00 22.00 1.00 3.00 105.59
238.00 244.00 1.00 2.00 54.57
71.00 236.00 1.00 3.00 136.45
192.00 212.00 0.00 5.00 180.87
180.00 243.00 1.00 4.00 46.26
42.00 245.00 0.00 3.00 89.85
248.00 238.00 0.00 1.00 182.85
142.00 245.00 1.00 3.00 106.97
248.00 243.00 1.00 4.00 95.88
249.00 167.00 0.00 5.00 71.28
237.00 132.00 1.00 4.00 178.73
243.00 85.00 0.00 1.00 80.67
247.00 238.00 0.00 1.00 81.74
251.00 241.00 1.00 3.00 125.69
248.00 238.00 1.00 3.00 43.76
243.00 244.00 1.00 2.00 98.82
242.00 157.00 1.00 4.00 162.09
245.00 241.00 0.00 4.00 180.29
39.00 182.00 1.00 3.00 145.81
5.00 242.00 0.00 2.00 195.08
39.00 247.00 1.00 1.00 164.86
245.00 241.00 0.00 5.00 64.42
131.00 81.00 1.00 5.00 102.53
240.00 158.00 1.00 3.00 140.68
52.00 122.00 0.00 4.00 62.01
187.00 246.00 1.00 5.00 185.92
80.00 246.00 0.00 5.00 190.62
136.00 62.00 1.00 3.00 166.04
247.00 44.00 1.00 5.00 95.87
196.00 172.00 1.00 3.00 99.93
237.00 136.00 1.00 1.00 33.58
116.00 249.00 1.00 2.00 194.01
249.00 239.00 0.00 5.00 84.28
120.00 202.00 0.00 4.00 81.88
145.00 245.00 0.00 5.00 153.19
244.00 251.00 0.00 4.00 68.63
240.00 245.00 1.00 1.00 81.92
183.00 23.00 0.00 5.00 189.15
71.00 60.00 1.00 2.00 105.17
53.00 245.00 0.00 4.00 44.22
234.00 76.00 1.00 2.00 74.88
247.00 176.00 1.00 3.00 186.48
240.00 192.00 1.00 5.00 188.51
242.00 250.00 0.00 3.00 70.05
77.00 242.00 1.00 5.00 169.33
245.00 167.00 0.00 5.00 196.24
247.00 223.00 1.00 5.00 85.45
36.00 64.00 0.00 2.00 45.95
65.00 125.00 1.00 4.00 43.41
138.00 249.00 1.00 4.00 99.81
222.00 238.00 0.00 2.00 75.15
111.00 135.00 0.00 4.00 39.80
94.00 229.00 0.00 3.00 193.65
146.00 18.00 0.00 4.00 70.22
241.00 108.00 1.00 4.00 169.03
9.00 243.00 0.00 3.00 145.27
239.00 232.00 0.00 4.00 143.36
236.00 250.00 0.00 4.00 98.79
97.00 82.00 1.00 3.00 47.03
248.00 23.00 0.00 3.00 177.59
240.00 244.00 0.00 3.00 112.57
241.00 127.00 1.00 4.00 110.17
197.00 59.00 0.00 1.00 53.98
215.00 192.00 0.00 2.00 95.49
249.00 40.00 0.00 4.00 52.44
243.00 248.00 0.00 3.00 135.34
236.00 107.00 1.00 4.00 138.69
153.00 238.00 1.00 4.00 74.88
130.00 187.00 0.00 1.00 161.51
147.00 250.00 1.00 2.00 73.28
242.00 116.00 0.00 5.00 174.04
245.00 34.00 0.00 3.00 164.23
172.00 3.00 0.00 5.00 109.41
245.00 78.00 1.00 3.00 136.17
143.00 246.00 0.00 4.00 76.89
235.00 162.00 1.00 2.00 147.37
244.00 237.00 0.00 3.00 183.67
250.00 239.00 0.00 1.00 125.39
119.00 244.00 1.00 1.00 91.66
34.00 251.00 1.00 4.00 171.64
62.00 243.00 1.00 4.00 93.95
243.00 248.00 1.00 1.00 45.88
247.00 79.00 1.00 4.00 185.99
238.00 39.00 0.00 2.00 152.99
87.00 246.00 0.00 3.00 125.50
246.00 145.00 0.00 5.00 49.96
244.00 239.00 1.00 2.00 93.95
243.00 55.00 1.00 2.00 51.60
242.00 163.00 0.00 5.00 53.17
4.00 248.00 0.00 5.00 182.95
244.00 163.00 1.00 1.00 142.81
47.00 239.00 1.00 1.00 170.93
173.00 236.00 1.00 1.00 65.92
245.00 35.00 1.00 3.00 101.76
248.00 240.00 1.00 4.00 34.05
235.00 177.00 0.00 2.00 159.74
98.00 248.00 0.00 1.00 155.91
250.00 159.00 1.00 1.00 58.41
158.00 100.00 1.00 2.00 77.56
203.00 242.00 1.00 2.00 99.99
248.00 206.00 0.00 3.00 158.74
97.00 251.00 1.00 1.00 32.71
244.00 236.00 0.00 5.00 126.37
9.00 238.00 1.00 1.00 101.75
237.00 245.00 0.00 3.00 165.31
101.00 204.00 0.00 4.00 145.22
26.00 108.00 1.00 4.00 74.03
238.00 245.00 1.00 4.00 183.43
240.00 251.00 1.00 5.00 169.65
19.00 75.00 1.00 5.00 70.02
153.00 240.00 0.00 2.00 170.38
6.00 189.00 1.00 3.00 168.21
205.00 242.00 0.00 4.00 78.08
71.00 237.00 0.00 1.00 38.65
0.00 66.00 0.00 3.00 113.19
193.00 241.00 1.00 3.00 197.88
105.00 250.00 1.00 5.00 39.51
241.00 251.00 1.00 3.00 143.95
244.00 153.00 0.00 3.00 143.21
187.00 194.00 0.00 1.00 152.78
161.00 127.00 1.00 5.00 143.41
25.00 16.00 0.00 4.00 195.88
182.00 132.00 0.00 5.00 193.14
251.00 242.00 0.00 3.00 35.51
249.00 237.00 1.00 3.00 58.96
250.00 241.00 1.00 1.00 150.01
249.00 56.00 1.00 4.00 34.14
119.00 236.00 0.00 4.00 153.00
243.00 77.00 0.00 2.00 188.05
241.00 12.00 1.00 5.00 170.13
170.00 21.00 1.00 3.00 138.57
251.00 244.00 0.00 2.00 88.54
248.00 73.00 0.00 1.00 55.62
237.00 247.00 0.00 5.00 115.77
246.00 45.00 0.00 4.00 192.35
94.00 16.00 0.00 3.00 94.18
113.00 237.00 1.00 1.00 171.62
241.00 193.00 1.00 1.00 138.20
231.00 83.00 1.00 1.00 33.30
240.00 111.00 0.00 3.00 198.77
157.00 249.00 1.00 3.00 62.17
63.00 222.00 0.00 3.00 141.67
139.00 8.00 1.00 4.00 134.18
217.00 240.00 1.00 4.00 139.05
242.00 244.00 0.00 4.00 62.14
240.00 117.00 1.00 4.00 161.02
250.00 242.00 0.00 4.00 172.63
239.00 147.00 0.00 2.00 185.28
17.00 116.00 0.00 4.00 181.00
57.00 249.00 1.00 2.00 184.46
105.00 237.00 0.00 2.00 67.44
247.00 241.00 0.00 2.00 79.48
234.00 165.00 1.00 2.00 97.34
125.00 243.00 1.00 5.00 119.76
60.00 243.00 0.00 3.00 91.16
247.00 238.00 1.00 3.00 98.18
146.00 217.00 1.00 2.00 56.17
250.00 57.00 1.00 4.00 104.46
41.00 191.00 0.00 3.00 199.66
77.00 2.00 0.00 2.00 32.97
106.00 145.00 0.00 2.00 48.76
199.00 58.00 1.00 5.00 100.44
248.00 218.00 0.00 3.00 82.57
