247.00 21.00 0.00 5.00 103.78
242.00 236.00 0.00 2.00 48.38
247.00 61.00 0.00 2.00 66.06
251.00 72.00 0.00 1.00 65.62
242.00 246.00 0.00 3.00 153.21
244.00 70.00 1.00 1.00 84.85
240.00 83.00 1.00 3.00 131.01
144.00 228.00 0.00 3.00 158.54
237.00 251.00 1.00 5.00 90.38
30.00 57.00 1.00 3.00 90.89
89.00 63.00 1.00 1.00 95.60
242.00 71.00 0.00 2.00 197.57
244.00 44.00 1.00 5.00 187.11
243.00 244.00 0.00 2.00 180.64
239.00 244.00 0.00 5.00 45.24
251.00 111.00 1.00 1.00 105.99
251.00 115.00 0.00 3.00 74.15
125.00 249.00 1.00 3.00 84.23
102.00 211.00 1.00 1.00 195.12
163.00 236.00 0.00 3.00 94.14
170.00 239.00 0.00 1.00 135.62
244.00 251.00 0.00 1.00 139.72
229.00 82.00 1.00 1.00 118.83
237.00 249.00 1.00 3.00 185.50
69.00 251.00 0.00 1.00 92.71
111.00 241.00 1.00 2.00 78.57
241.00 247.00 1.00 3.00 81.24
249.00 236.00 1.00 2.00 35.87
244.00 131.00 1.00 1.00 122.92
197.00 124.00 0.00 3.00 186.43
251.00 36.00 1.00 5.00 44.70
237.00 251.00 1.00 5.00 31.82
237.00 251.00 0.00 4.00 36.48
137.00 244.00 0.00 1.00 123.99
72.00 88.00 0.00 4.00 127.09
62.00 144.00 1.00 4.00 148.05
191.00 243.00 1.00 2.00 66.75
75.00 102.00 1.00 1.00 57.51
241.00 20.00 0.00 1.00 83.23
243.00 8.00 0.00 5.00 171.01
242.00 157.00 1.00 2.00 92.94
74.00 240.00 0.00 4.00 31.44
241.00 62.00 1.00 2.00 56.59
239.00 92.00 1.00 3.00 66.71
237.00 155.00 0.00 1.00 156.16
243.00 51.00 0.00 5.00 98.74
147.00 219.00 1.00 1.00 141.98
242.00 104.00 0.00 5.00 103.79
150.00 249.00 1.00 2.00 136.51
237.00 45.00 1.00 2.00 57.42
0.00 220.00 1.00 2.00 81.37
250.00 20.00 1.00 3.00 97.89
249.00 242.00 1.00 2.00 110.68
244.00 163.00 1.00 5.00 119.69
248.00 101.00 1.00 2.00 31.87
34.00 237.00 1.00 2.00 177.08
241.00 7.00 0.00 1.00 48.16
36.00 228.00 1.00 4.00 154.20
202.00 242.00 0.00 5.00 190.86
91.00 240.00 0.00 3.00 66.20
242.00 198.00 1.00 3.00 86.27
173.00 237.00 0.00 4.00 197.54
247.00 141.00 0.00 5.00 31.27
243.00 84.00 0.00 3.00 191.72
137.00 47.00 1.00 4.00 181.87
242.00 93.00 0.00 5.00 43.87
246.00 45.00 1.00 1.00 187.38
117.00 233.00 1.00 5.00 142.12
37.00 242.00 1.00 2.00 88.91
240.00 249.00 1.00 1.00 146.73
237.00 154.00 1.00 5.00 94.90
58.00 250.00 0.00 4.00 172.00
26.00 244.00 0.00 5.00 89.98
248.00 238.00 1.00 5.00 185.21
232.00 122.00 0.00 1.00 95.18
237.00 249.00 0.00 2.00 42.80
251.00 244.00 0.00 3.00 52.36
48.00 237.00 0.00 2.00 133.17
245.00 171.00 1.00 5.00 74.08
117.00 250.00 0.00 3.00 31.89
239.00 123.00 1.00 1.00 139.48
236.00 185.00 1.00 5.00 185.57
126.00 248.00 0.00 5.00 144.46
236.00 248.00 0.00 5.00 82.45
27.00 168.00 0.00 3.00 181.96
237.00 111.00 1.00 1.00 187.16
25.00 81.00 1.00 2.00 95.64
246.00 111.00 1.00 4.00 132.58
100.00 50.00 1.00 4.00 149.82
221.00 246.00 0.00 4.00 172.51
246.00 239.00 0.00 5.00 175.54
242.00 224.00 0.00 2.00 130.96
18.00 245.00 0.00 4.00 123.64
141.00 32.00 1.00 2.00 154.25
241.00 248.00 1.00 3.00 68.37
245.00 237.00 1.00 5.00 101.85
54.00 166.00 1.00 1.00 58.67
80.00 244.00 1.00 3.00 77.07
239.00 248.00 0.00 4.00 186.94
70.00 203.00 1.00 2.00 131.45
240.00 246.00 1.00 3.00 72.39
244.00 83.00 0.00 5.00 153.50
163.00 244.00 1.00 3.00 90.14
241.00 10.00 0.00 4.00 46.96
146.00 199.00 1.00 2.00 186.48
108.00 246.00 0.00 3.00 54.38
231.00 23.00 0.00 5.00 48.73
75.00 189.00 0.00 1.00 135.90
244.00 237.00 1.00 3.00 135.70
194.00 235.00 1.00 3.00 109.44
68.00 128.00 0.00 4.00 137.42
194.00 65.00 1.00 2.00 170.42
244.00 139.00 1.00 2.00 198.18
245.00 72.00 1.00 2.00 72.59
242.00 188.00 1.00 4.00 195.88
247.00 24.00 1.00 4.00 90.30
236.00 245.00 0.00 4.00 157.85
185.00 250.00 1.00 4.00 58.02
238.00 246.00 1.00 1.00 154.22
249.00 241.00 1.00 5.00 187.86
54.00 143.00 0.00 3.00 52.92
25.00 5.00 1.00 4.00 83.77
117.00 247.00 0.00 4.00 145.48
247.00 63.00 1.00 2.00 198.15
236.00 246.00 1.00 4.00 174.34
119.00 69.00 0.00 1.00 62.17
192.00 248.00 0.00 5.00 81.30
244.00 239.00 1.00 4.00 35.70
238.00 245.00 1.00 1.00 86.72
77.00 246.00 0.00 4.00 168.25
236.00 246.00 0.00 2.00 180.64
246.00 238.00 1.00 2.00 194.58
251.00 207.00 0.00 4.00 190.50
9.00 169.00 0.00 5.00 159.67
251.00 240.00 0.00 2.00 198.14
246.00 242.00 1.00 5.00 147.51
59.00 245.00 1.00 5.00 147.09
193.00 238.00 0.00 4.00 126.24
244.00 251.00 1.00 2.00 59.36
107.00 244.00 1.00 3.00 145.50
158.00 26.00 1.00 5.00 58.18
251.00 175.00 1.00 4.00 104.95
111.00 2.00 1.00 2.00 49.27
90.00 250.00 0.00 2.00 38.32
4.00 244.00 1.00 5.00 95.52
91.00 156.00 0.00 5.00 82.99
243.00 247.00 0.00 5.00 179.29
174.00 28.00 0.00 1.00 36.06
43.00 186.00 1.00 2.00 46.81
165.00 247.00 0.00 5.00 82.19
63.00 174.00 1.00 4.00 89.84
247.00 104.00 1.00 2.00 192.15
26.00 250.00 1.00 1.00 156.83
36.00 27.00 0.00 1.00 48.63
251.00 119.00 0.00 3.00 39.75
246.00 187.00 0.00 2.00 179.55
55.00 249.00 0.00 3.00 36.06
190.00 240.00 1.00 2.00 53.74
180.00 236.00 0.00 3.00 103.33
19.00 52.00 0.00 2.00 117.20
157.00 246.00 0.00 4.00 142.78
150.00 240.00 0.00 4.00 76.12
57.00 5.00 1.00 2.00 171.66
161.00 39.00 0.00 1.00 102.96
21.00 239.00 0.00 5.00 115.35
229.00 244.00 1.00 3.00 129.31
245.00 159.00 0.00 2.00 108.42
21.00 230.00 0.00 1.00 35.60
162.00 246.00 1.00 4.00 183.14
119.00 237.00 0.00 1.00 128.98
249.00 196.00 1.00 2.00 97.39
237.00 246.00 1.00 5.00 119.70
241.00 4.00 1.00 2.00 119.70
249.00 45.00 1.00 1.00 195.46
102.00 243.00 1.00 5.00 107.73
237.00 246.00 0.00 4.00 65.74
237.00 55.00 1.00 1.00 46.86
120.00 236.00 1.00 4.00 182.57
175.00 237.00 1.00 1.00 34.31
50.00 202.00 0.00 5.00 169.49
95.00 226.00 0.00 3.00 74.36
239.00 49.00 0.00 3.00 134.80
244.00 175.00 1.00 4.00 192.65
250.00 201.00 1.00 4.00 59.05
248.00 118.00 1.00 4.00 154.91
248.00 243.00 0.00 2.00 186.05
193.00 239.00 0.00 5.00 98.76
71.00 90.00 0.00 5.00 163.01
201.00 245.00 1.00 4.00 126.99
122.00 152.00 1.00 3.00 75.97
244.00 109.00 0.00 5.00 115.86
188.00 232.00 0.00 5.00 148.02
215.00 241.00 0.00 3.00 56.53
236.00 248.00 1.00 4.00 98.72
167.00 118.00 0.00 4.00 193.29
146.00 37.00 1.00 4.00 154.40
245.00 238.00 0.00 4.00 38.55
96.00 0.00 0.00 5.00 133.11
246.00 239.00 1.00 2.00 147.62
242.00 72.00 1.00 4.00 192.13
239.00 139.00 0.00 5.00 164.50
245.00 238.00 1.00 4.00 196.44
164.00 249.00 1.00 3.00 36.07
237.00 250.00 0.00 4.00 56.11
240.00 45.00 0.00 1.00 95.42
165.00 238.00 1.00 1.00 48.62
246.00 238.00 0.00 4.00 66.02
250.00 32.00 1.00 4.00 134.65
238.00 191.00 1.00 3.00 145.73
238.00 175.00 1.00 4.00 87.51
243.00 93.00 1.00 2.00 97.70
102.00 71.00 1.00 3.00 85.57
238.00 246.00 0.00 2.00 41.34
113.00 194.00 0.00 3.00 148.63
121.00 245.00 0.00 3.00 147.09
243.00 249.00 0.00 3.00 120.06
241.00 162.00 1.00 2.00 199.34
187.00 143.00 1.00 4.00 190.98
249.00 141.00 0.00 1.00 155.08
133.00 138.00 1.00 4.00 75.39
239.00 249.00 1.00 5.00 118.77
14.00 250.00 0.00 4.00 143.99
176.00 244.00 1.00 4.00 131.15
236.00 218.00 1.00 1.00 130.36
186.00 247.00 1.00 2.00 49.29
129.00 88.00 1.00 5.00 106.95
237.00 244.00 0.00 3.00 192.44
248.00 18.00 0.00 5.00 53.37
236.00 250.00 0.00 1.00 64.71
239.00 144.00 1.00 2.00 161.76
244.00 251.00 1.00 5.00 162.53
248.00 180.00 1.00 3.00 146.50
245.00 163.00 0.00 3.00 167.13
248.00 243.00 0.00 5.00 91.59
84.00 242.00 1.00 1.00 158.57
241.00 249.00 1.00 5.00 61.42
241.00 248.00 0.00 5.00 57.94
2.00 248.00 1.00 1.00 186.21
166.00 24.00 0.00 5.00 117.27
250.00 161.00 0.00 3.00 133.81
242.00 84.00 1.00 2.00 72.64
140.00 42.00 0.00 2.00 75.87
91.00 250.00 1.00 1.00 177.32
242.00 244.00 1.00 1.00 69.94
74.00 246.00 0.00 1.00 70.30
247.00 179.00 0.00 3.00 86.78
212.00 238.00 0.00 4.00 173.37
242.00 110.00 1.00 4.00 139.36
81.00 239.00 0.00 3.00 111.23
250.00 237.00 0.00 2.00 61.47
236.00 244.00 1.00 3.00 93.58
74.00 244.00 0.00 2.00 169.08
247.00 11.00 1.00 3.00 55.32
18.00 151.00 1.00 5.00 59.31
215.00 185.00 1.00 4.00 71.94
21.00 237.00 1.00 3.00 154.81
248.00 73.00 1.00 5.00 120.72
79.00 248.00 0.00 5.00 153.12
229.00 66.00 0.00 3.00 58.30
251.00 66.00 1.00 4.00 41.98
245.00 238.00 1.00 5.00 165.25
219.00 243.00 0.00 5.00 131.56
242.00 19.00 1.00 3.00 169.56
249.00 130.00 1.00 2.00 187.91
105.00 243.00 1.00 3.00 69.18
246.00 238.00 1.00 4.00 112.23
237.00 250.00 0.00 4.00 156.50
10.00 251.00 0.00 3.00 103.42
250.00 66.00 1.00 4.00 171.15
243.00 244.00 0.00 3.00 129.80
190.00 59.00 0.00 2.00 85.27
249.00 101.00 1.00 5.00 92.71
191.00 250.00 1.00 3.00 60.03
212.00 243.00 0.00 1.00 96.59
38.00 129.00 1.00 2.00 36.13
90.00 248.00 1.00 2.00 88.52
195.00 241.00 1.00 3.00 132.67
10.00 244.00 0.00 4.00 136.63
234.00 237.00 0.00 2.00 185.80
249.00 156.00 0.00 2.00 189.02
244.00 239.00 1.00 2.00 89.20
159.00 239.00 0.00 3.00 140.33
248.00 243.00 1.00 3.00 113.35
240.00 246.00 0.00 2.00 197.18
236.00 245.00 1.00 1.00 33.74
239.00 221.00 0.00 4.00 169.54
197.00 99.00 1.00 2.00 40.78
244.00 251.00 1.00 4.00 84.39
62.00 240.00 0.00 1.00 141.05
113.00 15.00 1.00 1.00 84.96
237.00 247.00 1.00 3.00 161.98
84.00 246.00 1.00 1.00 119.23
123.00 56.00 1.00 5.00 105.54
126.00 190.00 1.00 1.00 109.10
244.00 251.00 1.00 4.00 186.23
246.00 95.00 0.00 1.00 186.02
83.00 191.00 1.00 2.00 178.24
247.00 240.00 0.00 3.00 147.66
241.00 183.00 1.00 4.00 170.91
210.00 237.00 0.00 2.00 174.72
242.00 245.00 1.00 2.00 133.81
241.00 248.00 0.00 1.00 148.86
242.00 163.00 1.00 1.00 187.08
242.00 249.00 1.00 5.00 83.58
221.00 248.00 0.00 5.00 147.69
250.00 120.00 0.00 4.00 36.04
40.00 238.00 0.00 4.00 56.60
64.00 192.00 1.00 5.00 186.57
245.00 168.00 1.00 1.00 188.32
82.00 118.00 1.00 2.00 187.99
237.00 15.00 1.00 1.00 147.35
251.00 59.00 1.00 2.00 113.73
199.00 238.00 1.00 1.00 58.49
67.00 73.00 0.00 5.00 144.85
197.00 85.00 1.00 5.00 170.53
239.00 247.00 0.00 3.00 151.48
246.00 203.00 1.00 1.00 113.46
28.00 251.00 0.00 2.00 78.60
236.00 245.00 1.00 1.00 129.07
77.00 65.00 0.00 1.00 123.82
239.00 122.00 0.00 4.00 152.91
240.00 179.00 1.00 5.00 145.23
145.00 243.00 0.00 1.00 68.94
208.00 237.00 0.00 2.00 149.26
242.00 249.00 0.00 1.00 50.32
250.00 244.00 1.00 2.00 174.96
27.00 245.00 1.00 2.00 78.10
246.00 239.00 1.00 3.00 172.24
110.00 240.00 1.00 1.00 89.15
248.00 237.00 0.00 2.00 172.73
207.00 241.00 1.00 3.00 41.58
242.00 127.00 1.00 2.00 108.93
140.00 37.00 1.00 1.00 66.74
248.00 236.00 1.00 1.00 140.95
237.00 146.00 0.00 4.00 180.71
244.00 241.00 1.00 2.00 114.79
175.00 251.00 0.00 4.00 186.08
250.00 5.00 1.00 4.00 97.83
236.00 244.00 1.00 4.00 87.19
244.00 100.00 1.00 1.00 120.51
241.00 247.00 1.00 5.00 147.82
130.00 245.00 1.00 4.00 169.13
124.00 242.00 0.00 2.00 35.91
0.00 140.00 0.00 2.00 105.83
210.00 236.00 0.00 2.00 196.83
241.00 249.00 0.00 1.00 50.15
248.00 85.00 0.00 2.00 44.69
123.00 204.00 0.00 4.00 159.94
87.00 232.00 1.00 2.00 96.84
115.00 31.00 0.00 2.00 136.27
237.00 247.00 0.00 4.00 162.95
239.00 90.00 1.00 3.00 193.68
236.00 251.00 1.00 4.00 98.97
242.00 249.00 1.00 3.00 107.74
166.00 250.00 1.00 5.00 31.57
250.00 2.00 0.00 1.00 85.52
109.00 157.00 1.00 1.00 76.85
196.00 46.00 1.00 1.00 177.72
240.00 246.00 1.00 2.00 131.38
142.00 1.00 0.00 1.00 153.99
212.00 117.00 1.00 2.00 57.58
243.00 246.00 0.00 4.00 173.69
244.00 103.00 1.00 5.00 78.93
206.00 11.00 1.00 1.00 175.35
246.00 44.00 1.00 3.00 33.64
78.00 49.00 0.00 1.00 189.79
251.00 153.00 0.00 3.00 69.44
245.00 251.00 0.00 3.00 141.85
244.00 83.00 1.00 4.00 184.75
236.00 249.00 0.00 4.00 186.16
250.00 22.00 0.00 4.00 192.88
45.00 242.00 1.00 2.00 115.67
239.00 132.00 0.00 3.00 36.98
51.00 247.00 0.00 1.00 82.72
247.00 114.00 0.00 1.00 45.01
238.00 251.00 0.00 3.00 110.03
246.00 242.00 1.00 5.00 116.13
248.00 83.00 0.00 5.00 44.40
223.00 62.00 0.00 4.00 151.69
141.00 208.00 1.00 4.00 53.07
164.00 240.00 0.00 2.00 125.60
6.00 251.00 1.00 4.00 156.41
242.00 224.00 1.00 2.00 187.70
247.00 240.00 0.00 5.00 199.47
245.00 10.00 0.00 3.00 154.56
249.00 239.00 1.00 1.00 166.17
241.00 244.00 1.00 1.00 191.10
172.00 27.00 1.00 5.00 71.72
249.00 63.00 1.00 3.00 132.15
238.00 246.00 0.00 1.00 84.65
248.00 227.00 1.00 2.00 108.83
236.00 250.00 0.00 3.00 132.39
143.00 87.00 0.00 3.00 179.45
0.00 245.00 0.00 3.00 51.03
10.00 250.00 0.00 1.00 144.58
180.00 238.00 1.00 3.00 86.67
22.00 241.00 0.00 2.00 176.47
203.00 201.00 1.00 4.00 65.72
247.00 2.00 0.00 4.00 199.31
145.00 236.00 1.00 3.00 63.53
185.00 232.00 0.00 3.00 135.11
60.00 248.00 0.00 1.00 176.78
74.00 146.00 1.00 2.00 97.96
142.00 236.00 0.00 3.00 131.80
244.00 208.00 1.00 1.00 72.77
161.00 175.00 1.00 1.00 97.53
238.00 96.00 0.00 1.00 46.75
250.00 36.00 1.00 4.00 100.72
250.00 240.00 0.00 2.00 107.34
12.00 204.00 1.00 2.00 94.65
233.00 236.00 1.00 2.00 45.03
30.00 140.00 1.00 5.00 43.82
106.00 250.00 0.00 3.00 97.90
244.00 243.00 0.00 3.00 70.44
172.00 245.00 0.00 1.00 155.65
237.00 199.00 1.00 4.00 45.34
21.00 236.00 0.00 2.00 48.15
244.00 64.00 1.00 5.00 47.76
130.00 208.00 0.00 1.00 96.55
135.00 239.00 0.00 1.00 110.48
156.00 239.00 0.00 3.00 187.80
238.00 250.00 0.00 4.00 122.30
143.00 237.00 0.00 5.00 169.21
243.00 244.00 0.00 4.00 181.93
51.00 218.00 1.00 5.00 168.16
139.00 236.00 0.00 2.00 180.18
177.00 36.00 1.00 2.00 165.16
67.00 244.00 1.00 4.00 59.20
249.00 117.00 0.00 3.00 94.43
35.00 249.00 0.00 3.00 165.98
33.00 85.00 0.00 1.00 188.71
249.00 230.00 0.00 4.00 167.81
241.00 247.00 1.00 5.00 67.64
192.00 88.00 0.00 1.00 65.22
245.00 241.00 1.00 3.00 111.38
21.00 39.00 0.00 2.00 150.93
241.00 68.00 1.00 3.00 141.55
134.00 210.00 0.00 4.00 81.92
155.00 236.00 1.00 5.00 85.96
240.00 247.00 0.00 3.00 140.16
10.00 240.00 1.00 3.00 96.58
250.00 197.00 0.00 1.00 191.49
193.00 248.00 1.00 2.00 51.55
210.00 240.00 1.00 5.00 162.51
157.00 209.00 0.00 1.00 114.45
178.00 245.00 0.00 5.00 157.83
238.00 244.00 1.00 3.00 47.14
217.00 20.00 1.00 2.00 131.60
58.00 172.00 1.00 5.00 40.05
136.00 95.00 1.00 4.00 160.55
52.00 120.00 1.00 3.00 146.12
202.00 237.00 1.00 5.00 188.67
241.00 250.00 0.00 1.00 70.68
135.00 240.00 1.00 2.00 36.75
244.00 20.00 1.00 3.00 55.85
186.00 247.00 1.00 2.00 97.36
76.00 57.00 1.00 3.00 190.02
251.00 242.00 1.00 4.00 103.63
137.00 0.00 1.00 5.00 75.08
236.00 246.00 0.00 2.00 149.52
240.00 73.00 0.00 1.00 66.84
115.00 220.00 0.00 2.00 165.60
245.00 100.00 1.00 3.00 48.30
246.00 243.00 1.00 2.00 62.99
119.00 237.00 0.00 1.00 175.61
236.00 103.00 0.00 3.00 168.06
244.00 242.00 0.00 2.00 145.17
241.00 5.00 1.00 4.00 175.09
19.00 4.00 1.00 3.00 152.07
247.00 243.00 1.00 2.00 193.75
158.00 184.00 0.00 1.00 59.01
249.00 241.00 0.00 3.00 149.39
25.00 250.00 0.00 3.00 175.61
124.00 238.00 1.00 1.00 165.90
185.00 251.00 1.00 5.00 197.19
181.00 238.00 1.00 4.00 121.79
239.00 112.00 1.00 1.00 75.45
58.00 79.00 1.00 5.00 110.77
238.00 213.00 1.00 4.00 170.86
200.00 118.00 0.00 5.00 37.13
246.00 241.00 1.00 5.00 93.62
248.00 237.00 1.00 3.00 81.50
236.00 242.00 1.00 4.00 195.30
21.00 243.00 1.00 2.00 86.86
179.00 61.00 1.00 1.00 196.09
244.00 129.00 1.00 5.00 75.72
28.00 242.00 1.00 4.00 92.29
240.00 172.00 0.00 4.00 155.47
244.00 199.00 0.00 5.00 184.46
236.00 120.00 0.00 5.00 161.88
247.00 242.00 0.00 2.00 103.37
53.00 27.00 0.00 2.00 97.03
238.00 135.00 1.00 4.00 55.68
157.00 186.00 0.00 4.00 160.26
251.00 243.00 1.00 3.00 196.76
5.00 242.00 0.00 5.00 183.73
165.00 240.00 0.00 3.00 181.45
251.00 171.00 0.00 2.00 155.06
250.00 239.00 0.00 5.00 70.13
192.00 107.00 1.00 5.00 148.43
214.00 237.00 0.00 3.00 70.09
42.00 245.00 0.00 4.00 121.21
238.00 234.00 0.00 4.00 83.72
247.00 63.00 1.00 1.00 197.24
243.00 216.00 0.00 1.00 50.26
97.00 237.00 0.00 4.00 180.39
63.00 179.00 1.00 4.00 106.38
241.00 16.00 1.00 4.00 65.95
245.00 181.00 0.00 5.00 113.17
250.00 121.00 0.00 4.00 68.58
70.00 188.00 0.00 1.00 175.85
243.00 214.00 1.00 5.00 107.45
238.00 66.00 0.00 4.00 68.14
67.00 218.00 0.00 1.00 94.05
111.00 62.00 0.00 1.00 87.57
60.00 249.00 0.00 4.00 30.49
155.00 228.00 0.00 5.00 52.83
227.00 107.00 0.00 1.00 138.92
150.00 243.00 0.00 3.00 96.55
246.00 243.00 1.00 5.00 117.98
250.00 239.00 1.00 4.00 96.62
44.00 70.00 1.00 5.00 91.76
249.00 241.00 0.00 3.00 62.03
74.00 18.00 1.00 4.00 74.56
242.00 244.00 1.00 1.00 59.48
119.00 239.00 1.00 1.00 155.64
245.00 251.00 1.00 3.00 182.70
241.00 247.00 1.00 5.00 104.67
250.00 240.00 1.00 5.00 33.94
24.00 105.00 1.00 2.00 98.96
243.00 49.00 1.00 1.00 172.42
239.00 201.00 1.00 4.00 63.08
99.00 193.00 0.00 5.00 71.43
240.00 88.00 1.00 1.00 84.91
240.00 43.00 1.00 4.00 81.71
87.00 140.00 1.00 4.00 111.15
77.00 246.00 1.00 5.00 121.34
236.00 248.00 0.00 2.00 72.81
100.00 31.00 1.00 1.00 88.28
190.00 55.00 1.00 5.00 86.21
247.00 241.00 0.00 5.00 162.60
182.00 56.00 1.00 1.00 193.44
106.00 249.00 0.00 2.00 108.24
194.00 78.00 1.00 1.00 58.32
247.00 33.00 0.00 1.00 36.85
238.00 247.00 1.00 5.00 151.12
245.00 239.00 1.00 2.00 32.99
78.00 205.00 1.00 3.00 48.10
236.00 102.00 1.00 2.00 122.09
182.00 249.00 1.00 4.00 54.75
248.00 39.00 1.00 1.00 99.51
236.00 249.00 1.00 4.00 118.45
248.00 239.00 1.00 4.00 164.97
249.00 103.00 0.00 1.00 56.57
248.00 146.00 0.00 4.00 108.76
249.00 169.00 1.00 2.00 115.08
76.00 234.00 1.00 2.00 88.43
109.00 248.00 0.00 1.00 88.66
141.00 239.00 0.00 3.00 185.91
76.00 235.00 1.00 5.00 61.22
247.00 236.00 1.00 3.00 86.04
130.00 44.00 0.00 1.00 87.62
243.00 247.00 1.00 1.00 72.12
173.00 187.00 1.00 4.00 48.95
160.00 243.00 1.00 2.00 56.78
251.00 240.00 1.00 2.00 86.02
247.00 110.00 0.00 3.00 50.45
236.00 246.00 0.00 5.00 48.80
249.00 199.00 1.00 3.00 85.52
239.00 249.00 0.00 1.00 103.75
81.00 238.00 0.00 4.00 176.21
198.00 246.00 0.00 2.00 173.63
4.00 217.00 1.00 5.00 129.41
243.00 249.00 0.00 5.00 142.25
245.00 239.00 1.00 1.00 34.82
13.00 170.00 1.00 5.00 193.87
133.00 207.00 1.00 1.00 189.09
221.00 48.00 0.00 1.00 96.89
220.00 35.00 0.00 1.00 160.28
189.00 240.00 0.00 3.00 190.59
80.00 25.00 0.00 3.00 62.52
142.00 82.00 1.00 3.00 50.97
239.00 244.00 0.00 2.00 68.28
201.00 246.00 0.00 2.00 78.90
165.00 159.00 0.00 2.00 33.53
4.00 239.00 0.00 1.00 153.52
121.00 64.00 0.00 4.00 69.52
143.00 185.00 0.00 1.00 40.80
118.00 52.00 0.00 1.00 94.29
102.00 243.00 0.00 3.00 35.88
244.00 177.00 1.00 3.00 97.01
247.00 240.00 0.00 1.00 113.51
236.00 146.00 0.00 4.00 124.44
239.00 249.00 1.00 5.00 68.62
236.00 243.00 1.00 4.00 187.50
216.00 109.00 0.00 2.00 47.26
126.00 239.00 1.00 2.00 149.85
242.00 248.00 0.00 4.00 66.36
198.00 246.00 0.00 4.00 105.74
242.00 247.00 0.00 4.00 90.21
