236.00 244.00 0.00 4.00 185.12
251.00 241.00 1.00 2.00 184.83
111.00 242.00 0.00 1.00 70.45
12.00 240.00 0.00 5.00 184.18
182.00 239.00 1.00 2.00 68.94
204.00 182.00 0.00 5.00 180.01
243.00 5.00 1.00 5.00 118.76
74.00 239.00 0.00 3.00 72.26
211.00 242.00 0.00 3.00 120.68
40.00 226.00 0.00 4.00 173.51
241.00 102.00 1.00 1.00 124.69
38.00 248.00 0.00 1.00 38.50
237.00 100.00 1.00 1.00 79.43
243.00 246.00 0.00 5.00 154.24
114.00 73.00 0.00 2.00 193.97
117.00 29.00 0.00 5.00 65.81
27.00 250.00 1.00 3.00 141.87
184.00 246.00 1.00 2.00 94.88
63.00 246.00 1.00 2.00 112.68
184.00 194.00 0.00 4.00 189.65
156.00 240.00 1.00 5.00 113.79
186.00 140.00 1.00 3.00 89.95
251.00 237.00 0.00 5.00 177.79
156.00 237.00 0.00 1.00 86.32
160.00 87.00 0.00 5.00 55.34
214.00 239.00 0.00 5.00 38.42
237.00 250.00 1.00 5.00 142.01
237.00 250.00 0.00 5.00 130.47
17.00 244.00 1.00 3.00 146.05
135.00 35.00 1.00 1.00 50.53
248.00 142.00 1.00 2.00 92.91
177.00 61.00 1.00 4.00 45.23
195.00 245.00 0.00 2.00 128.47
210.00 82.00 0.00 3.00 87.13
239.00 115.00 0.00 3.00 76.70
246.00 164.00 1.00 1.00 46.74
248.00 239.00 1.00 4.00 177.89
240.00 71.00 1.00 3.00 64.10
246.00 238.00 0.00 5.00 132.77
69.00 31.00 1.00 4.00 151.66
246.00 138.00 1.00 2.00 161.01
240.00 244.00 0.00 1.00 157.61
112.00 244.00 1.00 1.00 30.49
246.00 238.00 1.00 4.00 126.33
189.00 250.00 1.00 4.00 69.07
238.00 87.00 0.00 5.00 59.47
198.00 27.00 0.00 5.00 148.77
235.00 196.00 0.00 3.00 99.08
247.00 57.00 1.00 2.00 146.57
61.00 243.00 1.00 5.00 124.19
244.00 172.00 1.00 2.00 137.41
81.00 243.00 1.00 5.00 31.83
229.00 149.00 0.00 4.00 67.78
24.00 245.00 1.00 2.00 161.69
209.00 245.00 0.00 3.00 182.02
251.00 129.00 1.00 5.00 69.45
221.00 249.00 1.00 3.00 199.66
213.00 39.00 0.00 2.00 102.49
191.00 121.00 1.00 3.00 46.83
92.00 188.00 1.00 5.00 141.23
68.00 243.00 0.00 2.00 83.51
248.00 89.00 1.00 5.00 120.10
245.00 105.00 0.00 2.00 88.56
13.00 80.00 0.00 3.00 85.94
248.00 206.00 0.00 2.00 127.89
251.00 152.00 0.00 4.00 51.41
137.00 127.00 0.00 2.00 130.78
247.00 242.00 1.00 5.00 111.65
20.00 251.00 1.00 2.00 133.93
68.00 240.00 1.00 2.00 175.17
188.00 5.00 0.00 3.00 188.49
206.00 1.00 0.00 1.00 131.75
250.00 215.00 0.00 5.00 82.74
132.00 240.00 1.00 3.00 142.05
251.00 242.00 1.00 3.00 174.28
239.00 245.00 0.00 2.00 145.86
220.00 67.00 0.00 5.00 191.86
194.00 250.00 1.00 2.00 154.39
80.00 238.00 1.00 2.00 136.35
246.00 237.00 1.00 3.00 126.81
115.00 140.00 1.00 5.00 103.90
124.00 247.00 0.00 1.00 130.76
80.00 206.00 1.00 5.00 35.21
246.00 204.00 1.00 4.00 121.26
175.00 238.00 0.00 5.00 129.73
35.00 86.00 0.00 1.00 187.43
105.00 189.00 1.00 5.00 145.02
243.00 44.00 1.00 1.00 176.11
116.00 243.00 1.00 5.00 82.02
240.00 211.00 0.00 4.00 101.43
251.00 98.00 1.00 5.00 125.46
227.00 239.00 0.00 5.00 74.73
241.00 192.00 1.00 2.00 124.66
57.00 242.00 0.00 1.00 157.56
249.00 36.00 1.00 5.00 184.19
244.00 155.00 0.00 1.00 62.47
243.00 244.00 1.00 5.00 70.01
249.00 238.00 1.00 2.00 176.28
245.00 85.00 0.00 5.00 32.69
231.00 250.00 0.00 3.00 103.61
250.00 144.00 0.00 4.00 66.94
214.00 95.00 1.00 5.00 192.86
246.00 43.00 1.00 3.00 78.82
112.00 240.00 0.00 3.00 194.86
245.00 251.00 1.00 5.00 92.29
239.00 245.00 1.00 2.00 185.20
28.00 148.00 1.00 2.00 102.01
110.00 37.00 1.00 3.00 64.66
242.00 177.00 1.00 2.00 41.22
246.00 47.00 1.00 2.00 188.04
237.00 211.00 0.00 3.00 122.95
241.00 101.00 1.00 4.00 57.90
6.00 204.00 0.00 3.00 169.59
247.00 174.00 1.00 3.00 135.70
210.00 86.00 1.00 3.00 172.31
240.00 247.00 1.00 3.00 110.86
240.00 15.00 0.00 4.00 125.86
208.00 230.00 0.00 3.00 180.82
74.00 240.00 1.00 5.00 136.39
218.00 209.00 1.00 2.00 136.92
244.00 242.00 1.00 2.00 135.19
165.00 239.00 1.00 4.00 144.04
243.00 78.00 0.00 3.00 180.66
147.00 235.00 1.00 5.00 112.51
246.00 15.00 1.00 5.00 180.33
111.00 247.00 0.00 5.00 174.63
225.00 100.00 1.00 4.00 142.73
248.00 137.00 1.00 4.00 129.44
246.00 213.00 1.00 5.00 30.89
251.00 146.00 1.00 3.00 118.01
237.00 244.00 1.00 3.00 42.62
241.00 244.00 1.00 5.00 128.83
163.00 229.00 1.00 2.00 93.70
236.00 248.00 0.00 5.00 149.04
115.00 239.00 0.00 3.00 39.79
241.00 6.00 1.00 4.00 108.69
237.00 173.00 1.00 4.00 68.11
48.00 125.00 1.00 4.00 45.15
194.00 250.00 0.00 5.00 31.23
247.00 241.00 0.00 5.00 182.41
248.00 14.00 1.00 3.00 162.64
75.00 247.00 0.00 1.00 173.11
236.00 175.00 1.00 4.00 100.16
251.00 97.00 1.00 1.00 101.68
241.00 246.00 1.00 2.00 75.51
30.00 82.00 1.00 1.00 156.86
81.00 96.00 0.00 1.00 107.18
232.00 249.00 0.00 3.00 134.79
169.00 12.00 0.00 2.00 51.57
80.00 243.00 0.00 1.00 46.06
89.00 239.00 0.00 2.00 55.66
10.00 189.00 1.00 3.00 153.49
15.00 236.00 1.00 4.00 113.98
91.00 243.00 0.00 3.00 56.02
59.00 138.00 0.00 1.00 123.07
238.00 247.00 1.00 5.00 195.76
246.00 238.00 0.00 4.00 30.12
244.00 238.00 1.00 4.00 197.16
155.00 243.00 1.00 2.00 95.54
62.00 248.00 0.00 2.00 33.90
243.00 90.00 1.00 5.00 189.67
240.00 249.00 0.00 4.00 58.30
23.00 247.00 0.00 1.00 170.53
5.00 248.00 1.00 3.00 173.24
251.00 61.00 1.00 5.00 184.91
117.00 249.00 0.00 4.00 69.05
54.00 247.00 1.00 1.00 196.20
98.00 137.00 1.00 1.00 194.34
173.00 2.00 0.00 4.00 59.89
250.00 240.00 0.00 4.00 144.38
236.00 3.00 0.00 1.00 100.63
244.00 242.00 0.00 4.00 47.83
117.00 139.00 1.00 3.00 117.37
144.00 103.00 0.00 4.00 195.80
25.00 249.00 0.00 2.00 167.84
186.00 157.00 0.00 4.00 68.44
243.00 251.00 1.00 5.00 154.84
237.00 149.00 1.00 5.00 132.71
248.00 239.00 0.00 3.00 183.10
205.00 57.00 1.00 2.00 135.62
247.00 79.00 0.00 1.00 150.56
42.00 242.00 1.00 2.00 97.48
236.00 25.00 0.00 2.00 162.76
247.00 7.00 1.00 1.00 139.54
243.00 236.00 0.00 1.00 196.39
14.00 237.00 1.00 1.00 112.86
238.00 246.00 0.00 1.00 141.58
237.00 142.00 0.00 2.00 114.40
251.00 239.00 0.00 2.00 180.34
250.00 103.00 1.00 4.00 122.55
99.00 107.00 1.00 4.00 171.14
9.00 249.00 0.00 5.00 99.29
11.00 245.00 1.00 5.00 138.50
23.00 246.00 1.00 1.00 92.83
90.00 251.00 0.00 1.00 66.27
251.00 155.00 1.00 1.00 89.71
245.00 240.00 0.00 2.00 101.55
247.00 50.00 0.00 1.00 189.32
242.00 244.00 1.00 4.00 184.23
242.00 56.00 1.00 3.00 103.85
238.00 245.00 1.00 5.00 135.10
244.00 241.00 1.00 5.00 109.73
70.00 12.00 1.00 1.00 194.78
239.00 250.00 0.00 5.00 128.04
176.00 238.00 1.00 3.00 161.22
126.00 87.00 0.00 1.00 153.83
238.00 244.00 1.00 2.00 190.37
126.00 33.00 0.00 2.00 195.15
243.00 122.00 0.00 2.00 172.44
237.00 72.00 0.00 1.00 149.97
59.00 244.00 0.00 3.00 108.94
148.00 245.00 1.00 4.00 78.56
241.00 140.00 1.00 1.00 32.53
248.00 241.00 1.00 5.00 68.55
249.00 123.00 0.00 5.00 71.44
92.00 127.00 1.00 4.00 68.04
246.00 239.00 0.00 5.00 80.78
241.00 2.00 1.00 2.00 70.27
71.00 228.00 0.00 4.00 189.13
245.00 152.00 1.00 3.00 73.71
203.00 249.00 0.00 1.00 103.49
86.00 241.00 0.00 3.00 80.56
88.00 245.00 0.00 2.00 157.39
70.00 248.00 1.00 5.00 87.25
215.00 242.00 0.00 1.00 149.51
250.00 170.00 0.00 3.00 31.23
81.00 25.00 0.00 3.00 117.43
248.00 239.00 0.00 3.00 100.22
249.00 171.00 1.00 4.00 39.19
1.00 68.00 0.00 1.00 94.04
84.00 222.00 0.00 2.00 62.10
248.00 27.00 1.00 1.00 41.75
248.00 236.00 1.00 2.00 157.00
23.00 107.00 1.00 5.00 79.07
128.00 239.00 1.00 1.00 54.45
203.00 244.00 0.00 5.00 56.30
218.00 16.00 1.00 5.00 40.36
72.00 244.00 0.00 4.00 160.51
245.00 36.00 1.00 3.00 87.05
243.00 65.00 0.00 5.00 60.80
137.00 37.00 0.00 5.00 158.55
240.00 94.00 0.00 3.00 118.72
51.00 242.00 1.00 3.00 105.16
52.00 28.00 0.00 5.00 129.46
165.00 246.00 0.00 4.00 167.86
83.00 249.00 0.00 4.00 83.20
243.00 80.00 1.00 5.00 114.82
25.00 218.00 0.00 5.00 112.22
236.00 243.00 1.00 4.00 127.11
250.00 242.00 0.00 5.00 102.68
240.00 246.00 0.00 3.00 157.87
245.00 240.00 1.00 1.00 167.73
169.00 214.00 0.00 2.00 128.76
248.00 243.00 1.00 4.00 30.10
243.00 249.00 0.00 5.00 136.56
5.00 243.00 0.00 5.00 146.70
107.00 232.00 0.00 4.00 173.73
14.00 249.00 1.00 5.00 86.75
239.00 244.00 0.00 4.00 133.15
249.00 241.00 0.00 5.00 82.39
36.00 251.00 1.00 2.00 85.77
240.00 167.00 0.00 1.00 87.42
91.00 228.00 1.00 1.00 53.73
242.00 40.00 0.00 3.00 96.98
146.00 58.00 0.00 2.00 37.47
236.00 228.00 1.00 3.00 133.72
211.00 249.00 1.00 2.00 188.55
239.00 0.00 0.00 1.00 44.24
213.00 238.00 1.00 5.00 183.69
250.00 240.00 1.00 5.00 114.18
251.00 81.00 1.00 2.00 164.18
56.00 244.00 1.00 1.00 199.36
67.00 229.00 1.00 3.00 138.98
250.00 240.00 1.00 4.00 197.29
240.00 138.00 0.00 1.00 187.70
246.00 27.00 0.00 2.00 87.12
246.00 239.00 0.00 5.00 57.82
207.00 251.00 1.00 4.00 185.48
242.00 247.00 1.00 3.00 70.26
237.00 149.00 0.00 5.00 54.47
68.00 175.00 1.00 4.00 138.80
145.00 44.00 1.00 1.00 76.55
246.00 82.00 1.00 3.00 155.30
87.00 124.00 0.00 2.00 180.33
249.00 242.00 1.00 1.00 143.80
4.00 117.00 1.00 3.00 76.86
3.00 116.00 0.00 4.00 124.87
237.00 243.00 1.00 2.00 144.09
250.00 174.00 1.00 1.00 68.94
88.00 237.00 0.00 3.00 67.93
238.00 244.00 0.00 5.00 98.09
61.00 248.00 1.00 2.00 66.13
19.00 251.00 0.00 4.00 79.66
241.00 247.00 0.00 3.00 99.78
251.00 240.00 0.00 1.00 44.62
97.00 246.00 0.00 3.00 147.14
251.00 244.00 0.00 3.00 85.91
249.00 243.00 1.00 1.00 182.87
249.00 239.00 0.00 5.00 89.46
3.00 176.00 0.00 2.00 106.48
239.00 108.00 1.00 4.00 69.50
238.00 251.00 1.00 1.00 115.28
250.00 241.00 0.00 2.00 158.85
134.00 245.00 1.00 3.00 87.27
18.00 240.00 1.00 3.00 113.25
237.00 249.00 1.00 5.00 147.18
240.00 247.00 0.00 3.00 175.23
249.00 180.00 1.00 2.00 90.45
170.00 90.00 0.00 2.00 190.57
215.00 20.00 0.00 2.00 32.94
95.00 241.00 1.00 3.00 145.45
118.00 230.00 0.00 5.00 157.74
55.00 249.00 0.00 4.00 79.15
236.00 248.00 1.00 5.00 33.98
228.00 239.00 0.00 3.00 44.26
233.00 110.00 0.00 1.00 163.75
243.00 133.00 1.00 4.00 96.11
38.00 205.00 1.00 2.00 135.74
58.00 219.00 1.00 2.00 173.27
130.00 250.00 1.00 5.00 172.26
247.00 187.00 1.00 1.00 171.60
248.00 236.00 0.00 4.00 95.73
245.00 164.00 1.00 3.00 51.18
198.00 89.00 0.00 1.00 136.40
228.00 242.00 1.00 2.00 149.25
244.00 240.00 1.00 4.00 130.96
17.00 159.00 0.00 4.00 53.45
239.00 244.00 0.00 2.00 112.34
203.00 249.00 0.00 4.00 161.34
248.00 163.00 1.00 3.00 108.40
130.00 240.00 0.00 2.00 109.44
249.00 243.00 0.00 1.00 77.88
23.00 165.00 0.00 4.00 90.80
245.00 241.00 0.00 5.00 187.24
247.00 73.00 0.00 3.00 135.24
238.00 213.00 0.00 1.00 64.52
249.00 238.00 1.00 1.00 131.18
242.00 59.00 0.00 3.00 90.45
24.00 244.00 1.00 5.00 169.36
239.00 245.00 0.00 5.00 132.65
238.00 247.00 0.00 2.00 81.73
43.00 244.00 1.00 2.00 33.21
236.00 43.00 1.00 1.00 75.26
108.00 139.00 1.00 5.00 68.70
251.00 241.00 1.00 2.00 150.15
244.00 57.00 1.00 4.00 169.65
249.00 221.00 0.00 5.00 102.54
238.00 225.00 0.00 2.00 107.07
166.00 244.00 0.00 2.00 198.11
244.00 237.00 0.00 3.00 118.78
179.00 251.00 1.00 1.00 51.72
244.00 197.00 1.00 1.00 96.84
249.00 227.00 1.00 5.00 190.25
208.00 248.00 0.00 3.00 118.61
243.00 77.00 1.00 5.00 199.16
245.00 237.00 0.00 2.00 99.80
105.00 201.00 1.00 1.00 189.60
240.00 246.00 0.00 3.00 105.06
198.00 246.00 0.00 1.00 65.69
246.00 240.00 1.00 5.00 144.40
187.00 251.00 0.00 4.00 108.13
134.00 251.00 0.00 1.00 158.01
112.00 237.00 0.00 5.00 105.24
246.00 239.00 1.00 2.00 37.95
250.00 237.00 1.00 5.00 55.42
244.00 168.00 1.00 3.00 104.57
92.00 231.00 0.00 3.00 122.58
71.00 251.00 0.00 5.00 84.28
249.00 243.00 1.00 2.00 172.33
238.00 244.00 1.00 4.00 143.55
240.00 244.00 1.00 2.00 152.71
42.00 56.00 1.00 1.00 97.78
250.00 241.00 0.00 3.00 72.62
80.00 237.00 1.00 5.00 60.26
247.00 243.00 1.00 5.00 92.43
238.00 96.00 1.00 2.00 138.48
248.00 239.00 0.00 3.00 141.56
243.00 16.00 1.00 1.00 192.96
47.00 251.00 0.00 1.00 159.70
246.00 173.00 1.00 4.00 120.76
237.00 251.00 1.00 3.00 123.15
245.00 178.00 1.00 4.00 91.79
167.00 72.00 1.00 4.00 196.67
244.00 165.00 0.00 4.00 102.86
158.00 247.00 1.00 4.00 42.39
251.00 244.00 1.00 3.00 43.46
243.00 192.00 1.00 4.00 106.98
241.00 249.00 0.00 2.00 34.42
31.00 123.00 0.00 2.00 128.90
15.00 251.00 0.00 1.00 124.86
251.00 239.00 1.00 2.00 127.53
237.00 251.00 1.00 4.00 105.57
236.00 140.00 0.00 2.00 165.04
250.00 240.00 1.00 4.00 80.90
50.00 243.00 0.00 3.00 99.88
89.00 250.00 1.00 1.00 134.26
246.00 242.00 0.00 3.00 87.07
247.00 238.00 0.00 3.00 72.20
251.00 202.00 1.00 2.00 191.84
39.00 248.00 0.00 5.00 147.46
238.00 13.00 0.00 3.00 195.21
241.00 232.00 0.00 5.00 112.53
204.00 188.00 1.00 2.00 152.56
230.00 212.00 1.00 5.00 186.18
155.00 239.00 1.00 3.00 105.58
247.00 239.00 1.00 5.00 150.57
237.00 115.00 1.00 5.00 118.01
245.00 238.00 1.00 2.00 59.83
232.00 202.00 1.00 1.00 186.16
86.00 117.00 1.00 4.00 98.48
106.00 36.00 0.00 2.00 106.59
245.00 239.00 1.00 3.00 78.11
226.00 251.00 0.00 4.00 162.47
72.00 196.00 1.00 2.00 112.59
219.00 242.00 1.00 1.00 39.82
86.00 246.00 1.00 4.00 153.32
179.00 37.00 0.00 4.00 121.14
249.00 170.00 1.00 4.00 104.55
243.00 123.00 0.00 1.00 94.50
125.00 240.00 1.00 1.00 179.48
241.00 248.00 1.00 4.00 112.92
246.00 240.00 0.00 3.00 134.47
246.00 238.00 1.00 3.00 38.99
111.00 238.00 0.00 2.00 189.82
247.00 237.00 1.00 5.00 41.01
166.00 250.00 0.00 3.00 78.77
117.00 53.00 1.00 4.00 119.03
124.00 37.00 1.00 3.00 48.11
42.00 34.00 0.00 1.00 62.46
245.00 242.00 0.00 5.00 132.75
29.00 86.00 1.00 1.00 164.69
38.00 81.00 1.00 1.00 96.96
236.00 198.00 1.00 1.00 189.54
246.00 150.00 0.00 5.00 173.51
246.00 243.00 1.00 5.00 158.58
150.00 238.00 0.00 1.00 99.38
244.00 237.00 1.00 2.00 166.11
70.00 248.00 1.00 4.00 93.60
83.00 244.00 0.00 5.00 146.54
235.00 174.00 0.00 3.00 79.58
16.00 195.00 0.00 4.00 199.69
224.00 240.00 1.00 1.00 137.79
80.00 205.00 0.00 4.00 77.29
142.00 243.00 0.00 2.00 154.64
233.00 236.00 0.00 5.00 127.18
210.00 66.00 0.00 5.00 84.99
242.00 244.00 1.00 5.00 173.29
201.00 249.00 0.00 3.00 59.77
68.00 4.00 1.00 5.00 104.52
237.00 245.00 0.00 3.00 86.88
242.00 247.00 0.00 2.00 116.67
246.00 229.00 0.00 4.00 110.59
96.00 242.00 0.00 1.00 116.91
102.00 248.00 1.00 5.00 39.50
244.00 109.00 1.00 5.00 73.86
243.00 250.00 0.00 5.00 185.01
249.00 86.00 0.00 3.00 198.12
132.00 158.00 1.00 5.00 43.84
237.00 251.00 1.00 3.00 151.96
239.00 192.00 1.00 2.00 144.02
251.00 240.00 1.00 4.00 193.76
21.00 249.00 0.00 5.00 116.08
238.00 249.00 0.00 3.00 71.91
249.00 204.00 1.00 5.00 155.90
250.00 240.00 1.00 3.00 91.16
246.00 186.00 0.00 2.00 151.44
236.00 250.00 0.00 2.00 106.62
79.00 241.00 1.00 3.00 91.05
238.00 245.00 1.00 5.00 123.15
242.00 247.00 0.00 4.00 139.60
249.00 171.00 1.00 1.00 66.28
238.00 145.00 1.00 3.00 151.20
239.00 224.00 1.00 5.00 46.80
237.00 245.00 0.00 3.00 62.90
18.00 144.00 1.00 5.00 71.05
240.00 157.00 0.00 3.00 139.86
236.00 5.00 1.00 4.00 191.24
240.00 155.00 0.00 1.00 70.91
225.00 22.00 1.00 1.00 187.27
164.00 206.00 1.00 4.00 98.74
21.00 249.00 0.00 1.00 174.85
186.00 240.00 1.00 1.00 74.53
245.00 176.00 1.00 2.00 70.23
158.00 112.00 1.00 5.00 40.85
237.00 65.00 1.00 3.00 114.58
152.00 236.00 0.00 2.00 161.22
91.00 190.00 0.00 1.00 187.87
248.00 241.00 1.00 4.00 159.36
240.00 245.00 0.00 2.00 56.04
250.00 60.00 0.00 5.00 192.98
239.00 245.00 0.00 3.00 100.13
244.00 219.00 1.00 1.00 122.52
140.00 73.00 1.00 5.00 35.74
123.00 241.00 0.00 3.00 154.68
77.00 221.00 0.00 3.00 93.30
108.00 245.00 1.00 5.00 60.56
246.00 236.00 1.00 5.00 62.84
237.00 248.00 1.00 3.00 65.90
124.00 239.00 1.00 5.00 149.47
248.00 236.00 0.00 3.00 156.07
238.00 197.00 0.00 1.00 75.62
63.00 248.00 0.00 3.00 157.56
112.00 236.00 1.00 2.00 70.05
239.00 249.00 0.00 3.00 121.86
51.00 162.00 1.00 3.00 94.85
244.00 76.00 0.00 5.00 58.56
206.00 245.00 0.00 4.00 172.77
29.00 171.00 1.00 3.00 115.44
250.00 185.00 0.00 1.00 136.05
56.00 248.00 1.00 4.00 180.10
241.00 7.00 0.00 4.00 138.57
241.00 221.00 0.00 2.00 193.35
244.00 90.00 1.00 2.00 169.77
90.00 221.00 0.00 1.00 165.23
240.00 248.00 1.00 4.00 77.88
116.00 101.00 1.00 3.00 96.18
240.00 44.00 0.00 5.00 167.83
248.00 20.00 0.00 1.00 184.15
124.00 245.00 1.00 1.00 107.09
79.00 244.00 1.00 5.00 195.09
109.00 228.00 1.00 3.00 30.39
237.00 52.00 1.00 5.00 76.28
154.00 24.00 0.00 3.00 153.32
107.00 244.00 1.00 5.00 145.16
238.00 244.00 0.00 5.00 60.98
126.00 212.00 0.00 2.00 88.10
241.00 245.00 0.00 4.00 74.33
250.00 14.00 1.00 4.00 104.72
249.00 238.00 0.00 4.00 185.03
122.00 203.00 1.00 3.00 43.63
244.00 202.00 1.00 5.00 148.22
34.00 175.00 0.00 5.00 188.49
250.00 59.00 0.00 1.00 53.28
41.00 251.00 1.00 5.00 50.44
129.00 40.00 0.00 2.00 53.29
150.00 185.00 0.00 3.00 183.34
201.00 242.00 0.00 3.00 64.42
1.00 242.00 0.00 3.00 180.31
246.00 237.00 0.00 2.00 163.67
237.00 246.00 1.00 2.00 167.98
245.00 145.00 0.00 4.00 180.82
249.00 243.00 1.00 4.00 37.74
198.00 24.00 1.00 5.00 81.50
250.00 199.00 1.00 1.00 111.46
91.00 243.00 1.00 2.00 183.49
245.00 238.00 1.00 5.00 165.48
54.00 249.00 1.00 3.00 96.92
244.00 228.00 1.00 2.00 191.07
245.00 237.00 1.00 2.00 75.36
236.00 207.00 1.00 4.00 181.12
25.00 128.00 0.00 3.00 180.70
48.00 244.00 0.00 5.00 164.17
237.00 244.00 0.00 3.00 127.72
155.00 249.00 1.00 3.00 164.27
93.00 132.00 0.00 5.00 130.91
239.00 173.00 1.00 5.00 47.12
99.00 23.00 1.00 1.00 159.35
163.00 237.00 1.00 4.00 118.48
154.00 238.00 0.00 5.00 136.94
124.00 238.00 1.00 2.00 46.42
247.00 112.00 1.00 4.00 124.56
247.00 236.00 1.00 1.00 134.29
239.00 229.00 0.00 4.00 157.75
245.00 47.00 0.00 2.00 192.23
42.00 242.00 1.00 3.00 133.01
92.00 246.00 0.00 4.00 33.12
124.00 246.00 0.00 5.00 73.50
218.00 249.00 1.00 2.00 101.80
234.00 9.00 1.00 3.00 127.82
181.00 239.00 0.00 5.00 172.07
155.00 125.00 1.00 4.00 78.27
242.00 249.00 1.00 5.00 31.53
247.00 72.00 1.00 2.00 106.43
222.00 113.00 1.00 3.00 165.64
75.00 240.00 1.00 2.00 57.00
31.00 248.00 1.00 4.00 125.91
245.00 29.00 1.00 3.00 119.64
167.00 3.00 0.00 5.00 58.84
72.00 198.00 0.00 2.00 198.32
206.00 109.00 0.00 5.00 65.37
248.00 238.00 1.00 5.00 156.04
246.00 243.00 1.00 3.00 41.07
250.00 243.00 1.00 2.00 143.26
250.00 52.00 0.00 5.00 163.25
236.00 208.00 0.00 2.00 137.24
67.00 180.00 1.00 2.00 33.39
83.00 70.00 0.00 5.00 179.14
246.00 239.00 1.00 5.00 110.47
120.00 178.00 0.00 2.00 84.01
248.00 243.00 0.00 1.00 178.56
45.00 144.00 0.00 3.00 96.21
250.00 240.00 1.00 5.00 123.14
41.00 250.00 0.00 5.00 119.76
185.00 74.00 1.00 3.00 51.73
241.00 95.00 1.00 5.00 41.11
238.00 248.00 1.00 5.00 122.44
247.00 243.00 1.00 3.00 119.36
198.00 217.00 0.00 4.00 96.95
235.00 237.00 1.00 5.00 124.98
251.00 179.00 1.00 1.00 109.65
241.00 248.00 0.00 5.00 62.71
241.00 245.00 1.00 3.00 58.74
242.00 106.00 0.00 4.00 179.68
123.00 113.00 1.00 3.00 65.97
241.00 89.00 1.00 4.00 173.51
118.00 113.00 0.00 5.00 44.27
220.00 98.00 1.00 5.00 194.34
243.00 203.00 0.00 4.00 157.94
243.00 249.00 0.00 3.00 80.30
249.00 5.00 0.00 1.00 34.64
84.00 37.00 0.00 4.00 100.33
243.00 159.00 1.00 4.00 49.27
242.00 247.00 1.00 2.00 86.52
241.00 245.00 1.00 5.00 189.70
249.00 113.00 1.00 4.00 118.34
131.00 239.00 1.00 5.00 49.72
239.00 251.00 1.00 3.00 75.50
251.00 243.00 1.00 3.00 169.95
246.00 63.00 0.00 3.00 41.37
238.00 14.00 1.00 4.00 30.91
229.00 111.00 1.00 3.00 53.51
162.00 239.00 1.00 4.00 32.69
171.00 233.00 1.00 4.00 100.49
237.00 7.00 0.00 3.00 73.68
103.00 86.00 1.00 2.00 54.95
233.00 237.00 1.00 1.00 46.75
244.00 133.00 1.00 3.00 121.67
246.00 241.00 1.00 2.00 121.22
244.00 188.00 0.00 4.00 144.15
251.00 238.00 0.00 4.00 131.88
91.00 115.00 0.00 3.00 60.56
251.00 198.00 1.00 5.00 79.84
187.00 194.00 0.00 5.00 114.74
251.00 244.00 1.00 4.00 88.58
203.00 251.00 0.00 1.00 117.53
146.00 59.00 1.00 5.00 182.56
39.00 238.00 0.00 3.00 43.90
47.00 250.00 0.00 1.00 199.66
40.00 245.00 1.00 1.00 186.60
249.00 243.00 1.00 5.00 56.43
113.00 247.00 0.00 4.00 190.98
146.00 241.00 1.00 1.00 182.16
183.00 241.00 1.00 2.00 136.42
236.00 251.00 0.00 2.00 68.10
241.00 67.00 1.00 3.00 41.63
206.00 143.00 0.00 4.00 53.91
248.00 119.00 0.00 3.00 49.76
244.00 64.00 1.00 1.00 179.18
242.00 244.00 1.00 3.00 151.52
243.00 246.00 0.00 3.00 168.31
