236.00 220.00 0.00 3.00 165.37
138.00 61.00 1.00 3.00 113.33
4.00 184.00 0.00 1.00 143.41
158.00 236.00 1.00 3.00 43.57
241.00 138.00 1.00 3.00 192.61
83.00 63.00 0.00 3.00 158.02
238.00 167.00 1.00 3.00 175.95
237.00 249.00 1.00 1.00 72.89
245.00 52.00 1.00 2.00 148.56
249.00 130.00 0.00 5.00 48.31
238.00 248.00 1.00 4.00 96.20
0.00 240.00 1.00 3.00 194.56
77.00 129.00 1.00 1.00 186.80
7.00 142.00 0.00 5.00 193.35
249.00 243.00 1.00 1.00 49.45
211.00 242.00 1.00 3.00 64.32
241.00 249.00 1.00 5.00 166.67
206.00 195.00 0.00 3.00 149.15
236.00 64.00 1.00 2.00 155.25
114.00 244.00 0.00 1.00 49.72
216.00 83.00 1.00 4.00 44.61
243.00 249.00 0.00 3.00 166.72
244.00 49.00 0.00 3.00 103.19
126.00 246.00 0.00 5.00 84.72
68.00 239.00 1.00 4.00 172.49
207.00 115.00 0.00 1.00 141.34
242.00 81.00 1.00 2.00 198.70
143.00 243.00 0.00 2.00 163.52
164.00 133.00 1.00 1.00 135.99
243.00 246.00 0.00 3.00 104.74
240.00 245.00 1.00 1.00 39.38
219.00 238.00 0.00 1.00 152.11
156.00 10.00 1.00 5.00 35.15
67.00 80.00 1.00 1.00 164.01
238.00 251.00 0.00 3.00 132.42
238.00 249.00 0.00 4.00 66.07
100.00 238.00 0.00 3.00 77.64
92.00 247.00 1.00 3.00 81.02
251.00 241.00 0.00 4.00 141.51
244.00 250.00 0.00 1.00 193.24
243.00 251.00 0.00 4.00 142.56
250.00 48.00 1.00 1.00 179.05
236.00 244.00 0.00 2.00 176.60
6.00 236.00 1.00 3.00 167.75
111.00 197.00 0.00 2.00 48.72
244.00 242.00 1.00 3.00 134.59
167.00 6.00 0.00 2.00 115.88
103.00 249.00 0.00 4.00 69.82
247.00 236.00 0.00 4.00 51.88
220.00 249.00 0.00 3.00 133.53
243.00 22.00 1.00 1.00 91.06
244.00 237.00 0.00 3.00 34.95
74.00 190.00 0.00 5.00 162.49
237.00 249.00 0.00 5.00 189.62
188.00 250.00 1.00 4.00 171.58
96.00 214.00 1.00 1.00 96.87
243.00 64.00 0.00 3.00 101.96
246.00 240.00 0.00 3.00 113.98
142.00 237.00 1.00 4.00 148.62
251.00 178.00 1.00 5.00 73.38
143.00 69.00 1.00 1.00 174.70
238.00 247.00 1.00 1.00 179.14
241.00 55.00 0.00 3.00 173.20
81.00 239.00 1.00 3.00 149.72
170.00 2.00 0.00 3.00 71.31
106.00 238.00 0.00 3.00 154.15
241.00 215.00 0.00 1.00 86.66
242.00 247.00 0.00 1.00 180.82
51.00 136.00 0.00 5.00 174.80
240.00 99.00 1.00 3.00 57.91
161.00 203.00 1.00 5.00 75.09
238.00 251.00 1.00 3.00 93.32
87.00 183.00 1.00 2.00 71.39
161.00 243.00 0.00 5.00 144.70
243.00 19.00 1.00 3.00 60.79
250.00 79.00 1.00 4.00 163.97
244.00 242.00 0.00 5.00 32.64
85.00 130.00 0.00 4.00 123.59
243.00 246.00 0.00 3.00 174.96
217.00 241.00 1.00 2.00 53.59
34.00 237.00 0.00 2.00 165.10
109.00 211.00 1.00 5.00 88.56
246.00 240.00 1.00 4.00 70.99
136.00 73.00 0.00 2.00 182.97
208.00 238.00 1.00 4.00 192.26
159.00 240.00 1.00 5.00 88.81
247.00 205.00 1.00 4.00 74.42
247.00 238.00 1.00 5.00 176.60
250.00 60.00 1.00 5.00 53.25
249.00 207.00 0.00 2.00 119.24
241.00 245.00 0.00 4.00 188.87
73.00 216.00 0.00 3.00 183.08
143.00 238.00 1.00 2.00 184.92
251.00 206.00 1.00 5.00 152.46
49.00 212.00 0.00 5.00 190.24
204.00 243.00 0.00 5.00 136.70
141.00 246.00 1.00 3.00 199.08
16.00 238.00 0.00 4.00 59.40
61.00 236.00 1.00 3.00 84.87
245.00 83.00 1.00 2.00 90.60
245.00 237.00 1.00 3.00 62.71
251.00 134.00 0.00 3.00 50.08
12.00 135.00 0.00 5.00 79.39
240.00 71.00 0.00 5.00 106.03
241.00 251.00 0.00 5.00 116.51
249.00 240.00 0.00 3.00 54.48
93.00 190.00 1.00 2.00 95.73
247.00 243.00 1.00 4.00 85.25
245.00 237.00 0.00 5.00 97.52
149.00 12.00 0.00 3.00 82.60
245.00 12.00 1.00 1.00 56.86
81.00 182.00 0.00 2.00 192.25
69.00 251.00 0.00 2.00 64.37
70.00 249.00 1.00 3.00 116.86
242.00 126.00 1.00 1.00 30.37
237.00 170.00 1.00 5.00 152.66
203.00 239.00 1.00 4.00 61.48
170.00 69.00 0.00 4.00 116.19
20.00 239.00 0.00 3.00 79.58
62.00 238.00 1.00 4.00 121.36
245.00 236.00 0.00 3.00 93.28
209.00 239.00 0.00 4.00 88.62
245.00 240.00 1.00 3.00 119.09
84.00 242.00 0.00 1.00 169.81
246.00 242.00 1.00 2.00 188.17
129.00 246.00 0.00 1.00 170.61
241.00 247.00 0.00 2.00 68.32
242.00 22.00 0.00 3.00 195.89
250.00 239.00 1.00 4.00 112.38
234.00 51.00 1.00 2.00 171.67
202.00 127.00 1.00 5.00 167.57
99.00 242.00 0.00 2.00 165.53
239.00 123.00 0.00 5.00 57.04
237.00 115.00 1.00 1.00 149.79
246.00 241.00 1.00 2.00 134.96
115.00 68.00 0.00 3.00 80.31
248.00 93.00 1.00 3.00 60.81
242.00 249.00 0.00 3.00 99.30
242.00 250.00 1.00 1.00 55.38
230.00 53.00 1.00 4.00 92.30
74.00 243.00 0.00 4.00 131.54
173.00 228.00 0.00 4.00 131.09
0.00 239.00 0.00 1.00 44.99
35.00 149.00 1.00 2.00 120.30
159.00 248.00 0.00 2.00 137.19
12.00 239.00 1.00 2.00 188.56
231.00 238.00 0.00 3.00 56.95
236.00 251.00 0.00 4.00 129.88
242.00 245.00 1.00 3.00 154.75
69.00 213.00 0.00 2.00 195.49
190.00 248.00 0.00 3.00 57.65
246.00 86.00 1.00 3.00 50.38
84.00 63.00 1.00 5.00 151.78
246.00 236.00 1.00 1.00 176.24
9.00 34.00 0.00 5.00 80.51
249.00 137.00 1.00 3.00 157.61
58.00 246.00 1.00 1.00 40.04
244.00 242.00 1.00 1.00 134.04
118.00 244.00 0.00 5.00 35.38
113.00 239.00 0.00 1.00 129.18
178.00 63.00 1.00 1.00 71.77
248.00 131.00 1.00 4.00 57.89
237.00 248.00 1.00 2.00 159.46
240.00 250.00 0.00 3.00 76.44
238.00 245.00 1.00 3.00 149.46
165.00 239.00 1.00 2.00 127.06
32.00 224.00 0.00 4.00 164.63
72.00 203.00 0.00 5.00 129.53
250.00 241.00 0.00 4.00 165.51
237.00 214.00 1.00 3.00 163.54
139.00 236.00 0.00 4.00 126.22
182.00 244.00 0.00 2.00 168.24
10.00 247.00 0.00 5.00 124.40
236.00 242.00 0.00 2.00 156.28
206.00 248.00 0.00 4.00 78.88
240.00 202.00 0.00 3.00 90.01
153.00 133.00 0.00 2.00 88.48
19.00 203.00 1.00 4.00 76.32
238.00 251.00 0.00 2.00 74.48
141.00 69.00 1.00 5.00 176.18
235.00 26.00 1.00 4.00 175.48
12.00 193.00 1.00 4.00 57.35
246.00 237.00 1.00 1.00 62.18
236.00 242.00 1.00 1.00 63.32
249.00 59.00 0.00 1.00 189.49
134.00 239.00 1.00 1.00 145.98
8.00 128.00 1.00 1.00 96.22
133.00 215.00 1.00 2.00 160.74
139.00 237.00 0.00 5.00 98.50
232.00 237.00 1.00 3.00 184.01
236.00 11.00 0.00 4.00 111.08
243.00 237.00 1.00 4.00 191.80
243.00 16.00 1.00 1.00 176.76
69.00 238.00 0.00 5.00 110.83
242.00 244.00 0.00 5.00 99.35
247.00 73.00 0.00 4.00 106.41
246.00 238.00 1.00 4.00 146.57
242.00 245.00 1.00 5.00 131.13
91.00 249.00 1.00 1.00 54.65
88.00 185.00 0.00 5.00 191.11
91.00 250.00 0.00 5.00 88.38
194.00 236.00 1.00 2.00 86.14
245.00 241.00 0.00 2.00 135.35
251.00 161.00 0.00 2.00 167.34
245.00 200.00 0.00 3.00 116.68
117.00 15.00 1.00 5.00 185.89
154.00 13.00 1.00 4.00 162.98
144.00 19.00 0.00 1.00 178.88
190.00 237.00 0.00 4.00 101.75
48.00 242.00 1.00 1.00 138.66
240.00 248.00 1.00 1.00 121.47
68.00 28.00 0.00 5.00 89.96
248.00 203.00 1.00 4.00 175.37
125.00 176.00 1.00 2.00 93.89
65.00 236.00 1.00 4.00 175.14
182.00 164.00 0.00 1.00 162.77
232.00 159.00 0.00 2.00 110.72
243.00 248.00 1.00 4.00 66.55
239.00 251.00 1.00 5.00 107.97
28.00 248.00 0.00 1.00 122.44
243.00 74.00 1.00 1.00 107.67
244.00 237.00 0.00 4.00 199.26
94.00 236.00 0.00 5.00 39.20
52.00 137.00 1.00 5.00 71.58
248.00 241.00 0.00 1.00 73.94
155.00 193.00 0.00 4.00 63.21
241.00 41.00 1.00 1.00 169.24
58.00 114.00 1.00 5.00 42.46
248.00 90.00 1.00 4.00 159.49
237.00 249.00 0.00 4.00 199.00
248.00 57.00 0.00 5.00 116.80
149.00 170.00 0.00 5.00 45.85
240.00 251.00 1.00 5.00 163.63
36.00 96.00 1.00 3.00 49.16
247.00 237.00 0.00 3.00 70.56
22.00 242.00 1.00 1.00 49.55
132.00 188.00 1.00 2.00 107.65
22.00 234.00 0.00 4.00 152.16
206.00 14.00 1.00 4.00 128.71
178.00 53.00 1.00 2.00 68.50
219.00 243.00 0.00 3.00 54.91
237.00 77.00 0.00 2.00 136.76
237.00 82.00 1.00 3.00 151.68
194.00 245.00 0.00 2.00 91.50
236.00 229.00 1.00 3.00 97.36
40.00 238.00 1.00 2.00 170.62
242.00 245.00 0.00 2.00 142.91
243.00 53.00 0.00 4.00 133.16
244.00 251.00 0.00 1.00 86.49
164.00 237.00 1.00 1.00 36.01
236.00 191.00 0.00 1.00 65.64
48.00 242.00 1.00 1.00 143.95
57.00 222.00 1.00 1.00 99.00
193.00 251.00 1.00 4.00 70.81
236.00 132.00 1.00 5.00 99.67
249.00 30.00 1.00 5.00 99.17
246.00 241.00 1.00 4.00 123.53
7.00 240.00 1.00 2.00 76.13
244.00 176.00 1.00 5.00 69.64
153.00 13.00 1.00 4.00 50.95
236.00 227.00 0.00 1.00 157.30
248.00 237.00 1.00 4.00 167.33
247.00 241.00 1.00 2.00 182.23
241.00 76.00 1.00 1.00 128.10
250.00 227.00 1.00 1.00 32.22
35.00 12.00 1.00 1.00 152.93
222.00 239.00 0.00 3.00 163.53
250.00 183.00 1.00 2.00 152.40
247.00 7.00 1.00 4.00 42.70
239.00 245.00 0.00 5.00 60.71
238.00 246.00 0.00 3.00 161.12
247.00 31.00 0.00 5.00 160.31
169.00 32.00 1.00 4.00 43.78
240.00 244.00 0.00 4.00 117.62
239.00 247.00 1.00 5.00 65.77
113.00 250.00 1.00 2.00 141.18
12.00 247.00 0.00 5.00 52.65
187.00 251.00 0.00 2.00 32.56
85.00 96.00 0.00 3.00 94.34
238.00 246.00 0.00 1.00 103.81
250.00 203.00 1.00 4.00 170.87
244.00 243.00 1.00 2.00 56.41
42.00 240.00 1.00 3.00 38.03
238.00 250.00 1.00 2.00 84.07
248.00 141.00 0.00 1.00 43.33
247.00 23.00 0.00 1.00 94.29
239.00 51.00 0.00 3.00 151.21
75.00 199.00 0.00 4.00 59.36
241.00 191.00 1.00 4.00 168.96
238.00 248.00 0.00 3.00 84.94
236.00 70.00 0.00 3.00 69.59
242.00 130.00 0.00 1.00 55.97
81.00 245.00 0.00 1.00 52.91
30.00 9.00 1.00 2.00 30.58
101.00 158.00 1.00 1.00 34.86
241.00 84.00 0.00 4.00 174.15
239.00 247.00 1.00 1.00 119.02
243.00 102.00 1.00 5.00 144.06
249.00 34.00 0.00 3.00 198.55
64.00 242.00 1.00 4.00 36.32
195.00 28.00 0.00 3.00 170.39
237.00 250.00 0.00 5.00 30.09
240.00 251.00 0.00 4.00 195.32
166.00 247.00 0.00 5.00 180.82
25.00 19.00 1.00 1.00 64.59
237.00 244.00 0.00 3.00 54.39
244.00 240.00 0.00 2.00 110.47
209.00 155.00 1.00 3.00 67.53
251.00 174.00 1.00 2.00 91.64
137.00 248.00 1.00 1.00 114.91
57.00 30.00 0.00 1.00 151.11
14.00 77.00 0.00 2.00 83.74
239.00 43.00 1.00 4.00 133.24
168.00 249.00 1.00 5.00 180.35
106.00 236.00 1.00 3.00 36.65
245.00 171.00 1.00 1.00 32.34
112.00 247.00 1.00 3.00 184.47
239.00 235.00 0.00 2.00 116.42
170.00 193.00 0.00 2.00 32.96
246.00 203.00 1.00 5.00 152.72
162.00 250.00 1.00 5.00 99.18
120.00 241.00 1.00 1.00 138.03
248.00 242.00 1.00 1.00 154.50
238.00 246.00 1.00 2.00 158.02
248.00 239.00 1.00 4.00 101.02
248.00 242.00 0.00 2.00 157.80
244.00 129.00 0.00 3.00 66.84
178.00 251.00 1.00 4.00 68.65
251.00 236.00 0.00 4.00 62.43
242.00 247.00 1.00 5.00 140.94
51.00 58.00 0.00 2.00 183.98
16.00 234.00 1.00 3.00 193.42
240.00 197.00 0.00 1.00 165.48
150.00 242.00 1.00 2.00 35.12
249.00 58.00 0.00 1.00 170.60
190.00 245.00 1.00 5.00 123.39
184.00 203.00 1.00 1.00 112.92
242.00 236.00 0.00 3.00 122.60
110.00 236.00 0.00 5.00 106.12
63.00 248.00 0.00 4.00 118.47
62.00 172.00 0.00 2.00 144.56
242.00 184.00 0.00 4.00 41.76
241.00 15.00 0.00 4.00 37.68
104.00 204.00 0.00 1.00 150.73
236.00 77.00 0.00 5.00 187.20
246.00 201.00 0.00 3.00 197.78
60.00 240.00 1.00 2.00 112.69
239.00 118.00 0.00 4.00 79.82
136.00 189.00 1.00 4.00 172.72
239.00 250.00 0.00 4.00 152.31
251.00 236.00 0.00 5.00 179.93
246.00 241.00 0.00 4.00 86.69
239.00 250.00 1.00 2.00 165.73
243.00 249.00 1.00 5.00 181.64
246.00 243.00 1.00 2.00 178.83
38.00 222.00 1.00 1.00 73.58
240.00 247.00 1.00 4.00 163.12
248.00 238.00 1.00 5.00 187.77
95.00 11.00 0.00 1.00 89.47
250.00 237.00 1.00 4.00 78.25
240.00 246.00 1.00 1.00 144.06
36.00 248.00 1.00 5.00 92.33
88.00 23.00 1.00 5.00 82.03
251.00 238.00 1.00 4.00 188.76
236.00 249.00 1.00 2.00 140.42
156.00 189.00 1.00 1.00 43.97
246.00 167.00 1.00 2.00 80.01
238.00 245.00 1.00 3.00 41.60
104.00 238.00 1.00 4.00 71.83
237.00 246.00 0.00 2.00 179.92
242.00 248.00 0.00 2.00 125.74
241.00 246.00 1.00 3.00 43.42
245.00 243.00 0.00 3.00 119.66
207.00 249.00 0.00 3.00 176.81
45.00 155.00 1.00 5.00 192.64
251.00 236.00 1.00 2.00 102.91
244.00 54.00 0.00 4.00 134.88
164.00 241.00 1.00 4.00 126.09
238.00 244.00 1.00 3.00 113.65
217.00 114.00 0.00 2.00 119.59
139.00 244.00 1.00 2.00 67.39
237.00 209.00 0.00 4.00 184.81
244.00 240.00 0.00 1.00 65.53
250.00 221.00 0.00 5.00 155.64
223.00 240.00 1.00 3.00 186.92
251.00 116.00 0.00 3.00 109.20
46.00 209.00 1.00 4.00 189.54
249.00 238.00 1.00 2.00 153.21
246.00 237.00 1.00 5.00 126.82
244.00 239.00 1.00 2.00 198.74
199.00 85.00 0.00 4.00 59.54
239.00 211.00 1.00 2.00 117.55
236.00 214.00 0.00 1.00 89.30
249.00 104.00 1.00 3.00 128.21
249.00 237.00 1.00 4.00 138.80
243.00 247.00 1.00 5.00 121.88
242.00 248.00 1.00 1.00 197.99
244.00 94.00 0.00 1.00 174.35
178.00 244.00 0.00 2.00 112.17
244.00 158.00 1.00 1.00 31.22
172.00 25.00 1.00 5.00 160.58
134.00 243.00 0.00 2.00 98.87
220.00 243.00 1.00 5.00 119.97
248.00 237.00 1.00 5.00 126.61
246.00 158.00 0.00 5.00 64.18
249.00 220.00 1.00 1.00 120.00
241.00 21.00 1.00 1.00 59.86
250.00 241.00 0.00 2.00 86.17
250.00 239.00 0.00 5.00 40.23
32.00 251.00 1.00 5.00 107.27
6.00 250.00 1.00 4.00 146.74
180.00 251.00 0.00 3.00 88.14
52.00 245.00 1.00 5.00 129.95
164.00 39.00 0.00 4.00 127.21
251.00 222.00 0.00 2.00 81.46
228.00 245.00 1.00 3.00 194.35
102.00 140.00 1.00 1.00 53.71
109.00 240.00 0.00 2.00 77.10
244.00 237.00 1.00 3.00 51.35
243.00 247.00 1.00 5.00 136.25
243.00 191.00 1.00 1.00 43.72
243.00 63.00 1.00 2.00 197.15
248.00 236.00 1.00 2.00 168.84
180.00 218.00 0.00 1.00 130.54
20.00 245.00 0.00 2.00 41.02
245.00 63.00 1.00 2.00 124.61
72.00 54.00 1.00 4.00 30.38
243.00 245.00 0.00 3.00 154.59
238.00 249.00 0.00 5.00 129.56
241.00 219.00 1.00 3.00 110.84
127.00 247.00 1.00 4.00 60.51
102.00 241.00 1.00 2.00 179.20
246.00 65.00 1.00 3.00 181.97
241.00 170.00 1.00 5.00 48.81
238.00 250.00 1.00 1.00 137.88
47.00 225.00 0.00 5.00 104.14
43.00 240.00 1.00 2.00 52.31
216.00 58.00 0.00 4.00 153.65
239.00 244.00 1.00 1.00 125.81
241.00 248.00 1.00 5.00 78.13
247.00 240.00 0.00 1.00 48.26
245.00 240.00 1.00 3.00 153.47
251.00 157.00 1.00 1.00 89.93
203.00 196.00 1.00 2.00 126.98
136.00 17.00 0.00 1.00 84.29
82.00 107.00 1.00 4.00 106.15
247.00 112.00 0.00 3.00 124.23
43.00 64.00 0.00 4.00 106.33
242.00 247.00 1.00 2.00 165.72
178.00 247.00 0.00 2.00 118.41
242.00 249.00 0.00 1.00 120.96
153.00 243.00 0.00 4.00 36.52
238.00 246.00 1.00 3.00 90.00
149.00 167.00 1.00 3.00 138.55
43.00 64.00 1.00 1.00 116.40
249.00 141.00 0.00 1.00 97.14
138.00 242.00 0.00 1.00 99.65
81.00 245.00 0.00 2.00 106.15
250.00 208.00 1.00 4.00 60.73
221.00 107.00 1.00 5.00 49.68
156.00 249.00 1.00 4.00 40.10
245.00 241.00 1.00 1.00 176.15
85.00 98.00 0.00 2.00 62.82
169.00 243.00 1.00 1.00 32.15
204.00 226.00 0.00 5.00 37.55
223.00 187.00 0.00 5.00 59.49
245.00 125.00 0.00 4.00 144.18
243.00 34.00 0.00 1.00 137.27
125.00 25.00 1.00 1.00 121.01
34.00 239.00 0.00 5.00 158.94
239.00 251.00 1.00 3.00 103.88
110.00 250.00 0.00 2.00 120.06
242.00 168.00 0.00 3.00 116.14
205.00 49.00 0.00 3.00 186.30
185.00 63.00 0.00 1.00 157.59
247.00 39.00 1.00 4.00 108.32
247.00 199.00 1.00 2.00 150.66
40.00 218.00 1.00 4.00 175.75
246.00 166.00 0.00 4.00 183.68
240.00 245.00 1.00 1.00 75.34
90.00 241.00 0.00 3.00 134.71
11.00 239.00 0.00 3.00 114.24
17.00 223.00 1.00 2.00 58.19
8.00 56.00 1.00 2.00 188.71
92.00 239.00 1.00 5.00 139.13
236.00 224.00 1.00 5.00 152.82
236.00 245.00 0.00 2.00 124.27
47.00 241.00 1.00 1.00 166.94
112.00 155.00 1.00 1.00 67.10
239.00 35.00 1.00 5.00 31.61
242.00 187.00 0.00 5.00 174.40
18.00 34.00 0.00 1.00 121.16
250.00 60.00 1.00 2.00 73.64
177.00 249.00 0.00 1.00 55.30
239.00 107.00 1.00 3.00 132.08
238.00 57.00 0.00 5.00 187.10
238.00 6.00 0.00 1.00 149.65
237.00 47.00 0.00 3.00 70.16
203.00 51.00 0.00 1.00 77.10
245.00 240.00 1.00 5.00 57.00
220.00 243.00 1.00 3.00 111.54
35.00 154.00 1.00 3.00 61.84
99.00 241.00 1.00 1.00 90.13
58.00 251.00 1.00 2.00 189.22
248.00 186.00 0.00 2.00 108.69
55.00 228.00 1.00 2.00 147.89
133.00 4.00 0.00 2.00 49.07
251.00 112.00 0.00 4.00 54.81
237.00 243.00 0.00 3.00 151.23
238.00 43.00 0.00 5.00 77.36
244.00 178.00 1.00 4.00 126.25
69.00 84.00 0.00 2.00 199.98
251.00 236.00 1.00 1.00 32.34
248.00 181.00 1.00 1.00 68.80
248.00 241.00 1.00 5.00 51.56
235.00 29.00 0.00 3.00 199.92
136.00 236.00 0.00 4.00 62.60
11.00 241.00 0.00 1.00 102.58
94.00 151.00 1.00 4.00 60.24
226.00 201.00 1.00 3.00 121.31
173.00 0.00 0.00 2.00 97.24
249.00 236.00 0.00 1.00 156.09
120.00 250.00 1.00 1.00 199.93
84.00 242.00 0.00 2.00 169.60
238.00 251.00 0.00 3.00 162.96
217.00 100.00 1.00 4.00 189.90
46.00 242.00 1.00 5.00 190.89
86.00 26.00 1.00 2.00 111.52
143.00 241.00 1.00 3.00 165.92
238.00 116.00 1.00 1.00 37.79
240.00 192.00 1.00 4.00 95.41
142.00 235.00 1.00 5.00 33.98
60.00 19.00 0.00 4.00 43.56
242.00 245.00 0.00 3.00 81.24
224.00 185.00 0.00 2.00 111.41
243.00 52.00 1.00 1.00 35.59
238.00 250.00 0.00 5.00 35.84
248.00 89.00 1.00 4.00 162.66
247.00 99.00 1.00 5.00 89.30
238.00 113.00 1.00 5.00 51.92
130.00 245.00 0.00 1.00 187.00
132.00 239.00 1.00 5.00 105.73
205.00 166.00 1.00 5.00 157.88
184.00 241.00 1.00 3.00 66.81
236.00 191.00 1.00 1.00 132.88
217.00 169.00 0.00 5.00 132.49
247.00 232.00 1.00 3.00 64.83
87.00 4.00 1.00 5.00 98.08
242.00 248.00 0.00 2.00 167.14
251.00 154.00 1.00 2.00 85.69
240.00 179.00 0.00 5.00 157.71
238.00 249.00 0.00 5.00 118.12
23.00 187.00 1.00 4.00 131.18
121.00 241.00 1.00 1.00 89.19
99.00 250.00 1.00 5.00 66.37
248.00 243.00 0.00 2.00 62.48
187.00 236.00 1.00 1.00 50.26
21.00 25.00 0.00 3.00 150.28
146.00 240.00 1.00 4.00 193.29
93.00 78.00 1.00 2.00 109.71
242.00 234.00 0.00 4.00 142.77
248.00 21.00 0.00 4.00 152.64
238.00 189.00 0.00 5.00 78.23
237.00 55.00 0.00 1.00 118.58
194.00 196.00 1.00 2.00 194.49
249.00 122.00 0.00 4.00 82.76
120.00 32.00 1.00 5.00 99.68
127.00 236.00 1.00 2.00 147.52
14.00 178.00 1.00 3.00 195.90
238.00 169.00 0.00 5.00 90.20
236.00 242.00 0.00 4.00 96.21
239.00 250.00 0.00 2.00 80.16
215.00 122.00 1.00 5.00 197.25
249.00 240.00 0.00 3.00 63.74
244.00 242.00 0.00 2.00 191.52
245.00 80.00 1.00 5.00 157.75
145.00 240.00 0.00 2.00 167.16
250.00 30.00 0.00 3.00 172.33
70.00 244.00 0.00 4.00 73.91
169.00 241.00 1.00 5.00 158.58
246.00 238.00 1.00 4.00 145.26
116.00 238.00 0.00 2.00 90.87
30.00 77.00 0.00 2.00 133.19
244.00 240.00 0.00 1.00 178.59
129.00 215.00 1.00 2.00 145.12
87.00 246.00 1.00 4.00 81.78
248.00 243.00 0.00 1.00 148.37
246.00 240.00 1.00 1.00 119.24
247.00 174.00 1.00 2.00 120.70
238.00 129.00 1.00 5.00 74.11
216.00 237.00 1.00 2.00 42.84
64.00 122.00 1.00 5.00 39.52
243.00 251.00 0.00 3.00 157.36
34.00 83.00 1.00 5.00 35.93
240.00 244.00 0.00 4.00 92.03
244.00 237.00 1.00 3.00 134.09
240.00 251.00 1.00 5.00 78.35
248.00 237.00 0.00 5.00 145.99
117.00 246.00 0.00 1.00 73.48
236.00 113.00 0.00 3.00 42.31
243.00 144.00 1.00 2.00 199.67
85.00 0.00 1.00 3.00 40.78
74.00 148.00 0.00 2.00 110.55
128.00 87.00 1.00 5.00 57.43
21.00 239.00 0.00 5.00 180.26
237.00 12.00 0.00 1.00 175.23
138.00 69.00 1.00 2.00 182.52
142.00 250.00 0.00 1.00 58.85
246.00 240.00 0.00 4.00 94.88
120.00 29.00 0.00 4.00 41.29
240.00 219.00 0.00 2.00 172.50
243.00 21.00 0.00 4.00 118.15
241.00 245.00 0.00 3.00 97.33
237.00 49.00 1.00 5.00 74.17
250.00 21.00 1.00 3.00 104.45
240.00 245.00 1.00 3.00 86.13
44.00 71.00 1.00 4.00 173.99
245.00 230.00 1.00 2.00 189.35
118.00 248.00 0.00 4.00 125.01
2.00 250.00 1.00 4.00 56.29
248.00 240.00 0.00 4.00 192.66
243.00 231.00 1.00 1.00 92.82
45.00 237.00 1.00 4.00 78.93
12.00 239.00 1.00 2.00 115.58
245.00 232.00 0.00 5.00 35.52
233.00 245.00 0.00 5.00 43.54
243.00 94.00 0.00 4.00 181.19
218.00 54.00 1.00 4.00 155.54
249.00 243.00 1.00 5.00 51.00
236.00 171.00 1.00 4.00 92.00
237.00 243.00 0.00 4.00 171.69
73.00 144.00 1.00 3.00 155.56
249.00 243.00 1.00 2.00 177.18
53.00 243.00 1.00 3.00 153.78
242.00 50.00 0.00 5.00 70.87
100.00 245.00 0.00 1.00 186.36
188.00 246.00 1.00 4.00 184.05
210.00 107.00 1.00 5.00 61.36
245.00 243.00 1.00 3.00 125.46
120.00 242.00 0.00 4.00 60.11
246.00 236.00 1.00 3.00 161.79
236.00 245.00 1.00 3.00 165.58
15.00 77.00 0.00 4.00 158.08
248.00 239.00 0.00 3.00 57.99
245.00 239.00 1.00 3.00 110.90
236.00 249.00 1.00 3.00 90.42
92.00 246.00 0.00 3.00 177.20
249.00 93.00 0.00 5.00 127.40
189.00 249.00 1.00 4.00 146.64
95.00 25.00 0.00 3.00 71.09
54.00 213.00 0.00 3.00 119.29
241.00 250.00 1.00 2.00 183.44
174.00 250.00 1.00 3.00 105.30
241.00 202.00 1.00 2.00 55.74
236.00 163.00 0.00 3.00 122.50
242.00 248.00 1.00 1.00 197.54
244.00 95.00 0.00 5.00 122.20
139.00 123.00 1.00 2.00 47.78
158.00 225.00 1.00 2.00 195.42
238.00 48.00 0.00 1.00 80.29
246.00 239.00 0.00 5.00 196.93
248.00 51.00 1.00 5.00 67.88
249.00 153.00 0.00 1.00 59.69
43.00 236.00 1.00 2.00 147.74
44.00 108.00 1.00 1.00 132.31
244.00 21.00 0.00 2.00 197.41
242.00 207.00 1.00 2.00 35.89
241.00 189.00 0.00 5.00 93.38
240.00 244.00 1.00 1.00 156.87
249.00 243.00 1.00 5.00 135.43
243.00 128.00 1.00 1.00 172.00
84.00 34.00 0.00 5.00 60.21
187.00 251.00 0.00 3.00 48.93
247.00 242.00 0.00 4.00 67.16
140.00 249.00 1.00 5.00 114.66
237.00 244.00 0.00 3.00 164.50
246.00 194.00 0.00 1.00 187.96
190.00 216.00 0.00 4.00 136.75
58.00 247.00 0.00 1.00 43.50
251.00 119.00 0.00 3.00 114.20
251.00 236.00 1.00 1.00 159.39
244.00 251.00 0.00 2.00 116.66
224.00 21.00 1.00 1.00 172.43
244.00 242.00 1.00 4.00 117.65
237.00 244.00 1.00 5.00 101.41
243.00 205.00 0.00 4.00 61.68
188.00 111.00 1.00 3.00 61.37
238.00 184.00 0.00 3.00 163.38
139.00 22.00 0.00 1.00 95.50
156.00 236.00 0.00 2.00 195.37
86.00 242.00 0.00 5.00 81.08
250.00 204.00 0.00 1.00 49.39
250.00 241.00 1.00 3.00 49.30
46.00 247.00 1.00 5.00 167.56
114.00 249.00 1.00 4.00 181.24
238.00 248.00 0.00 2.00 75.70
249.00 238.00 1.00 5.00 196.84
48.00 242.00 0.00 5.00 60.77
228.00 237.00 0.00 3.00 183.63
251.00 236.00 0.00 2.00 36.34
