241.00 245.00 1.00 4.00 105.43
31.00 74.00 1.00 1.00 142.22
233.00 32.00 0.00 5.00 99.46
176.00 245.00 0.00 2.00 113.85
63.00 76.00 1.00 1.00 33.84
237.00 247.00 0.00 3.00 174.19
89.00 249.00 0.00 4.00 52.50
247.00 79.00 1.00 2.00 152.66
240.00 185.00 0.00 3.00 47.65
182.00 239.00 0.00 3.00 176.51
153.00 236.00 1.00 4.00 31.17
249.00 149.00 0.00 4.00 40.87
159.00 243.00 1.00 5.00 185.76
64.00 236.00 1.00 3.00 144.37
116.00 168.00 0.00 4.00 171.65
164.00 237.00 0.00 4.00 79.00
240.00 249.00 0.00 4.00 157.27
237.00 112.00 0.00 3.00 64.80
243.00 220.00 1.00 2.00 122.89
240.00 247.00 0.00 5.00 41.44
237.00 249.00 0.00 3.00 176.14
19.00 238.00 1.00 5.00 55.76
242.00 244.00 0.00 5.00 117.68
250.00 92.00 1.00 5.00 126.02
29.00 169.00 1.00 1.00 102.80
191.00 117.00 1.00 4.00 137.81
185.00 75.00 1.00 4.00 78.84
238.00 250.00 1.00 5.00 67.78
239.00 61.00 1.00 1.00 69.12
237.00 246.00 0.00 2.00 107.17
44.00 57.00 0.00 5.00 147.20
241.00 251.00 0.00 5.00 102.02
241.00 250.00 1.00 3.00 116.31
123.00 243.00 0.00 1.00 73.67
215.00 236.00 1.00 2.00 100.02
250.00 237.00 0.00 4.00 131.71
247.00 102.00 0.00 5.00 89.66
247.00 239.00 0.00 5.00 198.59
236.00 246.00 1.00 2.00 74.19
20.00 200.00 0.00 2.00 164.87
162.00 14.00 1.00 4.00 57.69
20.00 130.00 0.00 4.00 167.91
240.00 251.00 1.00 3.00 152.25
89.00 116.00 1.00 5.00 170.41
47.00 169.00 1.00 1.00 131.56
172.00 248.00 0.00 1.00 82.13
244.00 236.00 1.00 4.00 35.72
251.00 244.00 1.00 1.00 132.49
240.00 247.00 0.00 1.00 191.80
34.00 177.00 0.00 3.00 100.30
237.00 153.00 1.00 4.00 111.91
5.00 113.00 1.00 1.00 39.82
249.00 240.00 1.00 4.00 69.06
248.00 9.00 0.00 3.00 88.46
240.00 244.00 0.00 5.00 149.46
101.00 238.00 1.00 3.00 181.21
241.00 248.00 1.00 3.00 115.65
245.00 243.00 0.00 5.00 56.51
240.00 246.00 1.00 1.00 56.25
244.00 194.00 0.00 5.00 121.27
100.00 53.00 1.00 5.00 50.48
36.00 241.00 0.00 4.00 189.64
171.00 242.00 1.00 1.00 73.77
243.00 212.00 0.00 2.00 44.57
245.00 117.00 0.00 4.00 198.91
106.00 190.00 1.00 2.00 83.28
10.00 244.00 1.00 1.00 173.92
249.00 243.00 1.00 5.00 116.68
205.00 249.00 1.00 4.00 155.23
144.00 119.00 1.00 3.00 162.12
236.00 245.00 1.00 4.00 126.67
117.00 249.00 1.00 1.00 142.83
95.00 143.00 1.00 4.00 125.45
12.00 236.00 0.00 2.00 142.82
76.00 250.00 0.00 2.00 125.54
241.00 251.00 1.00 2.00 55.30
238.00 210.00 1.00 3.00 190.02
250.00 237.00 1.00 2.00 116.16
240.00 173.00 1.00 5.00 129.78
237.00 251.00 1.00 3.00 31.99
82.00 245.00 1.00 1.00 182.00
250.00 145.00 1.00 1.00 145.24
130.00 73.00 1.00 1.00 79.71
100.00 167.00 0.00 1.00 108.36
238.00 128.00 1.00 5.00 108.61
59.00 240.00 0.00 3.00 113.29
26.00 251.00 0.00 4.00 55.77
57.00 246.00 0.00 5.00 154.44
46.00 242.00 0.00 1.00 142.91
242.00 33.00 0.00 4.00 62.64
245.00 143.00 0.00 2.00 140.68
100.00 69.00 0.00 4.00 165.32
244.00 250.00 0.00 5.00 70.39
144.00 238.00 0.00 5.00 97.39
250.00 53.00 1.00 4.00 46.86
237.00 248.00 0.00 4.00 155.18
237.00 246.00 1.00 1.00 196.60
171.00 246.00 1.00 1.00 79.59
244.00 236.00 0.00 3.00 51.43
236.00 183.00 0.00 1.00 93.96
10.00 250.00 1.00 1.00 155.88
243.00 237.00 1.00 2.00 38.29
131.00 214.00 1.00 5.00 78.27
249.00 184.00 0.00 4.00 33.10
88.00 69.00 0.00 4.00 111.85
225.00 239.00 0.00 4.00 30.63
214.00 129.00 1.00 1.00 70.19
245.00 187.00 1.00 3.00 188.35
246.00 96.00 0.00 3.00 44.15
238.00 249.00 1.00 4.00 144.43
243.00 237.00 0.00 5.00 33.25
233.00 97.00 1.00 3.00 46.85
85.00 19.00 1.00 2.00 175.31
122.00 242.00 0.00 1.00 143.39
2.00 241.00 0.00 1.00 168.43
237.00 249.00 0.00 1.00 85.16
240.00 245.00 1.00 1.00 62.02
240.00 246.00 1.00 1.00 99.42
193.00 240.00 1.00 2.00 112.01
240.00 156.00 1.00 3.00 125.74
245.00 243.00 0.00 5.00 108.74
40.00 240.00 0.00 1.00 42.97
251.00 110.00 1.00 2.00 80.24
242.00 247.00 1.00 2.00 55.16
192.00 250.00 1.00 3.00 57.81
105.00 240.00 1.00 5.00 90.53
237.00 243.00 1.00 1.00 146.36
239.00 248.00 0.00 2.00 30.79
245.00 237.00 1.00 3.00 157.62
240.00 248.00 0.00 1.00 53.76
154.00 21.00 1.00 4.00 134.07
95.00 25.00 0.00 3.00 143.31
85.00 239.00 0.00 4.00 169.78
84.00 248.00 0.00 5.00 112.13
237.00 245.00 1.00 3.00 89.32
3.00 236.00 1.00 1.00 116.51
245.00 152.00 0.00 2.00 145.32
199.00 249.00 0.00 1.00 182.51
247.00 68.00 0.00 2.00 162.93
250.00 20.00 0.00 4.00 196.49
105.00 247.00 0.00 1.00 105.70
238.00 249.00 0.00 2.00 34.47
242.00 175.00 1.00 1.00 83.61
160.00 248.00 1.00 2.00 33.99
251.00 239.00 1.00 4.00 90.36
115.00 245.00 1.00 2.00 87.22
238.00 248.00 1.00 3.00 32.80
126.00 57.00 0.00 3.00 67.58
240.00 166.00 1.00 2.00 187.98
137.00 241.00 0.00 5.00 175.32
129.00 77.00 0.00 5.00 113.18
241.00 249.00 0.00 5.00 132.52
25.00 216.00 0.00 4.00 138.36
56.00 251.00 1.00 2.00 166.77
56.00 237.00 1.00 5.00 85.12
243.00 230.00 1.00 1.00 197.26
45.00 243.00 0.00 1.00 42.09
104.00 244.00 0.00 4.00 178.11
237.00 250.00 0.00 5.00 31.68
128.00 236.00 1.00 4.00 143.15
17.00 181.00 1.00 4.00 78.77
100.00 118.00 1.00 4.00 186.28
122.00 2.00 0.00 4.00 129.07
135.00 237.00 1.00 5.00 64.69
34.00 22.00 1.00 4.00 165.58
154.00 209.00 0.00 4.00 84.95
250.00 240.00 0.00 4.00 197.29
251.00 238.00 1.00 3.00 62.52
191.00 242.00 0.00 3.00 53.98
102.00 61.00 1.00 5.00 71.37
246.00 61.00 1.00 1.00 123.62
202.00 15.00 1.00 3.00 193.89
114.00 237.00 1.00 5.00 158.66
250.00 240.00 1.00 5.00 114.13
249.00 242.00 1.00 1.00 99.58
238.00 133.00 0.00 1.00 110.86
143.00 48.00 0.00 3.00 114.93
133.00 166.00 0.00 4.00 140.12
244.00 251.00 1.00 2.00 106.32
242.00 248.00 1.00 5.00 156.46
4.00 236.00 1.00 5.00 132.87
239.00 249.00 1.00 5.00 101.52
124.00 86.00 1.00 1.00 195.67
243.00 250.00 0.00 1.00 132.65
176.00 248.00 1.00 5.00 194.19
238.00 159.00 0.00 3.00 117.35
240.00 89.00 0.00 4.00 181.45
242.00 225.00 1.00 1.00 64.44
251.00 238.00 0.00 2.00 147.87
190.00 240.00 0.00 4.00 148.30
82.00 125.00 1.00 3.00 141.43
136.00 79.00 0.00 1.00 85.18
240.00 165.00 1.00 1.00 125.98
240.00 246.00 0.00 2.00 161.53
188.00 244.00 0.00 1.00 62.81
239.00 198.00 1.00 4.00 157.76
121.00 244.00 0.00 4.00 142.70
250.00 218.00 0.00 2.00 158.08
169.00 60.00 1.00 5.00 185.06
243.00 175.00 0.00 3.00 62.83
115.00 242.00 0.00 1.00 117.89
238.00 45.00 1.00 4.00 154.26
243.00 53.00 1.00 4.00 87.07
247.00 236.00 1.00 1.00 102.71
105.00 243.00 1.00 2.00 141.34
6.00 238.00 0.00 4.00 181.19
239.00 249.00 0.00 2.00 141.20
248.00 110.00 1.00 2.00 152.22
152.00 251.00 0.00 5.00 167.93
80.00 6.00 1.00 2.00 143.06
152.00 97.00 1.00 3.00 53.67
130.00 238.00 0.00 3.00 79.35
239.00 70.00 1.00 5.00 176.54
251.00 239.00 1.00 4.00 150.57
96.00 248.00 1.00 1.00 135.63
107.00 238.00 1.00 3.00 56.34
249.00 143.00 0.00 1.00 72.96
250.00 190.00 1.00 2.00 183.26
236.00 109.00 1.00 2.00 166.66
249.00 19.00 1.00 4.00 137.77
80.00 175.00 1.00 4.00 118.43
117.00 90.00 1.00 3.00 173.07
244.00 237.00 0.00 4.00 76.76
241.00 246.00 1.00 5.00 155.89
244.00 127.00 1.00 1.00 170.00
238.00 249.00 0.00 5.00 194.92
246.00 78.00 0.00 1.00 74.26
203.00 248.00 0.00 1.00 106.63
239.00 250.00 1.00 1.00 170.73
224.00 12.00 1.00 2.00 168.67
251.00 237.00 1.00 3.00 130.45
251.00 149.00 1.00 3.00 84.06
170.00 244.00 1.00 4.00 168.89
144.00 145.00 1.00 5.00 165.84
105.00 251.00 0.00 3.00 167.90
182.00 150.00 0.00 3.00 132.67
145.00 11.00 1.00 2.00 125.30
62.00 251.00 0.00 2.00 86.44
151.00 83.00 0.00 4.00 97.97
28.00 35.00 1.00 1.00 183.05
251.00 240.00 1.00 5.00 81.84
133.00 242.00 0.00 4.00 54.22
251.00 49.00 1.00 5.00 129.29
21.00 243.00 0.00 3.00 84.07
111.00 207.00 0.00 1.00 98.20
250.00 45.00 1.00 4.00 70.00
247.00 236.00 0.00 3.00 131.37
250.00 240.00 1.00 5.00 91.02
247.00 16.00 1.00 1.00 78.48
40.00 246.00 0.00 4.00 77.14
243.00 92.00 0.00 5.00 85.97
114.00 239.00 1.00 1.00 95.15
244.00 251.00 0.00 4.00 152.86
243.00 169.00 0.00 5.00 198.55
247.00 243.00 1.00 1.00 151.88
218.00 250.00 0.00 5.00 98.90
230.00 51.00 0.00 1.00 82.18
244.00 242.00 1.00 2.00 35.76
240.00 246.00 1.00 2.00 85.75
189.00 119.00 1.00 2.00 113.86
247.00 148.00 1.00 2.00 89.80
67.00 6.00 1.00 5.00 181.11
246.00 238.00 1.00 3.00 156.09
7.00 239.00 0.00 3.00 74.12
133.00 250.00 1.00 3.00 45.18
247.00 236.00 1.00 2.00 180.31
236.00 223.00 0.00 4.00 75.70
236.00 242.00 1.00 4.00 83.13
243.00 247.00 1.00 3.00 42.50
65.00 80.00 1.00 5.00 159.79
243.00 237.00 0.00 5.00 187.69
139.00 250.00 0.00 2.00 45.62
90.00 245.00 0.00 5.00 37.18
195.00 53.00 1.00 2.00 195.06
10.00 179.00 0.00 4.00 55.52
240.00 51.00 1.00 1.00 72.07
201.00 237.00 1.00 1.00 121.55
102.00 249.00 1.00 5.00 101.39
251.00 239.00 1.00 4.00 50.66
24.00 248.00 1.00 5.00 165.38
242.00 244.00 0.00 1.00 45.22
237.00 245.00 0.00 5.00 73.44
251.00 6.00 1.00 4.00 106.60
245.00 26.00 1.00 2.00 165.46
203.00 249.00 0.00 1.00 186.05
250.00 174.00 0.00 1.00 76.85
236.00 97.00 0.00 1.00 41.91
234.00 103.00 0.00 4.00 181.54
243.00 248.00 0.00 1.00 173.76
193.00 241.00 0.00 1.00 159.79
245.00 193.00 0.00 3.00 137.06
178.00 40.00 0.00 1.00 35.73
232.00 243.00 0.00 1.00 184.68
110.00 3.00 1.00 2.00 76.78
219.00 241.00 0.00 1.00 128.53
46.00 225.00 0.00 1.00 50.53
249.00 239.00 1.00 4.00 170.28
196.00 102.00 1.00 3.00 175.55
240.00 103.00 0.00 2.00 145.48
249.00 220.00 1.00 4.00 117.75
231.00 239.00 1.00 5.00 76.62
245.00 140.00 1.00 3.00 91.37
105.00 238.00 0.00 5.00 99.99
232.00 241.00 0.00 2.00 155.94
245.00 65.00 0.00 3.00 82.88
51.00 61.00 0.00 1.00 184.24
249.00 62.00 0.00 4.00 86.13
241.00 247.00 1.00 3.00 193.82
237.00 197.00 0.00 3.00 97.20
242.00 100.00 0.00 5.00 60.70
53.00 242.00 0.00 1.00 190.84
7.00 202.00 1.00 2.00 44.96
229.00 67.00 0.00 5.00 42.01
29.00 246.00 1.00 3.00 51.26
247.00 177.00 0.00 4.00 108.33
251.00 239.00 0.00 2.00 163.57
105.00 244.00 1.00 3.00 36.10
30.00 203.00 0.00 2.00 157.00
187.00 149.00 0.00 2.00 136.80
155.00 30.00 1.00 4.00 60.09
185.00 207.00 0.00 2.00 51.55
242.00 8.00 0.00 2.00 76.35
249.00 236.00 1.00 3.00 162.71
247.00 22.00 1.00 4.00 139.98
179.00 250.00 1.00 4.00 65.91
206.00 250.00 0.00 3.00 114.01
238.00 247.00 1.00 4.00 40.58
170.00 251.00 0.00 3.00 157.25
251.00 136.00 1.00 5.00 116.27
242.00 248.00 1.00 1.00 158.36
240.00 198.00 0.00 1.00 182.61
251.00 238.00 0.00 4.00 136.89
130.00 190.00 0.00 2.00 59.58
112.00 78.00 1.00 2.00 199.36
233.00 239.00 1.00 5.00 111.30
247.00 52.00 0.00 2.00 32.98
240.00 244.00 1.00 3.00 82.79
113.00 237.00 0.00 1.00 93.46
246.00 238.00 0.00 5.00 60.30
245.00 238.00 1.00 5.00 171.75
46.00 169.00 1.00 3.00 88.13
237.00 6.00 0.00 4.00 147.29
144.00 239.00 1.00 1.00 55.27
245.00 23.00 0.00 1.00 179.74
116.00 244.00 0.00 5.00 41.52
249.00 243.00 1.00 5.00 42.73
251.00 86.00 0.00 2.00 54.49
63.00 236.00 0.00 3.00 84.15
158.00 247.00 0.00 3.00 193.77
248.00 242.00 1.00 5.00 156.55
239.00 146.00 1.00 3.00 143.03
250.00 244.00 0.00 3.00 80.43
250.00 179.00 1.00 4.00 160.62
149.00 244.00 0.00 3.00 190.87
112.00 245.00 1.00 3.00 129.45
63.00 97.00 0.00 5.00 80.63
12.00 237.00 0.00 2.00 82.71
239.00 56.00 1.00 1.00 127.82
53.00 208.00 0.00 3.00 77.61
245.00 238.00 0.00 5.00 43.62
244.00 237.00 0.00 3.00 36.39
0.00 28.00 0.00 1.00 113.35
241.00 249.00 1.00 5.00 164.47
240.00 8.00 1.00 1.00 155.87
86.00 210.00 0.00 2.00 162.60
242.00 226.00 1.00 4.00 146.74
10.00 246.00 1.00 2.00 56.35
250.00 43.00 1.00 4.00 148.17
183.00 251.00 0.00 1.00 146.37
243.00 221.00 0.00 3.00 176.99
251.00 242.00 0.00 4.00 176.07
240.00 202.00 1.00 2.00 98.48
236.00 227.00 0.00 3.00 66.18
245.00 115.00 0.00 2.00 44.00
241.00 247.00 1.00 2.00 122.56
110.00 231.00 0.00 3.00 48.74
239.00 251.00 1.00 5.00 107.93
93.00 237.00 0.00 4.00 52.94
246.00 115.00 1.00 4.00 88.02
250.00 241.00 0.00 2.00 150.64
181.00 155.00 1.00 3.00 134.89
241.00 245.00 1.00 2.00 96.63
96.00 250.00 0.00 2.00 191.48
147.00 126.00 1.00 1.00 143.13
242.00 203.00 0.00 4.00 186.49
194.00 196.00 0.00 5.00 70.85
244.00 126.00 0.00 4.00 72.94
238.00 247.00 0.00 3.00 124.06
249.00 150.00 1.00 2.00 32.82
235.00 103.00 0.00 4.00 172.44
132.00 249.00 0.00 1.00 61.50
211.00 242.00 0.00 1.00 32.93
238.00 244.00 1.00 1.00 126.18
245.00 18.00 1.00 4.00 131.81
0.00 245.00 0.00 5.00 135.15
25.00 11.00 0.00 1.00 104.76
241.00 206.00 1.00 5.00 117.04
238.00 110.00 1.00 3.00 105.58
244.00 51.00 0.00 4.00 149.34
199.00 250.00 1.00 3.00 59.51
251.00 36.00 1.00 5.00 95.58
242.00 195.00 1.00 5.00 49.75
203.00 237.00 1.00 1.00 137.96
248.00 240.00 0.00 3.00 131.39
137.00 236.00 0.00 2.00 172.54
245.00 100.00 1.00 5.00 124.98
71.00 43.00 1.00 1.00 108.87
68.00 242.00 0.00 3.00 48.48
241.00 246.00 0.00 3.00 192.82
242.00 16.00 0.00 3.00 61.04
133.00 106.00 1.00 1.00 176.81
207.00 119.00 0.00 2.00 113.88
239.00 72.00 1.00 1.00 113.06
91.00 246.00 0.00 2.00 173.86
234.00 163.00 1.00 3.00 31.85
168.00 236.00 1.00 4.00 161.92
250.00 239.00 0.00 5.00 198.09
243.00 173.00 0.00 1.00 141.96
244.00 76.00 1.00 1.00 104.63
243.00 248.00 1.00 5.00 89.22
245.00 143.00 1.00 2.00 178.96
93.00 103.00 0.00 2.00 141.49
244.00 241.00 0.00 1.00 137.39
84.00 246.00 0.00 3.00 86.10
248.00 147.00 1.00 1.00 77.20
245.00 135.00 1.00 2.00 154.92
183.00 226.00 0.00 3.00 57.55
251.00 99.00 1.00 5.00 179.78
238.00 98.00 0.00 3.00 55.93
238.00 94.00 1.00 2.00 122.89
155.00 241.00 1.00 4.00 158.51
244.00 146.00 1.00 2.00 77.94
73.00 243.00 0.00 3.00 196.31
200.00 248.00 1.00 3.00 108.18
208.00 47.00 0.00 5.00 162.60
251.00 147.00 1.00 3.00 72.86
248.00 237.00 0.00 3.00 111.42
237.00 243.00 0.00 2.00 130.05
249.00 236.00 1.00 1.00 77.82
108.00 183.00 1.00 1.00 136.34
241.00 104.00 0.00 1.00 79.92
183.00 39.00 1.00 5.00 47.55
204.00 236.00 0.00 2.00 75.38
70.00 181.00 1.00 4.00 141.06
240.00 246.00 0.00 1.00 33.34
242.00 236.00 0.00 5.00 51.59
103.00 237.00 0.00 3.00 97.20
237.00 149.00 1.00 2.00 120.40
250.00 238.00 1.00 4.00 98.56
147.00 107.00 1.00 5.00 58.84
239.00 38.00 1.00 3.00 95.57
114.00 100.00 1.00 2.00 30.16
247.00 132.00 1.00 1.00 77.46
247.00 236.00 1.00 5.00 76.93
239.00 212.00 0.00 5.00 194.56
92.00 250.00 1.00 2.00 123.26
195.00 4.00 1.00 5.00 106.93
57.00 10.00 1.00 2.00 125.50
179.00 245.00 0.00 3.00 122.88
173.00 246.00 1.00 3.00 114.55
152.00 116.00 0.00 1.00 31.98
238.00 76.00 0.00 2.00 51.95
20.00 241.00 0.00 4.00 44.85
96.00 241.00 1.00 5.00 158.23
209.00 251.00 1.00 2.00 141.09
251.00 27.00 1.00 5.00 121.04
205.00 238.00 0.00 2.00 106.67
162.00 241.00 1.00 2.00 144.61
243.00 126.00 1.00 4.00 198.81
240.00 251.00 0.00 3.00 39.78
250.00 210.00 1.00 5.00 163.78
236.00 102.00 0.00 3.00 74.08
245.00 251.00 1.00 2.00 166.25
132.00 104.00 1.00 3.00 124.86
242.00 46.00 1.00 4.00 142.56
240.00 141.00 0.00 4.00 55.03
152.00 224.00 1.00 2.00 89.01
57.00 249.00 0.00 2.00 83.54
119.00 15.00 1.00 2.00 33.02
238.00 190.00 1.00 3.00 163.55
236.00 249.00 0.00 5.00 90.60
244.00 177.00 1.00 4.00 185.88
208.00 106.00 1.00 2.00 44.03
182.00 139.00 0.00 5.00 165.73
131.00 207.00 0.00 3.00 71.26
190.00 250.00 0.00 4.00 89.84
20.00 243.00 0.00 5.00 67.00
225.00 51.00 0.00 4.00 70.80
251.00 244.00 1.00 5.00 179.43
247.00 87.00 1.00 2.00 143.89
238.00 250.00 0.00 5.00 114.60
237.00 248.00 0.00 3.00 170.48
81.00 237.00 0.00 5.00 192.56
245.00 237.00 1.00 4.00 126.45
180.00 238.00 0.00 4.00 181.42
246.00 85.00 1.00 1.00 41.21
68.00 246.00 1.00 3.00 152.34
69.00 237.00 0.00 3.00 73.62
37.00 93.00 0.00 1.00 194.97
43.00 62.00 0.00 3.00 199.26
247.00 242.00 1.00 4.00 79.72
2.00 171.00 1.00 4.00 103.58
241.00 244.00 0.00 1.00 92.63
166.00 242.00 1.00 4.00 68.36
251.00 116.00 0.00 1.00 130.40
193.00 239.00 1.00 3.00 109.98
76.00 182.00 1.00 2.00 120.33
236.00 251.00 0.00 1.00 90.97
154.00 233.00 0.00 1.00 171.20
122.00 247.00 1.00 5.00 148.49
150.00 249.00 0.00 4.00 72.95
237.00 179.00 1.00 4.00 129.95
247.00 130.00 0.00 3.00 191.55
251.00 240.00 0.00 2.00 55.08
219.00 241.00 0.00 5.00 184.18
166.00 204.00 1.00 2.00 61.98
116.00 246.00 1.00 4.00 107.16
244.00 239.00 0.00 1.00 84.15
176.00 235.00 0.00 3.00 135.15
149.00 247.00 0.00 3.00 187.28
237.00 251.00 1.00 3.00 37.12
245.00 2.00 1.00 5.00 33.45
46.00 238.00 0.00 5.00 69.01
238.00 248.00 1.00 5.00 150.67
251.00 173.00 0.00 3.00 52.17
11.00 182.00 1.00 1.00 199.08
240.00 248.00 1.00 2.00 40.18
170.00 4.00 0.00 5.00 153.06
197.00 250.00 1.00 3.00 169.17
208.00 76.00 1.00 5.00 164.52
249.00 242.00 1.00 1.00 127.95
61.00 242.00 0.00 3.00 83.62
247.00 236.00 0.00 5.00 40.54
9.00 240.00 1.00 4.00 145.39
249.00 177.00 0.00 1.00 116.39
101.00 43.00 1.00 1.00 56.62
241.00 49.00 1.00 3.00 133.63
59.00 247.00 1.00 3.00 189.65
208.00 246.00 1.00 3.00 107.77
242.00 248.00 1.00 1.00 92.60
129.00 106.00 1.00 3.00 194.05
239.00 45.00 1.00 2.00 151.35
250.00 243.00 1.00 5.00 151.28
213.00 31.00 0.00 5.00 154.94
246.00 106.00 0.00 5.00 154.93
240.00 108.00 0.00 1.00 198.47
163.00 174.00 0.00 4.00 78.76
136.00 249.00 1.00 5.00 181.57
237.00 225.00 1.00 5.00 191.42
238.00 15.00 0.00 2.00 184.06
11.00 242.00 1.00 5.00 118.77
150.00 246.00 1.00 4.00 49.51
100.00 137.00 0.00 3.00 123.60
240.00 247.00 0.00 3.00 122.20
237.00 248.00 1.00 2.00 56.98
237.00 249.00 1.00 3.00 32.34
236.00 242.00 0.00 5.00 30.35
158.00 179.00 0.00 2.00 73.51
245.00 242.00 1.00 5.00 185.96
239.00 251.00 1.00 1.00 67.75
237.00 250.00 0.00 1.00 152.23
245.00 175.00 0.00 3.00 38.89
240.00 67.00 1.00 5.00 107.06
199.00 246.00 0.00 5.00 113.99
240.00 188.00 0.00 1.00 144.92
251.00 241.00 0.00 3.00 187.52
146.00 211.00 1.00 4.00 59.68
183.00 242.00 0.00 2.00 45.48
238.00 190.00 0.00 5.00 163.12
126.00 90.00 1.00 3.00 82.30
168.00 2.00 0.00 3.00 140.24
107.00 121.00 1.00 3.00 42.61
0.00 30.00 0.00 3.00 37.20
87.00 246.00 1.00 3.00 47.02
245.00 57.00 1.00 2.00 54.88
28.00 12.00 1.00 5.00 137.30
246.00 239.00 0.00 2.00 85.23
250.00 162.00 1.00 1.00 116.49
102.00 45.00 0.00 1.00 94.13
1.00 205.00 0.00 4.00 93.73
148.00 237.00 1.00 2.00 74.01
245.00 195.00 0.00 2.00 101.78
166.00 8.00 0.00 4.00 184.51
247.00 242.00 1.00 5.00 46.80
245.00 241.00 1.00 1.00 170.25
246.00 239.00 1.00 3.00 127.14
155.00 240.00 0.00 3.00 77.82
245.00 241.00 0.00 2.00 107.32
40.00 140.00 1.00 5.00 176.12
243.00 237.00 1.00 5.00 98.87
242.00 33.00 1.00 2.00 48.67
10.00 180.00 1.00 5.00 47.84
249.00 164.00 1.00 1.00 147.32
104.00 56.00 0.00 4.00 168.59
134.00 242.00 1.00 4.00 75.21
159.00 43.00 1.00 2.00 42.99
244.00 243.00 0.00 4.00 130.69
248.00 207.00 1.00 2.00 149.56
245.00 243.00 0.00 1.00 122.10
45.00 250.00 1.00 1.00 92.66
238.00 190.00 0.00 1.00 182.10
241.00 129.00 1.00 1.00 179.69
251.00 86.00 1.00 4.00 85.59
241.00 247.00 1.00 4.00 34.17
248.00 79.00 1.00 3.00 158.97
246.00 219.00 1.00 4.00 88.47
212.00 240.00 1.00 1.00 34.21
57.00 249.00 0.00 3.00 166.40
236.00 193.00 0.00 4.00 138.26
246.00 240.00 1.00 4.00 70.10
236.00 243.00 1.00 4.00 193.49
248.00 239.00 0.00 3.00 56.53
111.00 229.00 1.00 2.00 89.56
52.00 236.00 0.00 5.00 195.23
3.00 14.00 0.00 4.00 74.80
181.00 242.00 0.00 5.00 130.44
198.00 153.00 0.00 3.00 46.59
239.00 159.00 0.00 2.00 155.58
2.00 187.00 1.00 3.00 115.79
241.00 141.00 0.00 3.00 102.48
149.00 236.00 0.00 2.00 113.66
80.00 246.00 1.00 5.00 151.28
248.00 104.00 0.00 2.00 157.10
150.00 251.00 0.00 5.00 129.17
187.00 43.00 0.00 5.00 176.50
238.00 202.00 1.00 2.00 165.89
248.00 186.00 1.00 5.00 34.51
69.00 118.00 0.00 2.00 122.40
191.00 20.00 1.00 3.00 184.56
246.00 242.00 1.00 2.00 63.57
99.00 242.00 1.00 4.00 61.10
76.00 246.00 1.00 4.00 138.33
236.00 245.00 1.00 2.00 155.29
244.00 61.00 1.00 5.00 197.90
1.00 247.00 1.00 1.00 150.44
240.00 245.00 1.00 3.00 148.52
243.00 246.00 1.00 5.00 178.47
125.00 249.00 1.00 3.00 156.45
238.00 251.00 1.00 1.00 195.68
239.00 108.00 0.00 5.00 117.16
201.00 238.00 0.00 1.00 52.07
243.00 236.00 1.00 2.00 39.31
240.00 118.00 1.00 1.00 53.11
5.00 249.00 1.00 2.00 175.34
41.00 242.00 0.00 1.00 84.10
182.00 222.00 0.00 1.00 139.01
239.00 247.00 0.00 3.00 72.74
236.00 249.00 0.00 2.00 115.48
181.00 241.00 0.00 5.00 65.29
106.00 25.00 0.00 4.00 136.19
78.00 247.00 1.00 3.00 165.84
236.00 248.00 0.00 1.00 190.62
13.00 239.00 0.00 5.00 141.02
237.00 243.00 0.00 1.00 101.20
37.00 143.00 0.00 5.00 147.93
244.00 251.00 0.00 4.00 33.50
69.00 238.00 0.00 1.00 64.83
139.00 103.00 1.00 4.00 80.91
75.00 240.00 1.00 5.00 154.33
238.00 45.00 1.00 5.00 155.48
248.00 189.00 1.00 2.00 107.74
165.00 150.00 0.00 2.00 186.71
250.00 126.00 0.00 5.00 147.48
86.00 171.00 0.00 1.00 44.26
159.00 3.00 0.00 4.00 137.29
59.00 205.00 0.00 5.00 119.29
204.00 244.00 0.00 5.00 133.53
58.00 239.00 0.00 3.00 113.07
249.00 237.00 0.00 5.00 119.80
239.00 182.00 1.00 3.00 85.28
248.00 243.00 0.00 1.00 60.73
187.00 86.00 1.00 1.00 194.70
246.00 243.00 1.00 2.00 137.51
242.00 95.00 0.00 3.00 195.51
245.00 236.00 1.00 5.00 64.15
249.00 237.00 0.00 2.00 94.79
249.00 166.00 0.00 2.00 123.72
239.00 251.00 1.00 4.00 34.92
56.00 245.00 0.00 5.00 198.29
250.00 133.00 0.00 5.00 101.62
246.00 11.00 1.00 2.00 62.83
249.00 237.00 0.00 3.00 128.19
111.00 239.00 1.00 3.00 149.39
240.00 34.00 0.00 4.00 157.29
249.00 40.00 1.00 4.00 145.61
239.00 88.00 1.00 3.00 99.91
180.00 244.00 0.00 3.00 91.98
151.00 251.00 1.00 4.00 189.89
69.00 247.00 0.00 5.00 173.64
126.00 225.00 1.00 2.00 112.50
237.00 243.00 1.00 5.00 140.52
226.00 248.00 1.00 3.00 147.46
17.00 134.00 0.00 5.00 97.43
172.00 248.00 1.00 5.00 117.62
247.00 206.00 1.00 4.00 150.22
39.00 187.00 1.00 4.00 135.53
94.00 132.00 1.00 4.00 83.23
238.00 11.00 0.00 2.00 117.11
247.00 236.00 1.00 4.00 81.45
241.00 214.00 0.00 3.00 76.80
58.00 156.00 1.00 4.00 186.40
239.00 85.00 0.00 1.00 177.63
237.00 43.00 1.00 2.00 66.96
248.00 17.00 1.00 3.00 64.76
171.00 247.00 1.00 5.00 124.00
246.00 67.00 0.00 2.00 56.73
75.00 240.00 0.00 5.00 94.97
241.00 142.00 1.00 2.00 74.49
188.00 3.00 0.00 5.00 51.37
102.00 53.00 1.00 4.00 143.93
242.00 250.00 0.00 5.00 87.50
240.00 244.00 1.00 5.00 128.11
104.00 249.00 1.00 1.00 194.46
128.00 159.00 0.00 5.00 171.27
245.00 239.00 0.00 4.00 72.01
89.00 241.00 0.00 2.00 189.71
240.00 199.00 0.00 2.00 127.88
224.00 239.00 0.00 3.00 118.55
248.00 236.00 1.00 4.00 161.66
103.00 246.00 1.00 1.00 196.98
242.00 251.00 1.00 5.00 131.45
244.00 130.00 1.00 5.00 146.20
163.00 250.00 1.00 5.00 196.15
241.00 244.00 0.00 1.00 108.58
249.00 9.00 1.00 1.00 115.09
79.00 227.00 1.00 3.00 147.04
33.00 251.00 1.00 1.00 87.38
241.00 249.00 1.00 1.00 105.18
84.00 180.00 0.00 1.00 165.04
178.00 141.00 0.00 4.00 140.86
114.00 239.00 0.00 5.00 115.53
119.00 240.00 0.00 1.00 116.05
239.00 199.00 0.00 1.00 134.17
244.00 45.00 0.00 4.00 199.72
247.00 39.00 1.00 2.00 150.76
49.00 244.00 1.00 4.00 147.79
247.00 165.00 1.00 5.00 50.09
239.00 91.00 1.00 3.00 73.71
240.00 246.00 0.00 2.00 148.85
147.00 240.00 0.00 4.00 71.87
250.00 159.00 0.00 5.00 193.92
57.00 39.00 1.00 3.00 53.27
240.00 108.00 0.00 4.00 125.09
238.00 247.00 1.00 2.00 171.52
9.00 244.00 0.00 2.00 187.57
246.00 242.00 1.00 4.00 129.46
146.00 246.00 0.00 5.00 44.15
111.00 143.00 1.00 2.00 122.64
248.00 240.00 1.00 2.00 179.11
146.00 251.00 1.00 5.00 48.32
