241.00 245.00 1.00 5.00 107.37
182.00 244.00 0.00 2.00 95.06
243.00 205.00 0.00 3.00 117.66
236.00 151.00 0.00 4.00 199.10
180.00 219.00 0.00 2.00 141.94
186.00 220.00 1.00 1.00 87.73
36.00 243.00 1.00 2.00 181.44
242.00 236.00 0.00 2.00 174.42
249.00 237.00 0.00 1.00 133.95
249.00 243.00 0.00 1.00 135.45
247.00 243.00 0.00 2.00 30.64
214.00 240.00 0.00 3.00 136.95
244.00 182.00 0.00 4.00 79.86
241.00 247.00 0.00 2.00 148.65
145.00 185.00 1.00 2.00 41.96
248.00 238.00 0.00 5.00 56.30
248.00 240.00 0.00 4.00 171.96
248.00 238.00 1.00 4.00 186.98
236.00 104.00 0.00 3.00 78.18
240.00 146.00 1.00 2.00 196.52
145.00 242.00 1.00 4.00 176.23
244.00 148.00 0.00 2.00 184.80
235.00 243.00 0.00 4.00 68.00
52.00 236.00 1.00 5.00 113.99
250.00 177.00 0.00 4.00 100.73
180.00 246.00 0.00 1.00 88.15
249.00 97.00 0.00 2.00 159.23
183.00 250.00 0.00 3.00 109.11
60.00 242.00 0.00 3.00 165.86
24.00 81.00 1.00 3.00 37.33
246.00 157.00 1.00 1.00 71.38
100.00 118.00 0.00 5.00 193.89
250.00 236.00 1.00 3.00 129.84
221.00 237.00 0.00 1.00 137.72
244.00 240.00 0.00 2.00 50.99
236.00 197.00 1.00 1.00 147.92
24.00 246.00 0.00 4.00 196.32
249.00 69.00 0.00 5.00 143.40
246.00 69.00 0.00 1.00 179.58
135.00 241.00 1.00 5.00 185.64
248.00 238.00 1.00 4.00 58.54
78.00 238.00 1.00 1.00 92.89
31.00 90.00 1.00 1.00 178.41
50.00 165.00 1.00 2.00 57.69
238.00 248.00 0.00 1.00 172.97
239.00 251.00 1.00 2.00 96.20
201.00 88.00 0.00 4.00 104.00
238.00 250.00 1.00 3.00 43.91
50.00 130.00 0.00 1.00 99.63
247.00 125.00 0.00 2.00 168.76
85.00 240.00 0.00 5.00 58.47
249.00 237.00 0.00 2.00 179.06
243.00 244.00 0.00 4.00 152.03
238.00 248.00 0.00 5.00 166.23
241.00 185.00 1.00 2.00 187.60
11.00 242.00 1.00 3.00 102.76
247.00 64.00 0.00 4.00 92.54
237.00 250.00 0.00 2.00 128.63
242.00 245.00 1.00 2.00 180.76
105.00 237.00 0.00 2.00 71.64
240.00 244.00 1.00 5.00 81.17
102.00 146.00 1.00 2.00 172.65
46.00 151.00 1.00 4.00 157.84
120.00 242.00 0.00 3.00 192.72
40.00 248.00 0.00 3.00 77.76
170.00 243.00 0.00 2.00 195.20
249.00 236.00 0.00 5.00 178.20
66.00 248.00 0.00 4.00 159.02
243.00 250.00 0.00 1.00 72.18
237.00 251.00 1.00 2.00 97.65
243.00 246.00 1.00 1.00 110.25
38.00 244.00 0.00 3.00 59.86
126.00 29.00 0.00 3.00 82.45
247.00 236.00 1.00 1.00 96.30
177.00 14.00 1.00 3.00 133.06
174.00 237.00 1.00 5.00 111.28
250.00 81.00 1.00 5.00 66.29
58.00 203.00 0.00 5.00 54.38
237.00 251.00 1.00 3.00 60.22
166.00 130.00 0.00 3.00 196.66
1.00 211.00 0.00 3.00 87.41
242.00 216.00 1.00 1.00 194.54
64.00 233.00 0.00 5.00 33.75
168.00 246.00 0.00 5.00 112.84
215.00 236.00 1.00 3.00 126.11
239.00 222.00 0.00 1.00 84.63
242.00 96.00 0.00 1.00 142.05
250.00 133.00 0.00 4.00 92.56
241.00 134.00 1.00 1.00 47.26
36.00 23.00 0.00 3.00 122.72
238.00 247.00 0.00 3.00 194.72
109.00 237.00 0.00 1.00 59.29
182.00 27.00 1.00 3.00 48.48
3.00 106.00 1.00 2.00 80.95
240.00 245.00 1.00 1.00 121.93
241.00 126.00 1.00 2.00 43.90
242.00 218.00 0.00 1.00 52.09
29.00 108.00 0.00 4.00 140.88
243.00 248.00 0.00 2.00 196.48
97.00 45.00 0.00 3.00 123.67
188.00 82.00 1.00 5.00 106.64
90.00 168.00 1.00 5.00 113.76
246.00 113.00 1.00 2.00 192.45
244.00 84.00 0.00 4.00 132.70
56.00 101.00 0.00 5.00 33.46
220.00 248.00 0.00 1.00 99.21
243.00 125.00 0.00 4.00 85.90
243.00 156.00 1.00 3.00 134.81
92.00 237.00 0.00 2.00 181.97
37.00 248.00 1.00 1.00 67.67
240.00 124.00 0.00 5.00 151.07
92.00 240.00 1.00 2.00 143.44
240.00 249.00 0.00 3.00 30.32
91.00 237.00 1.00 1.00 77.61
241.00 196.00 1.00 5.00 175.98
242.00 246.00 1.00 3.00 49.63
245.00 93.00 0.00 3.00 82.96
30.00 116.00 0.00 4.00 57.41
240.00 251.00 0.00 1.00 51.01
225.00 150.00 0.00 5.00 160.94
100.00 245.00 1.00 3.00 128.97
150.00 195.00 1.00 1.00 131.99
165.00 226.00 1.00 2.00 50.61
218.00 248.00 1.00 1.00 152.15
24.00 248.00 0.00 4.00 87.29
128.00 91.00 1.00 2.00 155.26
250.00 240.00 0.00 1.00 194.42
34.00 246.00 0.00 4.00 77.15
115.00 131.00 1.00 5.00 44.97
246.00 129.00 0.00 3.00 71.83
236.00 32.00 1.00 2.00 106.16
234.00 128.00 1.00 5.00 120.12
72.00 191.00 0.00 5.00 137.69
3.00 244.00 0.00 2.00 121.24
246.00 31.00 0.00 3.00 67.09
251.00 166.00 1.00 5.00 113.68
236.00 109.00 1.00 1.00 70.55
248.00 103.00 0.00 2.00 77.71
36.00 55.00 1.00 1.00 117.74
189.00 247.00 0.00 2.00 46.34
151.00 94.00 1.00 2.00 39.93
228.00 242.00 0.00 3.00 103.47
210.00 236.00 0.00 5.00 199.54
86.00 45.00 0.00 1.00 157.52
237.00 251.00 0.00 5.00 94.11
243.00 247.00 0.00 2.00 144.03
149.00 181.00 0.00 4.00 192.13
245.00 238.00 0.00 1.00 40.78
243.00 105.00 0.00 3.00 169.62
248.00 41.00 1.00 2.00 145.55
208.00 248.00 0.00 1.00 194.76
244.00 240.00 1.00 4.00 62.11
248.00 239.00 1.00 3.00 71.34
245.00 243.00 1.00 1.00 67.89
68.00 85.00 0.00 3.00 123.75
213.00 240.00 1.00 4.00 83.87
244.00 229.00 1.00 1.00 180.83
250.00 195.00 1.00 4.00 127.71
236.00 142.00 1.00 2.00 108.22
4.00 226.00 0.00 2.00 73.90
88.00 16.00 1.00 4.00 134.82
226.00 239.00 0.00 3.00 108.51
85.00 244.00 0.00 2.00 39.93
233.00 192.00 1.00 1.00 92.12
238.00 248.00 1.00 1.00 106.74
248.00 227.00 1.00 3.00 60.89
251.00 243.00 0.00 5.00 143.19
189.00 86.00 0.00 5.00 160.90
76.00 223.00 1.00 5.00 181.43
50.00 171.00 1.00 3.00 77.62
249.00 241.00 1.00 1.00 67.81
203.00 242.00 0.00 2.00 195.97
247.00 236.00 1.00 2.00 187.70
94.00 246.00 1.00 5.00 143.42
238.00 244.00 0.00 4.00 53.52
178.00 243.00 1.00 5.00 174.03
83.00 240.00 0.00 1.00 127.59
250.00 32.00 0.00 2.00 50.71
241.00 210.00 0.00 3.00 87.55
237.00 247.00 1.00 1.00 117.23
240.00 247.00 1.00 3.00 174.74
244.00 137.00 1.00 3.00 152.63
241.00 167.00 0.00 5.00 41.87
13.00 246.00 0.00 3.00 114.16
222.00 167.00 0.00 2.00 87.49
88.00 249.00 0.00 4.00 186.54
241.00 244.00 0.00 2.00 165.00
90.00 43.00 0.00 4.00 160.31
208.00 236.00 1.00 4.00 188.52
240.00 8.00 1.00 4.00 193.22
249.00 239.00 0.00 4.00 121.17
63.00 239.00 1.00 5.00 138.30
158.00 245.00 0.00 5.00 63.87
157.00 245.00 0.00 3.00 167.69
137.00 251.00 1.00 2.00 57.04
248.00 238.00 1.00 2.00 145.04
53.00 148.00 1.00 5.00 105.04
104.00 236.00 1.00 3.00 143.06
250.00 243.00 0.00 3.00 50.71
63.00 70.00 1.00 1.00 101.78
239.00 230.00 1.00 3.00 68.44
239.00 202.00 1.00 3.00 121.11
248.00 95.00 1.00 1.00 96.15
198.00 28.00 0.00 2.00 189.03
172.00 241.00 0.00 4.00 87.20
247.00 241.00 1.00 1.00 60.77
244.00 239.00 0.00 3.00 186.78
64.00 244.00 0.00 4.00 68.90
225.00 223.00 0.00 2.00 164.28
239.00 251.00 1.00 5.00 183.20
251.00 240.00 1.00 4.00 183.19
246.00 85.00 0.00 2.00 79.30
244.00 239.00 1.00 1.00 125.65
245.00 173.00 1.00 3.00 78.66
248.00 64.00 0.00 4.00 193.53
84.00 251.00 1.00 5.00 174.84
29.00 208.00 0.00 4.00 55.88
250.00 30.00 1.00 1.00 83.15
251.00 245.00 0.00 5.00 177.04
48.00 101.00 1.00 1.00 154.70
170.00 251.00 0.00 2.00 41.38
127.00 240.00 0.00 2.00 177.12
250.00 203.00 0.00 4.00 92.49
241.00 143.00 1.00 3.00 187.88
151.00 244.00 0.00 3.00 133.14
176.00 244.00 1.00 4.00 31.24
237.00 219.00 0.00 4.00 116.39
120.00 243.00 0.00 4.00 30.55
13.00 246.00 1.00 4.00 158.11
61.00 104.00 0.00 5.00 116.17
250.00 237.00 0.00 2.00 61.64
245.00 236.00 0.00 4.00 79.78
245.00 240.00 0.00 5.00 73.01
174.00 4.00 1.00 5.00 52.41
187.00 250.00 1.00 1.00 138.86
37.00 241.00 1.00 3.00 130.33
40.00 236.00 1.00 5.00 76.37
218.00 242.00 0.00 4.00 58.75
237.00 251.00 1.00 1.00 77.58
93.00 247.00 0.00 5.00 145.88
8.00 179.00 0.00 1.00 160.70
18.00 246.00 0.00 3.00 187.47
89.00 24.00 0.00 3.00 175.45
92.00 239.00 0.00 5.00 31.31
243.00 35.00 0.00 3.00 144.45
107.00 135.00 1.00 5.00 109.70
5.00 95.00 0.00 5.00 94.69
250.00 236.00 1.00 4.00 71.88
236.00 243.00 0.00 5.00 148.67
242.00 164.00 0.00 3.00 155.89
245.00 236.00 0.00 2.00 51.00
1.00 30.00 1.00 2.00 103.66
240.00 248.00 1.00 2.00 141.60
241.00 245.00 1.00 3.00 43.10
137.00 70.00 1.00 3.00 106.64
233.00 207.00 0.00 2.00 148.24
224.00 5.00 1.00 3.00 181.85
248.00 237.00 0.00 1.00 153.47
21.00 242.00 0.00 1.00 134.12
250.00 26.00 1.00 5.00 157.40
247.00 243.00 1.00 1.00 47.31
148.00 177.00 0.00 4.00 158.54
15.00 81.00 1.00 2.00 175.62
102.00 245.00 0.00 2.00 113.93
56.00 142.00 0.00 3.00 182.19
21.00 241.00 0.00 3.00 125.82
140.00 110.00 1.00 5.00 154.01
239.00 245.00 0.00 5.00 127.59
244.00 213.00 1.00 5.00 66.24
239.00 162.00 1.00 4.00 123.86
70.00 39.00 0.00 1.00 152.74
249.00 236.00 1.00 1.00 90.85
250.00 241.00 0.00 3.00 153.87
204.00 248.00 1.00 3.00 89.39
240.00 135.00 1.00 3.00 71.56
159.00 104.00 0.00 2.00 162.06
14.00 87.00 1.00 2.00 198.63
144.00 237.00 1.00 4.00 141.44
209.00 250.00 0.00 5.00 198.17
238.00 244.00 1.00 3.00 44.36
250.00 18.00 1.00 5.00 166.17
131.00 56.00 1.00 1.00 74.56
243.00 62.00 0.00 5.00 73.19
61.00 143.00 1.00 4.00 136.94
192.00 243.00 0.00 1.00 187.12
71.00 239.00 0.00 4.00 106.71
251.00 201.00 0.00 2.00 37.01
247.00 206.00 0.00 1.00 157.35
41.00 249.00 0.00 3.00 164.90
37.00 137.00 0.00 2.00 97.40
178.00 250.00 0.00 4.00 174.86
223.00 247.00 0.00 3.00 140.24
136.00 104.00 0.00 2.00 76.89
249.00 239.00 0.00 5.00 170.71
238.00 131.00 0.00 1.00 175.28
238.00 244.00 0.00 5.00 60.17
240.00 138.00 0.00 2.00 161.78
241.00 124.00 1.00 2.00 118.46
236.00 223.00 1.00 2.00 154.66
241.00 96.00 1.00 1.00 180.49
246.00 239.00 0.00 1.00 145.99
244.00 239.00 0.00 4.00 102.35
241.00 197.00 0.00 2.00 197.10
245.00 233.00 1.00 5.00 144.43
240.00 244.00 1.00 5.00 104.99
239.00 244.00 0.00 3.00 164.99
126.00 238.00 0.00 3.00 140.11
236.00 249.00 1.00 5.00 96.91
115.00 250.00 1.00 5.00 57.30
95.00 246.00 0.00 3.00 47.89
7.00 124.00 0.00 1.00 123.61
244.00 228.00 1.00 2.00 190.79
84.00 178.00 1.00 1.00 73.59
246.00 199.00 0.00 3.00 139.41
248.00 146.00 1.00 2.00 196.57
159.00 241.00 1.00 3.00 188.15
146.00 246.00 0.00 1.00 67.69
236.00 185.00 1.00 1.00 186.23
238.00 244.00 0.00 4.00 192.56
151.00 249.00 0.00 4.00 142.76
237.00 248.00 1.00 5.00 179.23
249.00 161.00 1.00 5.00 44.94
12.00 245.00 1.00 4.00 186.15
121.00 238.00 1.00 1.00 43.65
87.00 237.00 0.00 3.00 185.38
240.00 5.00 1.00 2.00 110.92
164.00 138.00 1.00 1.00 180.64
108.00 38.00 0.00 3.00 111.65
249.00 195.00 0.00 2.00 33.80
240.00 244.00 1.00 4.00 161.49
18.00 249.00 0.00 1.00 111.30
60.00 241.00 1.00 5.00 53.86
244.00 238.00 0.00 5.00 70.52
77.00 91.00 0.00 3.00 39.06
220.00 105.00 1.00 3.00 164.10
249.00 242.00 1.00 4.00 38.86
251.00 173.00 0.00 2.00 97.20
211.00 241.00 1.00 4.00 137.50
15.00 26.00 0.00 5.00 98.86
165.00 116.00 1.00 4.00 83.25
244.00 58.00 0.00 5.00 125.11
203.00 13.00 0.00 5.00 52.28
118.00 68.00 0.00 3.00 30.74
116.00 242.00 0.00 2.00 81.41
250.00 63.00 0.00 3.00 49.24
240.00 86.00 0.00 3.00 112.84
143.00 237.00 1.00 3.00 78.31
189.00 251.00 1.00 3.00 172.46
180.00 100.00 0.00 1.00 39.80
249.00 238.00 1.00 4.00 199.98
84.00 115.00 0.00 4.00 197.51
236.00 249.00 1.00 2.00 90.60
238.00 248.00 1.00 4.00 112.21
245.00 229.00 1.00 3.00 190.43
238.00 246.00 1.00 4.00 199.65
105.00 241.00 0.00 1.00 46.67
94.00 204.00 1.00 5.00 140.01
37.00 230.00 0.00 5.00 62.94
250.00 242.00 1.00 5.00 46.82
59.00 200.00 1.00 1.00 113.36
243.00 250.00 1.00 3.00 165.52
251.00 71.00 1.00 1.00 121.62
41.00 131.00 0.00 2.00 169.04
247.00 236.00 0.00 2.00 44.12
238.00 190.00 1.00 5.00 134.97
251.00 60.00 1.00 1.00 82.62
243.00 248.00 0.00 3.00 174.37
245.00 239.00 0.00 3.00 127.52
248.00 242.00 1.00 4.00 50.56
251.00 149.00 0.00 3.00 76.56
15.00 181.00 1.00 5.00 79.09
242.00 251.00 1.00 1.00 169.09
243.00 110.00 0.00 2.00 191.25
238.00 249.00 1.00 1.00 57.17
237.00 251.00 1.00 4.00 143.05
2.00 178.00 1.00 3.00 86.92
250.00 237.00 0.00 4.00 124.77
237.00 147.00 0.00 1.00 48.81
249.00 239.00 1.00 2.00 93.04
239.00 192.00 1.00 5.00 129.06
216.00 184.00 0.00 5.00 90.45
219.00 241.00 1.00 5.00 55.33
191.00 35.00 0.00 1.00 60.06
244.00 250.00 0.00 3.00 43.60
245.00 251.00 1.00 2.00 98.12
249.00 242.00 0.00 3.00 67.61
213.00 251.00 1.00 4.00 173.79
45.00 248.00 0.00 5.00 185.47
194.00 241.00 0.00 2.00 146.22
238.00 244.00 1.00 4.00 54.22
118.00 211.00 1.00 5.00 174.59
237.00 246.00 1.00 5.00 42.20
36.00 239.00 1.00 3.00 181.22
6.00 242.00 1.00 5.00 144.87
246.00 238.00 0.00 3.00 104.55
168.00 245.00 0.00 2.00 86.98
244.00 239.00 1.00 5.00 132.96
239.00 138.00 0.00 5.00 177.95
214.00 242.00 0.00 1.00 139.25
243.00 125.00 0.00 2.00 153.37
29.00 248.00 1.00 4.00 79.73
238.00 249.00 0.00 1.00 81.11
185.00 241.00 0.00 3.00 128.82
249.00 111.00 0.00 1.00 53.12
246.00 243.00 0.00 4.00 193.52
173.00 236.00 1.00 2.00 138.34
246.00 238.00 1.00 5.00 92.88
76.00 237.00 1.00 5.00 84.15
150.00 99.00 1.00 2.00 152.96
241.00 108.00 0.00 2.00 156.65
225.00 123.00 1.00 5.00 124.54
123.00 174.00 0.00 5.00 151.91
211.00 182.00 1.00 4.00 68.35
11.00 248.00 0.00 5.00 68.96
78.00 228.00 0.00 4.00 93.06
249.00 65.00 0.00 1.00 134.21
251.00 92.00 0.00 2.00 41.83
146.00 245.00 1.00 4.00 99.67
113.00 247.00 0.00 3.00 88.10
247.00 240.00 0.00 5.00 165.22
169.00 97.00 1.00 1.00 163.85
78.00 168.00 1.00 2.00 80.51
237.00 179.00 1.00 4.00 55.85
249.00 210.00 1.00 4.00 105.05
119.00 218.00 1.00 1.00 99.74
121.00 247.00 1.00 4.00 94.19
169.00 241.00 0.00 3.00 65.41
129.00 236.00 1.00 3.00 159.13
248.00 149.00 1.00 2.00 139.97
240.00 248.00 0.00 4.00 57.14
242.00 54.00 1.00 4.00 69.77
247.00 54.00 0.00 5.00 71.95
247.00 239.00 0.00 4.00 120.02
251.00 86.00 0.00 2.00 113.36
123.00 246.00 1.00 1.00 36.38
242.00 249.00 0.00 1.00 99.79
250.00 237.00 1.00 4.00 48.21
127.00 249.00 1.00 2.00 154.03
244.00 56.00 0.00 4.00 141.58
63.00 246.00 0.00 1.00 81.65
249.00 58.00 0.00 3.00 170.48
248.00 243.00 0.00 4.00 52.84
163.00 116.00 1.00 2.00 43.67
245.00 243.00 1.00 3.00 194.95
134.00 236.00 0.00 5.00 147.10
59.00 167.00 0.00 1.00 61.16
236.00 152.00 1.00 1.00 152.01
65.00 250.00 0.00 5.00 103.76
94.00 49.00 0.00 1.00 195.89
245.00 241.00 1.00 4.00 110.94
207.00 43.00 0.00 4.00 171.74
59.00 242.00 0.00 1.00 159.43
165.00 245.00 0.00 1.00 195.57
36.00 239.00 0.00 1.00 195.03
49.00 240.00 1.00 5.00 104.06
34.00 248.00 1.00 3.00 49.92
123.00 20.00 1.00 3.00 184.39
248.00 102.00 1.00 4.00 183.06
21.00 247.00 0.00 1.00 170.49
244.00 240.00 1.00 5.00 37.68
247.00 110.00 1.00 5.00 57.23
244.00 250.00 1.00 4.00 66.66
2.00 241.00 1.00 3.00 50.63
140.00 177.00 1.00 4.00 56.72
243.00 237.00 1.00 4.00 176.66
239.00 216.00 1.00 2.00 48.68
215.00 242.00 0.00 3.00 137.88
79.00 36.00 0.00 3.00 167.51
22.00 244.00 0.00 4.00 151.17
85.00 251.00 0.00 1.00 129.25
240.00 248.00 0.00 4.00 49.76
172.00 133.00 0.00 1.00 89.13
106.00 245.00 1.00 4.00 59.28
243.00 77.00 0.00 2.00 160.13
66.00 250.00 1.00 3.00 38.60
92.00 117.00 1.00 1.00 179.90
251.00 242.00 0.00 1.00 154.32
246.00 236.00 1.00 2.00 53.49
29.00 190.00 1.00 1.00 96.46
240.00 244.00 1.00 4.00 153.58
76.00 161.00 1.00 1.00 47.60
243.00 38.00 1.00 3.00 53.10
121.00 63.00 1.00 4.00 61.26
246.00 243.00 0.00 3.00 189.08
209.00 70.00 1.00 4.00 103.50
221.00 166.00 1.00 5.00 134.08
237.00 246.00 1.00 2.00 182.98
10.00 165.00 0.00 3.00 53.10
248.00 87.00 0.00 5.00 140.38
242.00 85.00 0.00 1.00 117.29
244.00 241.00 0.00 3.00 175.12
250.00 82.00 1.00 4.00 41.46
243.00 247.00 1.00 2.00 109.30
244.00 18.00 0.00 1.00 153.23
237.00 249.00 0.00 1.00 192.70
236.00 176.00 0.00 2.00 156.81
117.00 30.00 0.00 5.00 34.28
125.00 238.00 1.00 1.00 88.67
242.00 250.00 0.00 5.00 63.81
52.00 237.00 0.00 2.00 50.99
41.00 251.00 0.00 2.00 199.27
163.00 157.00 0.00 3.00 44.25
245.00 241.00 0.00 2.00 62.02
241.00 96.00 0.00 3.00 118.53
251.00 199.00 0.00 4.00 198.18
217.00 47.00 0.00 3.00 44.07
233.00 56.00 0.00 3.00 143.31
19.00 240.00 1.00 2.00 91.24
239.00 246.00 0.00 1.00 176.40
187.00 246.00 1.00 4.00 195.45
126.00 245.00 0.00 3.00 57.42
237.00 223.00 1.00 4.00 135.82
238.00 246.00 0.00 2.00 163.86
192.00 244.00 1.00 3.00 125.48
242.00 248.00 0.00 3.00 88.72
91.00 238.00 1.00 2.00 176.59
251.00 244.00 1.00 3.00 186.41
243.00 236.00 1.00 5.00 67.59
94.00 243.00 1.00 2.00 99.69
239.00 89.00 1.00 4.00 127.03
251.00 35.00 0.00 4.00 189.84
138.00 85.00 1.00 2.00 187.22
251.00 236.00 0.00 3.00 182.59
249.00 102.00 1.00 4.00 70.74
97.00 244.00 1.00 5.00 173.12
4.00 243.00 0.00 1.00 145.14
28.00 37.00 1.00 1.00 56.35
177.00 29.00 0.00 5.00 49.87
251.00 56.00 0.00 4.00 198.12
80.00 246.00 1.00 1.00 131.11
202.00 251.00 0.00 1.00 130.93
208.00 67.00 0.00 2.00 118.16
239.00 147.00 1.00 2.00 187.45
189.00 32.00 0.00 1.00 192.42
186.00 240.00 1.00 4.00 179.66
50.00 239.00 0.00 4.00 89.98
241.00 248.00 1.00 2.00 199.26
244.00 233.00 0.00 1.00 100.23
248.00 236.00 0.00 1.00 128.34
244.00 19.00 1.00 3.00 187.77
58.00 239.00 0.00 3.00 74.75
247.00 200.00 0.00 5.00 161.20
243.00 247.00 1.00 1.00 142.39
109.00 245.00 0.00 4.00 42.20
201.00 117.00 0.00 1.00 86.75
249.00 241.00 1.00 4.00 50.22
151.00 248.00 1.00 4.00 66.63
19.00 242.00 0.00 4.00 160.12
48.00 183.00 0.00 1.00 69.96
115.00 169.00 0.00 2.00 89.54
236.00 242.00 0.00 3.00 157.60
28.00 96.00 0.00 1.00 66.86
240.00 249.00 1.00 4.00 86.91
242.00 206.00 1.00 1.00 136.15
223.00 200.00 0.00 5.00 170.81
238.00 245.00 0.00 1.00 197.28
251.00 191.00 0.00 2.00 138.43
240.00 250.00 0.00 1.00 102.06
249.00 52.00 1.00 1.00 164.09
82.00 242.00 1.00 5.00 105.13
226.00 236.00 0.00 3.00 138.10
96.00 241.00 0.00 3.00 155.29
248.00 239.00 0.00 1.00 53.75
244.00 237.00 1.00 2.00 169.13
0.00 104.00 0.00 4.00 182.98
16.00 42.00 1.00 2.00 128.83
97.00 30.00 0.00 5.00 98.47
18.00 251.00 0.00 4.00 73.17
1.00 241.00 1.00 1.00 39.75
35.00 161.00 1.00 4.00 63.23
240.00 208.00 1.00 3.00 99.72
77.00 227.00 0.00 4.00 59.74
18.00 246.00 0.00 1.00 146.67
248.00 241.00 0.00 2.00 141.94
199.00 233.00 1.00 2.00 68.49
247.00 236.00 1.00 1.00 69.88
165.00 145.00 0.00 1.00 136.09
44.00 126.00 1.00 5.00 163.88
239.00 245.00 0.00 1.00 104.10
73.00 236.00 0.00 3.00 115.74
131.00 241.00 0.00 4.00 36.96
250.00 243.00 1.00 1.00 52.50
249.00 242.00 0.00 4.00 142.37
135.00 240.00 1.00 5.00 105.84
236.00 140.00 1.00 1.00 138.65
243.00 23.00 0.00 1.00 117.77
43.00 188.00 1.00 3.00 65.27
91.00 241.00 0.00 2.00 108.69
237.00 248.00 0.00 4.00 79.80
245.00 237.00 0.00 3.00 137.76
251.00 18.00 1.00 3.00 88.54
78.00 15.00 1.00 1.00 81.43
233.00 245.00 1.00 2.00 66.44
68.00 199.00 1.00 3.00 158.40
250.00 241.00 1.00 4.00 110.94
236.00 247.00 0.00 2.00 40.32
250.00 195.00 1.00 5.00 131.54
233.00 134.00 1.00 2.00 123.20
248.00 218.00 0.00 2.00 133.75
44.00 106.00 1.00 1.00 113.31
243.00 244.00 1.00 4.00 176.13
251.00 164.00 0.00 4.00 40.94
248.00 236.00 0.00 5.00 135.40
71.00 10.00 1.00 4.00 113.97
153.00 249.00 0.00 3.00 138.11
194.00 123.00 1.00 2.00 120.07
249.00 199.00 0.00 2.00 45.84
190.00 31.00 0.00 4.00 51.97
241.00 200.00 0.00 4.00 74.57
238.00 56.00 0.00 4.00 120.74
248.00 31.00 0.00 5.00 94.31
207.00 248.00 1.00 4.00 176.66
244.00 203.00 1.00 3.00 96.84
45.00 121.00 1.00 3.00 138.45
174.00 164.00 0.00 4.00 125.40
33.00 199.00 1.00 3.00 59.52
249.00 242.00 1.00 4.00 46.12
177.00 246.00 1.00 2.00 149.94
236.00 245.00 0.00 1.00 36.15
244.00 87.00 0.00 2.00 65.54
240.00 216.00 1.00 2.00 104.36
236.00 229.00 0.00 3.00 139.27
176.00 251.00 1.00 3.00 62.68
251.00 239.00 0.00 5.00 34.15
237.00 246.00 1.00 4.00 89.39
87.00 242.00 0.00 4.00 70.55
133.00 248.00 0.00 1.00 40.68
242.00 249.00 1.00 4.00 46.45
244.00 186.00 1.00 3.00 95.04
135.00 241.00 0.00 1.00 151.41
200.00 241.00 0.00 4.00 71.11
243.00 51.00 1.00 5.00 168.54
96.00 50.00 0.00 1.00 70.15
35.00 231.00 1.00 1.00 76.23
207.00 175.00 1.00 4.00 108.86
44.00 96.00 1.00 3.00 174.42
125.00 45.00 0.00 4.00 101.88
202.00 236.00 1.00 5.00 123.15
237.00 244.00 0.00 2.00 86.75
239.00 54.00 0.00 4.00 33.35
247.00 71.00 0.00 3.00 109.49
87.00 245.00 1.00 3.00 75.83
196.00 244.00 1.00 4.00 154.08
196.00 236.00 0.00 1.00 48.57
127.00 243.00 1.00 4.00 81.04
26.00 141.00 0.00 4.00 84.54
189.00 243.00 0.00 3.00 193.79
71.00 214.00 0.00 1.00 110.55
241.00 246.00 1.00 3.00 199.54
163.00 190.00 0.00 5.00 100.27
35.00 241.00 0.00 3.00 107.04
249.00 239.00 1.00 2.00 107.30
248.00 236.00 1.00 1.00 182.61
239.00 7.00 1.00 2.00 37.45
56.00 32.00 1.00 1.00 178.20
11.00 206.00 1.00 5.00 148.91
34.00 187.00 0.00 5.00 181.56
127.00 30.00 1.00 3.00 37.43
194.00 236.00 0.00 4.00 100.57
41.00 251.00 1.00 1.00 194.16
113.00 245.00 1.00 3.00 196.81
185.00 193.00 1.00 3.00 44.57
231.00 124.00 0.00 1.00 57.25
123.00 249.00 0.00 1.00 78.34
250.00 175.00 0.00 5.00 75.67
249.00 242.00 0.00 3.00 162.35
244.00 239.00 1.00 5.00 101.20
247.00 157.00 0.00 5.00 40.12
237.00 250.00 0.00 3.00 100.83
136.00 246.00 1.00 2.00 40.07
238.00 248.00 1.00 5.00 66.00
55.00 239.00 0.00 2.00 40.37
48.00 58.00 0.00 2.00 131.37
126.00 67.00 0.00 2.00 135.96
238.00 247.00 0.00 1.00 100.32
114.00 123.00 0.00 5.00 141.49
69.00 203.00 0.00 1.00 179.50
242.00 119.00 0.00 3.00 152.69
100.00 241.00 0.00 4.00 155.42
246.00 240.00 0.00 5.00 114.64
38.00 69.00 0.00 5.00 70.53
185.00 39.00 0.00 5.00 63.74
180.00 237.00 0.00 3.00 33.84
37.00 251.00 1.00 5.00 65.73
251.00 181.00 0.00 2.00 125.60
249.00 236.00 0.00 5.00 123.63
245.00 237.00 0.00 2.00 43.67
139.00 40.00 0.00 5.00 127.50
238.00 248.00 0.00 2.00 87.42
248.00 36.00 1.00 1.00 194.47
243.00 244.00 1.00 2.00 191.73
125.00 20.00 1.00 1.00 46.71
106.00 245.00 0.00 4.00 108.05
221.00 121.00 0.00 2.00 84.41
238.00 245.00 0.00 3.00 140.72
242.00 68.00 1.00 1.00 111.60
249.00 197.00 0.00 3.00 162.41
79.00 31.00 0.00 3.00 158.79
243.00 237.00 0.00 5.00 177.13
245.00 5.00 0.00 4.00 139.50
141.00 238.00 0.00 5.00 87.07
194.00 231.00 1.00 3.00 157.41
238.00 249.00 1.00 1.00 53.11
35.00 96.00 1.00 3.00 182.28
65.00 141.00 1.00 1.00 166.16
204.00 179.00 1.00 2.00 182.75
223.00 59.00 1.00 4.00 55.88
239.00 247.00 1.00 1.00 156.62
249.00 1.00 0.00 5.00 96.44
106.00 240.00 0.00 3.00 195.84
139.00 249.00 1.00 1.00 131.28
250.00 244.00 0.00 5.00 105.09
241.00 246.00 1.00 5.00 96.56
214.00 251.00 0.00 4.00 50.58
245.00 81.00 0.00 3.00 68.18
35.00 241.00 1.00 4.00 92.07
249.00 65.00 0.00 4.00 163.15
251.00 35.00 0.00 3.00 111.21
173.00 127.00 1.00 5.00 197.26
75.00 243.00 1.00 3.00 125.68
246.00 175.00 1.00 5.00 132.50
238.00 247.00 0.00 2.00 46.51
250.00 61.00 1.00 1.00 59.88
188.00 243.00 0.00 2.00 177.44
239.00 251.00 0.00 2.00 123.77
249.00 238.00 0.00 5.00 108.57
38.00 185.00 1.00 3.00 165.71
243.00 60.00 1.00 5.00 87.31
247.00 60.00 0.00 2.00 39.13
56.00 137.00 0.00 3.00 36.55
250.00 8.00 1.00 1.00 176.18
154.00 62.00 1.00 3.00 152.65
61.00 181.00 1.00 4.00 142.06
186.00 247.00 1.00 4.00 130.49
242.00 245.00 0.00 2.00 171.70
224.00 139.00 1.00 4.00 56.45
245.00 241.00 0.00 3.00 189.62
239.00 58.00 0.00 4.00 85.22
237.00 1.00 0.00 3.00 157.00
233.00 207.00 1.00 3.00 79.73
80.00 245.00 0.00 5.00 130.20
111.00 133.00 1.00 4.00 90.46
236.00 138.00 1.00 2.00 190.54
3.00 122.00 1.00 4.00 153.11
152.00 242.00 1.00 4.00 87.55
154.00 249.00 1.00 3.00 124.22
102.00 150.00 0.00 4.00 177.45
238.00 144.00 1.00 5.00 117.46
247.00 241.00 0.00 2.00 174.72
242.00 248.00 0.00 3.00 50.62
155.00 242.00 0.00 4.00 88.34
189.00 242.00 1.00 5.00 36.55
251.00 243.00 1.00 5.00 87.50
171.00 246.00 1.00 2.00 96.23
176.00 247.00 1.00 3.00 152.27
240.00 110.00 0.00 1.00 86.38
32.00 247.00 1.00 2.00 198.15
238.00 244.00 0.00 2.00 54.34
139.00 245.00 0.00 1.00 77.70
152.00 243.00 0.00 5.00 61.67
249.00 23.00 0.00 1.00 47.62
251.00 244.00 1.00 3.00 142.96
238.00 246.00 1.00 3.00 30.16
165.00 251.00 0.00 2.00 164.63
244.00 236.00 0.00 4.00 198.25
238.00 246.00 1.00 5.00 152.13
179.00 247.00 0.00 3.00 93.10
246.00 242.00 0.00 2.00 150.39
117.00 249.00 1.00 1.00 136.48
241.00 248.00 1.00 1.00 146.49
245.00 237.00 1.00 2.00 156.94
245.00 21.00 1.00 4.00 131.85
198.00 244.00 0.00 5.00 30.49
151.00 241.00 1.00 3.00 145.93
201.00 167.00 1.00 3.00 115.10
29.00 145.00 0.00 2.00 52.78
242.00 236.00 1.00 4.00 175.26
35.00 150.00 1.00 1.00 197.45
192.00 241.00 0.00 1.00 40.94
143.00 181.00 0.00 5.00 53.67
237.00 203.00 0.00 1.00 193.46
21.00 110.00 1.00 2.00 100.81
44.00 52.00 1.00 1.00 113.62
240.00 83.00 1.00 4.00 75.30
245.00 52.00 1.00 5.00 59.82
245.00 242.00 1.00 2.00 145.05
74.00 176.00 0.00 4.00 93.47
247.00 240.00 0.00 4.00 173.46
246.00 146.00 1.00 3.00 169.05
105.00 163.00 0.00 1.00 198.43
244.00 148.00 1.00 2.00 40.69
173.00 2.00 1.00 1.00 199.87
239.00 248.00 1.00 2.00 99.06
55.00 48.00 0.00 4.00 50.76
239.00 248.00 1.00 2.00 157.91
180.00 172.00 1.00 3.00 147.55
239.00 246.00 0.00 1.00 98.59
248.00 54.00 1.00 3.00 177.81
147.00 32.00 1.00 4.00 79.15
59.00 115.00 1.00 3.00 89.26
