237.00 55.00 0.00 4.00 83.93
251.00 243.00 0.00 1.00 187.65
248.00 37.00 1.00 3.00 117.65
21.00 244.00 0.00 2.00 120.96
21.00 209.00 1.00 4.00 54.94
149.00 71.00 1.00 1.00 36.95
7.00 249.00 1.00 1.00 195.62
251.00 243.00 1.00 2.00 60.65
243.00 20.00 0.00 2.00 134.31
9.00 236.00 1.00 3.00 121.69
249.00 237.00 0.00 3.00 174.64
250.00 243.00 0.00 4.00 160.60
243.00 212.00 0.00 2.00 128.85
251.00 242.00 1.00 4.00 44.11
243.00 5.00 1.00 2.00 74.29
115.00 243.00 0.00 1.00 157.78
7.00 246.00 0.00 1.00 125.19
219.00 81.00 0.00 1.00 57.48
148.00 60.00 1.00 2.00 40.42
39.00 129.00 1.00 5.00 163.84
242.00 207.00 1.00 4.00 180.34
191.00 117.00 0.00 1.00 189.91
16.00 242.00 0.00 2.00 74.32
1.00 236.00 1.00 1.00 166.11
225.00 182.00 1.00 5.00 181.36
251.00 124.00 0.00 3.00 90.85
17.00 175.00 1.00 1.00 164.16
230.00 87.00 1.00 3.00 76.09
244.00 101.00 1.00 5.00 182.27
247.00 57.00 1.00 3.00 46.46
75.00 242.00 1.00 3.00 79.37
62.00 237.00 0.00 5.00 173.23
236.00 247.00 1.00 2.00 99.78
213.00 251.00 1.00 1.00 159.80
249.00 156.00 0.00 5.00 99.07
251.00 200.00 1.00 4.00 145.01
71.00 101.00 0.00 2.00 185.58
96.00 5.00 1.00 4.00 55.63
175.00 251.00 1.00 5.00 90.36
238.00 174.00 1.00 2.00 73.15
197.00 24.00 1.00 1.00 129.14
72.00 248.00 1.00 3.00 105.07
113.00 249.00 0.00 5.00 193.41
76.00 135.00 1.00 4.00 144.04
251.00 240.00 0.00 3.00 199.50
239.00 250.00 0.00 5.00 109.73
86.00 246.00 0.00 5.00 71.49
248.00 243.00 0.00 3.00 82.04
251.00 245.00 0.00 4.00 102.80
108.00 85.00 1.00 2.00 34.54
153.00 237.00 1.00 1.00 192.27
205.00 243.00 1.00 5.00 117.73
118.00 242.00 1.00 3.00 105.70
181.00 48.00 0.00 1.00 138.80
70.00 236.00 0.00 2.00 31.37
248.00 233.00 1.00 2.00 81.64
236.00 182.00 0.00 2.00 149.86
239.00 1.00 0.00 3.00 132.24
241.00 247.00 0.00 1.00 160.26
250.00 236.00 1.00 1.00 182.16
219.00 157.00 1.00 5.00 87.49
248.00 243.00 1.00 2.00 184.50
189.00 251.00 1.00 4.00 142.94
43.00 249.00 1.00 1.00 34.12
56.00 163.00 1.00 1.00 121.24
5.00 158.00 0.00 4.00 114.72
101.00 213.00 0.00 2.00 197.09
243.00 157.00 1.00 3.00 103.35
3.00 240.00 0.00 4.00 70.16
172.00 50.00 1.00 1.00 93.38
14.00 235.00 1.00 5.00 154.36
237.00 184.00 1.00 3.00 181.39
21.00 241.00 1.00 5.00 115.69
205.00 240.00 0.00 3.00 126.98
237.00 247.00 0.00 3.00 34.54
247.00 11.00 0.00 3.00 180.76
251.00 163.00 1.00 5.00 158.40
244.00 195.00 0.00 5.00 155.25
236.00 243.00 1.00 4.00 130.30
102.00 247.00 0.00 1.00 52.75
250.00 123.00 1.00 5.00 199.05
60.00 80.00 1.00 1.00 123.61
58.00 75.00 1.00 3.00 116.27
249.00 239.00 0.00 5.00 45.55
144.00 25.00 1.00 1.00 95.74
24.00 251.00 0.00 3.00 172.23
105.00 237.00 0.00 2.00 131.52
237.00 247.00 1.00 4.00 184.33
163.00 2.00 1.00 5.00 86.87
93.00 237.00 0.00 3.00 98.76
214.00 241.00 1.00 1.00 89.55
60.00 236.00 0.00 3.00 128.38
244.00 174.00 1.00 5.00 34.30
174.00 247.00 1.00 3.00 119.17
250.00 74.00 1.00 1.00 63.52
246.00 236.00 0.00 3.00 146.87
237.00 245.00 1.00 2.00 198.62
44.00 248.00 1.00 1.00 73.31
241.00 74.00 0.00 1.00 69.22
249.00 130.00 1.00 2.00 104.29
24.00 173.00 1.00 4.00 157.64
245.00 240.00 1.00 3.00 125.88
228.00 17.00 0.00 2.00 113.01
241.00 247.00 1.00 3.00 55.15
244.00 140.00 1.00 1.00 114.93
135.00 214.00 1.00 5.00 53.81
246.00 214.00 1.00 3.00 198.39
251.00 240.00 0.00 4.00 136.57
244.00 240.00 1.00 1.00 177.79
104.00 166.00 0.00 3.00 63.72
181.00 246.00 1.00 2.00 163.41
250.00 141.00 0.00 3.00 57.74
177.00 251.00 1.00 3.00 58.19
207.00 251.00 1.00 5.00 167.93
214.00 238.00 1.00 4.00 116.33
247.00 156.00 1.00 4.00 62.89
248.00 208.00 0.00 4.00 68.52
243.00 233.00 0.00 4.00 91.96
212.00 123.00 1.00 3.00 138.92
249.00 240.00 1.00 1.00 94.46
238.00 246.00 1.00 1.00 65.77
136.00 32.00 1.00 2.00 131.73
130.00 241.00 0.00 1.00 113.61
57.00 233.00 1.00 1.00 154.60
240.00 250.00 0.00 5.00 184.90
236.00 243.00 0.00 3.00 136.39
248.00 239.00 1.00 4.00 32.68
122.00 165.00 0.00 4.00 136.38
251.00 241.00 0.00 1.00 157.94
250.00 22.00 0.00 1.00 156.86
244.00 190.00 1.00 2.00 97.80
251.00 237.00 1.00 4.00 99.21
241.00 249.00 1.00 2.00 118.66
238.00 187.00 1.00 4.00 63.43
237.00 156.00 0.00 5.00 197.80
236.00 247.00 1.00 3.00 166.70
90.00 65.00 1.00 2.00 184.45
80.00 241.00 1.00 4.00 119.69
239.00 245.00 0.00 5.00 97.74
239.00 250.00 1.00 3.00 106.53
144.00 236.00 0.00 5.00 90.85
106.00 251.00 1.00 3.00 35.87
240.00 144.00 1.00 4.00 103.39
239.00 230.00 1.00 5.00 189.85
248.00 243.00 1.00 4.00 40.78
245.00 239.00 0.00 1.00 34.74
156.00 251.00 0.00 5.00 142.57
147.00 236.00 0.00 2.00 138.92
247.00 79.00 1.00 2.00 184.10
236.00 99.00 0.00 4.00 170.74
251.00 213.00 0.00 4.00 37.24
43.00 181.00 0.00 3.00 190.37
5.00 251.00 1.00 3.00 80.08
85.00 246.00 1.00 1.00 164.95
175.00 163.00 0.00 1.00 192.31
236.00 15.00 0.00 3.00 94.00
242.00 113.00 0.00 4.00 73.10
237.00 148.00 1.00 3.00 193.17
166.00 237.00 0.00 5.00 183.41
187.00 113.00 1.00 4.00 59.21
48.00 39.00 0.00 5.00 174.57
207.00 238.00 0.00 4.00 138.69
11.00 209.00 1.00 5.00 98.69
199.00 250.00 0.00 2.00 56.86
245.00 165.00 0.00 5.00 36.67
236.00 248.00 0.00 4.00 39.02
242.00 246.00 0.00 3.00 78.28
209.00 243.00 1.00 1.00 129.18
145.00 3.00 0.00 1.00 45.49
9.00 113.00 0.00 4.00 126.91
2.00 229.00 1.00 1.00 121.33
100.00 247.00 0.00 3.00 78.85
70.00 214.00 0.00 2.00 90.35
248.00 243.00 0.00 3.00 108.48
220.00 229.00 1.00 4.00 74.05
245.00 242.00 1.00 3.00 181.90
247.00 243.00 0.00 3.00 159.01
42.00 241.00 0.00 1.00 146.27
179.00 245.00 1.00 4.00 118.07
160.00 12.00 0.00 5.00 98.46
237.00 151.00 0.00 2.00 55.83
17.00 136.00 1.00 5.00 196.74
82.00 159.00 1.00 3.00 52.35
165.00 249.00 0.00 1.00 112.21
241.00 15.00 1.00 2.00 100.32
1.00 241.00 1.00 4.00 89.89
242.00 251.00 1.00 5.00 190.45
134.00 242.00 1.00 2.00 168.23
241.00 193.00 0.00 5.00 44.21
151.00 236.00 1.00 1.00 176.40
156.00 250.00 0.00 1.00 177.66
239.00 245.00 0.00 5.00 77.57
197.00 241.00 0.00 2.00 68.90
243.00 237.00 1.00 5.00 58.09
16.00 251.00 1.00 1.00 107.67
182.00 47.00 0.00 4.00 175.77
147.00 200.00 1.00 3.00 166.18
236.00 251.00 1.00 2.00 82.02
46.00 244.00 0.00 2.00 79.13
37.00 92.00 0.00 5.00 52.98
143.00 244.00 1.00 1.00 153.70
249.00 236.00 1.00 5.00 57.83
33.00 247.00 1.00 4.00 137.62
56.00 242.00 1.00 2.00 144.07
203.00 243.00 1.00 5.00 86.02
62.00 174.00 1.00 2.00 111.72
249.00 150.00 1.00 5.00 115.30
239.00 163.00 0.00 1.00 53.71
171.00 248.00 0.00 1.00 101.13
247.00 219.00 0.00 1.00 92.68
238.00 161.00 0.00 1.00 178.03
184.00 246.00 1.00 3.00 146.08
212.00 202.00 0.00 1.00 166.74
110.00 241.00 1.00 2.00 169.66
238.00 248.00 1.00 1.00 60.43
139.00 251.00 0.00 2.00 184.07
204.00 112.00 0.00 5.00 162.59
150.00 26.00 0.00 2.00 189.97
205.00 61.00 1.00 5.00 189.14
102.00 90.00 0.00 4.00 159.09
39.00 249.00 0.00 5.00 116.48
24.00 158.00 0.00 1.00 134.84
45.00 143.00 0.00 1.00 166.10
242.00 121.00 0.00 4.00 90.08
16.00 245.00 1.00 3.00 125.12
11.00 48.00 1.00 3.00 62.48
138.00 250.00 0.00 3.00 190.78
104.00 12.00 0.00 2.00 192.36
241.00 249.00 1.00 3.00 82.32
77.00 244.00 0.00 1.00 108.45
236.00 245.00 0.00 1.00 166.74
239.00 251.00 1.00 3.00 43.22
246.00 240.00 0.00 3.00 168.73
134.00 17.00 0.00 4.00 161.41
106.00 250.00 0.00 3.00 145.16
239.00 214.00 1.00 1.00 58.13
243.00 250.00 1.00 3.00 117.60
190.00 119.00 0.00 2.00 85.10
38.00 149.00 1.00 2.00 65.59
238.00 59.00 0.00 2.00 30.52
77.00 245.00 1.00 3.00 174.48
8.00 244.00 1.00 4.00 192.07
104.00 237.00 0.00 1.00 69.29
141.00 245.00 0.00 5.00 39.87
239.00 248.00 1.00 5.00 116.23
21.00 26.00 0.00 2.00 68.40
238.00 7.00 0.00 3.00 179.86
193.00 7.00 0.00 4.00 191.44
36.00 49.00 1.00 2.00 95.90
241.00 246.00 0.00 3.00 32.17
244.00 183.00 0.00 4.00 188.86
153.00 237.00 0.00 5.00 62.03
236.00 247.00 0.00 3.00 189.44
177.00 249.00 1.00 1.00 136.76
0.00 42.00 1.00 2.00 168.09
126.00 237.00 1.00 3.00 51.98
232.00 250.00 0.00 3.00 144.18
146.00 251.00 0.00 1.00 31.64
239.00 191.00 1.00 2.00 174.31
237.00 251.00 0.00 3.00 64.48
81.00 9.00 0.00 4.00 111.64
240.00 249.00 1.00 3.00 141.36
50.00 100.00 1.00 5.00 108.57
90.00 236.00 0.00 5.00 56.60
241.00 249.00 1.00 1.00 52.98
194.00 241.00 1.00 2.00 36.25
249.00 237.00 1.00 3.00 33.38
132.00 237.00 0.00 3.00 39.94
250.00 240.00 1.00 1.00 50.75
248.00 240.00 1.00 4.00 154.55
207.00 248.00 0.00 2.00 43.18
23.00 249.00 0.00 1.00 70.11
15.00 239.00 1.00 3.00 35.28
251.00 21.00 1.00 4.00 132.44
244.00 238.00 0.00 4.00 180.75
243.00 212.00 1.00 1.00 107.66
242.00 92.00 1.00 3.00 44.78
242.00 251.00 1.00 1.00 155.83
244.00 242.00 1.00 4.00 80.34
53.00 238.00 1.00 1.00 89.43
247.00 134.00 0.00 4.00 51.45
16.00 246.00 1.00 5.00 96.36
239.00 55.00 1.00 3.00 153.96
141.00 200.00 1.00 4.00 149.58
117.00 31.00 0.00 1.00 129.37
236.00 12.00 0.00 5.00 41.33
18.00 243.00 1.00 1.00 144.44
136.00 102.00 0.00 3.00 42.37
9.00 251.00 0.00 1.00 91.08
250.00 244.00 0.00 2.00 137.36
228.00 132.00 1.00 2.00 85.92
227.00 250.00 1.00 3.00 178.59
219.00 237.00 1.00 4.00 131.89
244.00 237.00 1.00 5.00 123.58
236.00 41.00 1.00 5.00 109.58
236.00 247.00 0.00 1.00 90.35
248.00 206.00 0.00 2.00 51.64
24.00 231.00 1.00 3.00 152.15
47.00 169.00 1.00 2.00 62.42
167.00 67.00 1.00 1.00 143.84
182.00 240.00 0.00 5.00 145.64
95.00 245.00 0.00 2.00 174.97
21.00 246.00 0.00 3.00 94.81
155.00 242.00 0.00 3.00 163.09
128.00 239.00 0.00 1.00 128.01
241.00 250.00 0.00 4.00 145.13
216.00 239.00 1.00 5.00 37.91
237.00 247.00 1.00 2.00 58.16
251.00 242.00 0.00 3.00 197.40
27.00 236.00 0.00 2.00 106.90
251.00 240.00 1.00 1.00 49.85
249.00 185.00 0.00 3.00 139.59
52.00 251.00 1.00 1.00 92.47
132.00 250.00 1.00 4.00 85.64
250.00 237.00 0.00 3.00 115.24
239.00 169.00 0.00 1.00 57.39
238.00 227.00 0.00 4.00 30.29
240.00 153.00 0.00 4.00 42.68
216.00 251.00 1.00 5.00 174.38
236.00 249.00 0.00 3.00 124.67
239.00 246.00 1.00 2.00 173.44
241.00 245.00 1.00 5.00 62.87
45.00 238.00 1.00 2.00 173.16
201.00 242.00 1.00 3.00 176.77
144.00 178.00 0.00 1.00 156.05
251.00 55.00 1.00 1.00 148.33
18.00 240.00 1.00 3.00 110.62
240.00 251.00 1.00 2.00 189.22
238.00 246.00 1.00 2.00 156.29
237.00 249.00 1.00 5.00 146.74
163.00 221.00 1.00 5.00 111.89
249.00 131.00 0.00 4.00 93.30
247.00 237.00 0.00 1.00 184.46
251.00 245.00 0.00 1.00 111.45
99.00 239.00 0.00 2.00 184.16
94.00 15.00 0.00 3.00 187.95
242.00 245.00 1.00 4.00 185.35
238.00 251.00 1.00 4.00 56.91
240.00 10.00 1.00 1.00 191.66
198.00 242.00 0.00 1.00 147.32
103.00 83.00 0.00 4.00 64.47
84.00 246.00 1.00 3.00 31.30
91.00 121.00 0.00 1.00 88.20
241.00 19.00 0.00 3.00 145.83
243.00 152.00 0.00 4.00 190.48
144.00 127.00 0.00 5.00 156.80
238.00 145.00 1.00 4.00 63.86
249.00 237.00 1.00 3.00 129.03
246.00 242.00 0.00 2.00 30.21
26.00 83.00 0.00 1.00 140.30
241.00 244.00 0.00 3.00 67.67
2.00 237.00 0.00 4.00 149.24
241.00 247.00 0.00 2.00 188.20
33.00 241.00 0.00 4.00 151.01
245.00 251.00 1.00 3.00 75.02
244.00 242.00 1.00 5.00 43.68
193.00 4.00 0.00 4.00 64.02
155.00 249.00 0.00 2.00 134.86
251.00 239.00 0.00 4.00 196.86
247.00 238.00 1.00 4.00 111.90
103.00 207.00 0.00 3.00 168.95
221.00 115.00 0.00 3.00 153.75
221.00 94.00 0.00 5.00 167.72
240.00 218.00 0.00 5.00 68.21
219.00 241.00 1.00 3.00 170.53
245.00 241.00 0.00 3.00 44.95
18.00 243.00 0.00 3.00 124.08
54.00 238.00 1.00 3.00 192.13
244.00 250.00 1.00 3.00 89.01
80.00 240.00 0.00 1.00 152.24
250.00 201.00 1.00 5.00 163.11
250.00 26.00 0.00 2.00 173.20
55.00 236.00 1.00 3.00 86.74
243.00 124.00 1.00 2.00 34.23
243.00 89.00 0.00 1.00 124.21
55.00 193.00 0.00 3.00 116.82
238.00 250.00 0.00 5.00 65.10
53.00 249.00 1.00 2.00 74.41
106.00 247.00 0.00 5.00 185.93
243.00 237.00 1.00 3.00 33.43
240.00 94.00 0.00 2.00 116.10
247.00 26.00 0.00 1.00 114.44
251.00 220.00 0.00 5.00 126.80
55.00 238.00 0.00 5.00 109.09
246.00 188.00 0.00 5.00 80.06
207.00 16.00 0.00 2.00 172.88
248.00 193.00 0.00 1.00 159.98
3.00 237.00 0.00 2.00 149.33
188.00 81.00 1.00 3.00 143.08
245.00 242.00 1.00 4.00 122.90
67.00 27.00 0.00 4.00 169.07
236.00 10.00 1.00 4.00 75.00
251.00 136.00 0.00 1.00 50.02
247.00 241.00 0.00 2.00 156.79
250.00 236.00 1.00 1.00 39.87
241.00 250.00 1.00 1.00 111.36
251.00 56.00 1.00 5.00 53.28
195.00 205.00 0.00 4.00 80.19
243.00 248.00 1.00 2.00 69.66
204.00 132.00 1.00 1.00 47.29
214.00 168.00 1.00 3.00 117.27
124.00 242.00 1.00 5.00 150.66
32.00 244.00 1.00 3.00 89.28
244.00 109.00 0.00 3.00 135.59
169.00 249.00 1.00 1.00 38.81
192.00 112.00 1.00 5.00 111.84
241.00 251.00 1.00 4.00 31.82
37.00 250.00 0.00 1.00 36.83
152.00 250.00 0.00 4.00 123.71
198.00 148.00 1.00 3.00 124.54
140.00 248.00 0.00 2.00 126.54
61.00 139.00 0.00 4.00 70.45
244.00 87.00 1.00 5.00 182.16
190.00 80.00 1.00 5.00 162.97
104.00 243.00 0.00 1.00 92.57
249.00 121.00 0.00 4.00 119.30
244.00 231.00 0.00 1.00 53.57
241.00 96.00 1.00 5.00 111.69
250.00 237.00 0.00 2.00 65.89
194.00 126.00 0.00 4.00 107.09
150.00 246.00 1.00 3.00 143.69
96.00 241.00 1.00 5.00 65.71
239.00 244.00 0.00 4.00 100.06
76.00 239.00 0.00 4.00 38.27
224.00 120.00 0.00 3.00 59.81
123.00 36.00 0.00 3.00 185.37
249.00 242.00 0.00 5.00 175.03
159.00 250.00 0.00 2.00 104.47
241.00 43.00 0.00 5.00 64.13
129.00 238.00 0.00 1.00 158.44
249.00 201.00 0.00 4.00 120.70
147.00 19.00 0.00 1.00 145.76
246.00 236.00 1.00 2.00 36.00
148.00 239.00 1.00 2.00 32.98
167.00 245.00 1.00 2.00 192.45
239.00 128.00 1.00 5.00 83.86
232.00 240.00 1.00 3.00 172.23
240.00 205.00 0.00 2.00 43.07
83.00 136.00 0.00 4.00 72.76
239.00 169.00 0.00 5.00 119.18
250.00 243.00 0.00 3.00 94.41
246.00 243.00 1.00 2.00 153.05
28.00 106.00 0.00 2.00 186.35
153.00 83.00 0.00 3.00 161.75
239.00 245.00 1.00 2.00 140.29
133.00 241.00 0.00 2.00 169.77
237.00 243.00 1.00 2.00 40.55
238.00 149.00 0.00 5.00 50.11
67.00 217.00 0.00 3.00 146.33
98.00 226.00 1.00 1.00 140.32
93.00 247.00 1.00 4.00 154.52
244.00 251.00 0.00 1.00 183.10
88.00 237.00 0.00 5.00 159.30
250.00 238.00 0.00 5.00 183.69
3.00 237.00 0.00 4.00 192.38
241.00 200.00 0.00 1.00 60.59
218.00 239.00 1.00 4.00 147.85
182.00 241.00 1.00 1.00 65.14
245.00 241.00 1.00 3.00 132.76
237.00 251.00 1.00 1.00 64.55
118.00 237.00 1.00 1.00 135.93
251.00 236.00 0.00 3.00 56.91
40.00 26.00 1.00 5.00 83.53
237.00 131.00 0.00 2.00 107.12
237.00 249.00 0.00 1.00 138.78
244.00 209.00 0.00 4.00 153.51
246.00 32.00 1.00 4.00 169.34
245.00 31.00 0.00 5.00 82.95
237.00 243.00 0.00 2.00 83.16
251.00 2.00 0.00 4.00 68.76
213.00 13.00 0.00 1.00 115.57
238.00 246.00 1.00 3.00 110.19
71.00 237.00 1.00 3.00 148.06
241.00 244.00 0.00 3.00 155.51
246.00 239.00 0.00 1.00 55.44
242.00 97.00 1.00 1.00 103.30
227.00 191.00 1.00 1.00 106.44
249.00 94.00 1.00 3.00 108.37
229.00 173.00 0.00 3.00 120.91
245.00 240.00 0.00 4.00 128.00
112.00 249.00 0.00 1.00 123.73
246.00 36.00 1.00 1.00 166.96
34.00 115.00 0.00 3.00 148.16
221.00 43.00 1.00 3.00 158.07
140.00 244.00 1.00 5.00 192.28
95.00 76.00 1.00 3.00 101.49
246.00 239.00 0.00 2.00 159.76
251.00 238.00 0.00 1.00 117.72
132.00 20.00 1.00 4.00 100.90
63.00 177.00 1.00 1.00 93.94
132.00 19.00 0.00 1.00 87.26
249.00 190.00 0.00 2.00 173.55
244.00 243.00 0.00 4.00 127.15
158.00 69.00 1.00 4.00 150.90
245.00 243.00 1.00 1.00 43.51
171.00 2.00 1.00 5.00 99.08
247.00 236.00 0.00 1.00 119.20
240.00 250.00 0.00 3.00 167.67
207.00 249.00 0.00 1.00 110.12
240.00 76.00 1.00 3.00 95.77
228.00 245.00 1.00 1.00 95.48
59.00 243.00 1.00 4.00 70.09
239.00 250.00 1.00 3.00 182.12
93.00 104.00 0.00 1.00 175.36
246.00 241.00 0.00 2.00 147.44
239.00 122.00 0.00 1.00 173.84
35.00 146.00 1.00 4.00 38.57
251.00 232.00 1.00 5.00 94.82
14.00 244.00 0.00 4.00 163.87
108.00 249.00 0.00 4.00 96.33
244.00 91.00 1.00 4.00 40.16
148.00 153.00 1.00 1.00 75.61
17.00 241.00 0.00 5.00 131.40
251.00 241.00 0.00 2.00 97.31
15.00 241.00 1.00 5.00 55.68
162.00 95.00 0.00 4.00 114.11
218.00 236.00 1.00 3.00 159.07
251.00 161.00 0.00 1.00 182.32
238.00 244.00 0.00 5.00 54.98
240.00 98.00 1.00 1.00 129.76
242.00 106.00 0.00 2.00 182.41
239.00 120.00 1.00 2.00 41.13
89.00 29.00 0.00 2.00 159.57
241.00 248.00 0.00 3.00 136.13
251.00 245.00 0.00 3.00 104.84
71.00 239.00 0.00 4.00 115.15
31.00 249.00 0.00 5.00 79.81
240.00 147.00 0.00 4.00 50.55
233.00 238.00 1.00 2.00 120.57
74.00 239.00 1.00 4.00 186.46
215.00 241.00 0.00 2.00 88.46
238.00 160.00 0.00 2.00 129.50
240.00 245.00 1.00 3.00 138.42
16.00 247.00 0.00 1.00 178.81
243.00 246.00 0.00 1.00 132.08
250.00 239.00 1.00 4.00 90.76
249.00 172.00 1.00 1.00 79.48
12.00 27.00 0.00 1.00 91.98
245.00 157.00 1.00 3.00 175.03
238.00 208.00 0.00 2.00 164.99
244.00 4.00 1.00 1.00 100.15
155.00 106.00 1.00 3.00 114.00
147.00 67.00 1.00 1.00 189.07
237.00 245.00 0.00 4.00 46.28
244.00 239.00 0.00 1.00 30.46
30.00 247.00 0.00 3.00 141.38
242.00 121.00 0.00 4.00 37.37
56.00 245.00 1.00 1.00 184.68
236.00 77.00 0.00 2.00 196.68
245.00 175.00 0.00 2.00 67.63
241.00 246.00 1.00 5.00 185.99
133.00 239.00 1.00 5.00 124.03
244.00 175.00 0.00 3.00 119.80
239.00 115.00 0.00 5.00 51.17
27.00 38.00 1.00 5.00 148.70
243.00 93.00 0.00 5.00 49.75
243.00 72.00 1.00 2.00 83.16
249.00 75.00 0.00 2.00 116.39
245.00 192.00 0.00 5.00 171.81
160.00 200.00 1.00 5.00 170.27
11.00 251.00 1.00 5.00 182.38
95.00 249.00 1.00 2.00 80.81
135.00 199.00 1.00 4.00 168.09
46.00 56.00 0.00 4.00 77.86
245.00 55.00 1.00 1.00 133.38
249.00 73.00 0.00 2.00 101.45
240.00 246.00 0.00 1.00 89.77
39.00 243.00 1.00 2.00 45.47
102.00 70.00 0.00 3.00 83.89
241.00 112.00 0.00 2.00 197.87
136.00 250.00 1.00 3.00 153.40
125.00 24.00 1.00 5.00 135.42
243.00 185.00 0.00 3.00 181.10
238.00 246.00 1.00 2.00 143.40
17.00 246.00 1.00 3.00 135.80
50.00 146.00 0.00 1.00 81.95
168.00 237.00 0.00 2.00 132.98
244.00 62.00 0.00 1.00 47.82
248.00 162.00 0.00 4.00 50.87
197.00 104.00 0.00 4.00 99.27
214.00 250.00 1.00 3.00 117.89
77.00 247.00 0.00 1.00 187.51
78.00 237.00 1.00 4.00 43.71
241.00 246.00 1.00 1.00 193.53
33.00 176.00 1.00 4.00 109.05
67.00 248.00 1.00 3.00 48.35
237.00 249.00 0.00 3.00 57.25
248.00 139.00 0.00 2.00 193.38
186.00 240.00 0.00 3.00 76.44
237.00 249.00 1.00 4.00 176.97
100.00 242.00 0.00 1.00 148.41
237.00 124.00 1.00 1.00 82.99
207.00 137.00 0.00 1.00 122.02
190.00 113.00 1.00 5.00 152.38
73.00 169.00 0.00 3.00 196.64
248.00 40.00 1.00 2.00 168.01
239.00 217.00 1.00 4.00 38.93
69.00 236.00 0.00 4.00 38.22
247.00 240.00 0.00 2.00 42.91
176.00 224.00 0.00 4.00 61.13
233.00 121.00 1.00 5.00 150.60
232.00 23.00 0.00 4.00 110.50
108.00 245.00 0.00 1.00 196.46
235.00 82.00 1.00 5.00 92.36
222.00 241.00 0.00 3.00 126.50
83.00 149.00 0.00 5.00 107.63
139.00 249.00 1.00 3.00 193.85
246.00 99.00 0.00 3.00 67.27
66.00 238.00 1.00 5.00 181.68
250.00 45.00 0.00 3.00 49.37
251.00 119.00 0.00 5.00 129.54
6.00 27.00 1.00 2.00 49.33
249.00 25.00 0.00 1.00 145.68
38.00 241.00 1.00 2.00 119.91
12.00 118.00 0.00 2.00 195.58
172.00 243.00 1.00 1.00 36.94
238.00 113.00 1.00 5.00 39.57
239.00 151.00 1.00 4.00 116.86
250.00 239.00 0.00 4.00 49.65
239.00 249.00 1.00 3.00 189.60
166.00 101.00 0.00 1.00 70.64
20.00 242.00 0.00 1.00 96.86
41.00 167.00 1.00 3.00 166.31
26.00 76.00 0.00 3.00 66.13
194.00 124.00 0.00 5.00 76.44
163.00 238.00 1.00 5.00 45.24
106.00 246.00 1.00 3.00 115.40
99.00 249.00 1.00 5.00 31.12
243.00 249.00 1.00 3.00 31.14
241.00 157.00 0.00 4.00 47.10
117.00 185.00 1.00 1.00 142.44
243.00 17.00 1.00 1.00 170.51
240.00 144.00 1.00 4.00 141.40
247.00 10.00 0.00 1.00 154.19
246.00 15.00 1.00 1.00 157.16
133.00 200.00 0.00 4.00 58.26
241.00 101.00 1.00 3.00 61.33
245.00 251.00 1.00 2.00 174.65
240.00 247.00 1.00 3.00 114.76
243.00 233.00 1.00 5.00 133.04
103.00 224.00 1.00 1.00 160.43
202.00 29.00 0.00 5.00 192.41
241.00 78.00 1.00 2.00 51.78
240.00 166.00 0.00 3.00 93.89
208.00 69.00 0.00 4.00 140.17
239.00 248.00 0.00 1.00 52.92
161.00 204.00 1.00 5.00 107.75
13.00 115.00 0.00 1.00 143.77
226.00 142.00 1.00 5.00 134.53
152.00 242.00 0.00 1.00 33.98
243.00 244.00 1.00 5.00 109.89
89.00 249.00 1.00 2.00 74.87
248.00 237.00 1.00 1.00 96.31
208.00 55.00 1.00 1.00 82.11
54.00 244.00 0.00 2.00 119.55
97.00 243.00 1.00 5.00 144.85
197.00 153.00 0.00 1.00 92.40
159.00 239.00 0.00 4.00 100.80
240.00 168.00 0.00 4.00 148.61
250.00 45.00 1.00 5.00 49.48
251.00 236.00 1.00 3.00 189.58
10.00 251.00 0.00 5.00 135.31
249.00 148.00 0.00 1.00 62.67
246.00 242.00 1.00 2.00 90.65
247.00 243.00 1.00 1.00 172.40
237.00 215.00 1.00 5.00 40.76
54.00 237.00 1.00 5.00 187.51
244.00 251.00 0.00 4.00 84.87
244.00 241.00 0.00 5.00 182.32
124.00 239.00 1.00 5.00 128.34
205.00 238.00 1.00 5.00 43.97
14.00 79.00 1.00 5.00 54.92
6.00 127.00 1.00 1.00 42.62
136.00 100.00 1.00 4.00 93.84
207.00 4.00 1.00 1.00 42.03
145.00 239.00 0.00 5.00 95.84
243.00 248.00 0.00 3.00 84.57
239.00 244.00 0.00 1.00 127.18
243.00 250.00 1.00 2.00 40.97
151.00 95.00 1.00 2.00 176.97
237.00 249.00 0.00 2.00 190.65
251.00 236.00 0.00 1.00 101.86
153.00 244.00 0.00 5.00 123.80
238.00 228.00 1.00 3.00 36.52
245.00 197.00 1.00 1.00 107.76
226.00 116.00 1.00 1.00 181.44
240.00 41.00 0.00 4.00 180.45
240.00 43.00 1.00 1.00 95.09
249.00 238.00 0.00 5.00 101.20
251.00 127.00 1.00 1.00 65.83
242.00 183.00 0.00 4.00 127.43
112.00 248.00 1.00 5.00 179.80
243.00 49.00 1.00 2.00 163.87
137.00 243.00 0.00 4.00 75.49
163.00 243.00 0.00 5.00 126.95
118.00 41.00 0.00 1.00 140.54
238.00 184.00 0.00 5.00 119.79
218.00 236.00 0.00 3.00 178.35
217.00 189.00 0.00 5.00 174.52
244.00 236.00 1.00 4.00 31.77
247.00 187.00 0.00 2.00 43.52
240.00 250.00 1.00 5.00 67.87
10.00 236.00 1.00 1.00 30.56
247.00 6.00 0.00 1.00 160.83
240.00 146.00 1.00 2.00 186.35
241.00 42.00 1.00 3.00 48.13
139.00 245.00 1.00 1.00 93.37
240.00 82.00 1.00 1.00 85.64
244.00 229.00 1.00 1.00 190.15
9.00 251.00 1.00 1.00 82.96
109.00 244.00 1.00 1.00 183.93
174.00 141.00 1.00 1.00 94.23
240.00 75.00 1.00 2.00 116.97
241.00 89.00 0.00 2.00 51.67
160.00 121.00 0.00 1.00 66.11
155.00 237.00 0.00 1.00 183.05
246.00 178.00 1.00 3.00 199.41
238.00 245.00 1.00 3.00 131.24
248.00 116.00 0.00 3.00 59.52
134.00 242.00 1.00 1.00 42.98
246.00 11.00 1.00 5.00 199.75
60.00 185.00 1.00 4.00 68.07
245.00 241.00 0.00 1.00 99.38
251.00 242.00 0.00 3.00 196.02
53.00 245.00 1.00 3.00 155.65
248.00 243.00 1.00 2.00 138.23
20.00 125.00 1.00 3.00 127.44
242.00 248.00 0.00 2.00 43.87
242.00 161.00 1.00 5.00 100.47
183.00 229.00 0.00 1.00 153.02
242.00 201.00 0.00 2.00 72.54
49.00 238.00 0.00 1.00 166.57
236.00 132.00 1.00 1.00 173.16
242.00 236.00 0.00 3.00 110.91
247.00 169.00 0.00 5.00 57.25
244.00 16.00 1.00 2.00 129.28
42.00 233.00 0.00 5.00 54.35
241.00 250.00 0.00 2.00 118.57
106.00 239.00 1.00 3.00 63.42
24.00 215.00 0.00 1.00 116.07
251.00 242.00 1.00 1.00 45.63
247.00 236.00 1.00 5.00 128.06
54.00 245.00 1.00 5.00 197.00
159.00 59.00 0.00 4.00 134.62
126.00 229.00 1.00 3.00 48.81
36.00 244.00 1.00 4.00 112.47
240.00 247.00 0.00 5.00 154.61
236.00 60.00 1.00 3.00 186.02
246.00 238.00 0.00 4.00 190.20
236.00 243.00 0.00 5.00 137.14
46.00 120.00 0.00 3.00 97.66
104.00 136.00 1.00 1.00 38.38
244.00 242.00 0.00 5.00 77.26
242.00 245.00 0.00 1.00 175.71
240.00 200.00 1.00 1.00 116.03
170.00 183.00 1.00 4.00 117.49
238.00 230.00 1.00 1.00 133.86
240.00 175.00 1.00 2.00 175.41
246.00 163.00 1.00 1.00 143.82
239.00 185.00 0.00 1.00 68.02
31.00 247.00 0.00 5.00 176.32
171.00 192.00 0.00 3.00 198.89
232.00 246.00 0.00 2.00 50.94
35.00 248.00 0.00 4.00 164.25
22.00 111.00 1.00 2.00 44.08
249.00 179.00 0.00 5.00 66.54
102.00 68.00 1.00 5.00 174.27
249.00 237.00 0.00 5.00 77.99
135.00 245.00 1.00 4.00 143.06
48.00 113.00 0.00 5.00 34.71
236.00 83.00 0.00 2.00 161.00
28.00 171.00 1.00 2.00 31.71
243.00 251.00 1.00 3.00 176.79
65.00 236.00 0.00 2.00 172.54
248.00 241.00 1.00 2.00 143.88
251.00 244.00 1.00 4.00 63.92
244.00 242.00 0.00 5.00 55.79
94.00 241.00 0.00 1.00 118.43
223.00 196.00 1.00 2.00 115.09
152.00 243.00 1.00 4.00 119.92
244.00 119.00 1.00 3.00 35.91
212.00 242.00 0.00 1.00 146.10
251.00 223.00 0.00 3.00 31.98
247.00 239.00 0.00 5.00 102.34
243.00 250.00 0.00 5.00 128.28
249.00 77.00 0.00 1.00 157.26
251.00 236.00 0.00 1.00 41.20
247.00 188.00 0.00 2.00 195.91
195.00 251.00 0.00 4.00 90.92
248.00 236.00 1.00 3.00 46.87
166.00 209.00 1.00 3.00 66.58
204.00 241.00 0.00 3.00 31.31
245.00 251.00 1.00 2.00 175.95
243.00 126.00 1.00 3.00 180.48
250.00 236.00 1.00 5.00 106.89
137.00 102.00 0.00 1.00 133.24
166.00 249.00 0.00 4.00 132.82
251.00 28.00 1.00 2.00 88.85
245.00 238.00 0.00 3.00 58.06
164.00 237.00 1.00 1.00 193.04
247.00 11.00 1.00 2.00 96.85
11.00 31.00 0.00 5.00 77.87
152.00 132.00 1.00 2.00 185.94
240.00 135.00 1.00 2.00 167.23
245.00 241.00 1.00 2.00 195.45
185.00 16.00 0.00 5.00 199.05
251.00 244.00 1.00 2.00 46.45
236.00 222.00 0.00 4.00 136.92
182.00 119.00 0.00 2.00 30.06
144.00 102.00 1.00 5.00 148.69
244.00 242.00 0.00 3.00 151.27
33.00 246.00 1.00 1.00 196.43
238.00 15.00 1.00 5.00 87.06
104.00 247.00 1.00 4.00 80.93
118.00 246.00 1.00 3.00 158.78
231.00 243.00 0.00 3.00 51.28
47.00 222.00 1.00 4.00 68.91
64.00 212.00 0.00 1.00 169.72
145.00 137.00 1.00 2.00 107.32
199.00 215.00 0.00 2.00 170.71
251.00 236.00 0.00 4.00 87.62
89.00 162.00 1.00 2.00 156.98
250.00 239.00 1.00 4.00 189.89
247.00 237.00 0.00 2.00 162.18
241.00 247.00 1.00 4.00 79.45
52.00 244.00 1.00 1.00 136.04
237.00 119.00 0.00 2.00 32.24
250.00 236.00 1.00 3.00 131.23
245.00 241.00 0.00 4.00 95.82
243.00 245.00 0.00 4.00 190.87
241.00 246.00 0.00 1.00 80.91
150.00 245.00 1.00 5.00 41.13
202.00 141.00 0.00 4.00 183.35
40.00 251.00 1.00 2.00 158.57
241.00 249.00 1.00 1.00 74.80
240.00 250.00 1.00 3.00 130.77
45.00 165.00 0.00 2.00 58.57
102.00 242.00 1.00 4.00 166.85
249.00 240.00 0.00 5.00 172.84
240.00 191.00 1.00 3.00 139.84
90.00 109.00 0.00 5.00 197.93
99.00 240.00 0.00 2.00 149.94
211.00 236.00 1.00 5.00 150.79
247.00 237.00 1.00 4.00 41.82
109.00 240.00 0.00 3.00 154.96
10.00 251.00 0.00 4.00 100.34
243.00 118.00 1.00 5.00 37.63
233.00 236.00 0.00 5.00 190.73
38.00 125.00 0.00 3.00 163.26
236.00 44.00 0.00 3.00 61.76
