214.00 245.00 1.00 4.00 59.10
214.00 243.00 0.00 5.00 102.04
48.00 250.00 1.00 5.00 168.76
163.00 139.00 1.00 1.00 104.77
241.00 214.00 1.00 5.00 123.62
244.00 226.00 1.00 2.00 117.05
243.00 22.00 1.00 4.00 70.98
215.00 241.00 1.00 3.00 31.73
180.00 32.00 0.00 4.00 193.31
21.00 242.00 1.00 1.00 158.45
243.00 233.00 1.00 4.00 195.41
25.00 69.00 1.00 2.00 97.64
167.00 134.00 1.00 4.00 105.65
150.00 47.00 0.00 3.00 112.59
230.00 248.00 1.00 5.00 88.24
49.00 239.00 1.00 3.00 195.43
121.00 243.00 1.00 2.00 35.48
245.00 251.00 1.00 3.00 67.88
250.00 133.00 1.00 4.00 47.47
39.00 248.00 1.00 5.00 103.76
237.00 115.00 0.00 3.00 82.90
250.00 101.00 0.00 1.00 40.18
186.00 15.00 0.00 4.00 65.18
104.00 239.00 0.00 4.00 144.76
7.00 244.00 0.00 1.00 181.66
239.00 6.00 0.00 5.00 89.84
249.00 135.00 1.00 5.00 77.05
214.00 130.00 0.00 4.00 30.07
108.00 53.00 1.00 4.00 130.27
122.00 36.00 0.00 4.00 53.00
16.00 182.00 1.00 4.00 44.55
240.00 115.00 0.00 3.00 134.03
143.00 251.00 0.00 3.00 158.37
245.00 66.00 0.00 5.00 115.41
240.00 44.00 0.00 1.00 157.40
189.00 232.00 0.00 5.00 40.85
250.00 241.00 1.00 4.00 36.45
243.00 76.00 1.00 5.00 199.61
49.00 241.00 0.00 2.00 165.95
162.00 14.00 0.00 4.00 48.60
227.00 12.00 1.00 5.00 80.96
239.00 142.00 1.00 1.00 169.76
246.00 7.00 1.00 1.00 78.31
241.00 9.00 0.00 3.00 138.22
246.00 198.00 1.00 1.00 130.73
239.00 171.00 1.00 3.00 195.74
242.00 219.00 0.00 4.00 133.05
242.00 123.00 0.00 5.00 132.74
171.00 23.00 1.00 5.00 199.16
55.00 236.00 1.00 2.00 95.31
155.00 248.00 0.00 5.00 37.21
230.00 251.00 1.00 5.00 83.30
176.00 173.00 0.00 3.00 102.68
240.00 245.00 1.00 2.00 36.65
15.00 236.00 1.00 2.00 66.67
236.00 248.00 1.00 3.00 145.04
239.00 53.00 0.00 5.00 82.30
212.00 240.00 0.00 2.00 43.81
212.00 124.00 0.00 4.00 45.98
211.00 241.00 0.00 3.00 159.48
248.00 240.00 0.00 4.00 184.25
240.00 246.00 1.00 2.00 84.29
251.00 192.00 1.00 3.00 40.42
249.00 239.00 1.00 2.00 67.32
242.00 144.00 1.00 5.00 168.45
190.00 244.00 1.00 5.00 135.97
56.00 242.00 0.00 1.00 57.87
100.00 41.00 0.00 2.00 140.75
237.00 42.00 1.00 5.00 157.36
241.00 250.00 1.00 2.00 89.12
84.00 246.00 1.00 5.00 78.79
33.00 78.00 1.00 5.00 130.39
126.00 99.00 0.00 2.00 171.17
248.00 236.00 0.00 3.00 166.34
247.00 238.00 0.00 3.00 69.88
29.00 108.00 0.00 1.00 194.46
239.00 121.00 1.00 1.00 186.30
78.00 93.00 0.00 2.00 68.20
239.00 251.00 0.00 4.00 136.02
24.00 246.00 1.00 3.00 150.86
241.00 249.00 1.00 3.00 31.61
76.00 161.00 0.00 5.00 89.96
238.00 133.00 0.00 4.00 143.39
250.00 237.00 0.00 4.00 170.74
170.00 239.00 1.00 2.00 90.60
249.00 106.00 1.00 3.00 71.17
250.00 238.00 0.00 3.00 183.07
237.00 247.00 1.00 1.00 191.76
240.00 245.00 1.00 4.00 62.00
236.00 84.00 0.00 4.00 101.22
242.00 110.00 0.00 2.00 69.54
243.00 244.00 0.00 2.00 176.91
146.00 56.00 1.00 1.00 144.44
245.00 19.00 1.00 2.00 103.36
249.00 239.00 1.00 3.00 67.52
148.00 205.00 0.00 4.00 87.05
202.00 241.00 1.00 2.00 84.97
236.00 200.00 1.00 2.00 68.78
226.00 158.00 0.00 2.00 72.51
189.00 237.00 1.00 2.00 155.38
227.00 239.00 0.00 2.00 70.12
33.00 89.00 0.00 5.00 71.94
249.00 71.00 1.00 5.00 186.41
160.00 250.00 0.00 3.00 110.83
171.00 241.00 0.00 5.00 153.79
236.00 228.00 0.00 4.00 37.81
1.00 236.00 1.00 4.00 62.70
237.00 248.00 0.00 2.00 181.86
15.00 185.00 1.00 1.00 71.41
236.00 168.00 1.00 2.00 91.69
239.00 246.00 1.00 3.00 63.33
130.00 247.00 1.00 5.00 165.87
247.00 238.00 0.00 3.00 120.15
30.00 48.00 1.00 2.00 153.28
245.00 251.00 1.00 3.00 109.29
170.00 243.00 0.00 3.00 191.31
236.00 21.00 1.00 3.00 134.08
3.00 189.00 0.00 4.00 180.49
238.00 231.00 1.00 2.00 56.25
241.00 249.00 0.00 3.00 124.74
48.00 247.00 1.00 4.00 165.51
224.00 240.00 0.00 3.00 138.37
247.00 241.00 1.00 1.00 112.14
241.00 92.00 0.00 1.00 111.63
115.00 228.00 0.00 1.00 138.71
244.00 250.00 1.00 5.00 99.28
249.00 176.00 0.00 3.00 164.55
243.00 244.00 0.00 3.00 141.16
240.00 19.00 1.00 2.00 172.87
228.00 242.00 0.00 5.00 57.79
247.00 237.00 0.00 3.00 59.29
106.00 248.00 1.00 3.00 77.48
215.00 14.00 0.00 5.00 34.68
0.00 55.00 1.00 3.00 143.40
237.00 248.00 0.00 3.00 98.58
181.00 201.00 1.00 5.00 35.05
250.00 239.00 0.00 1.00 126.28
132.00 183.00 1.00 2.00 134.18
74.00 248.00 0.00 4.00 113.64
143.00 92.00 0.00 1.00 133.32
245.00 242.00 0.00 3.00 144.36
238.00 194.00 1.00 5.00 148.62
239.00 110.00 1.00 3.00 143.54
140.00 127.00 0.00 5.00 97.43
166.00 37.00 0.00 4.00 65.96
248.00 239.00 0.00 4.00 118.77
62.00 224.00 1.00 5.00 170.55
238.00 250.00 1.00 4.00 173.87
79.00 236.00 0.00 1.00 129.41
209.00 241.00 1.00 1.00 141.04
202.00 97.00 0.00 3.00 100.10
236.00 247.00 0.00 1.00 170.38
250.00 242.00 1.00 2.00 40.42
166.00 248.00 1.00 1.00 50.94
103.00 238.00 1.00 5.00 114.61
249.00 241.00 0.00 4.00 178.90
236.00 249.00 0.00 2.00 170.82
169.00 250.00 1.00 3.00 142.24
249.00 237.00 1.00 1.00 140.36
221.00 135.00 1.00 5.00 31.52
181.00 95.00 1.00 1.00 41.70
247.00 240.00 1.00 5.00 156.21
239.00 5.00 1.00 3.00 54.70
136.00 162.00 1.00 2.00 101.32
248.00 238.00 0.00 3.00 82.93
19.00 4.00 0.00 4.00 117.22
237.00 149.00 0.00 3.00 126.78
180.00 239.00 1.00 2.00 73.53
239.00 246.00 1.00 5.00 83.25
248.00 21.00 0.00 3.00 178.16
238.00 248.00 1.00 3.00 138.90
52.00 94.00 0.00 4.00 134.15
19.00 247.00 1.00 3.00 103.23
242.00 57.00 1.00 3.00 82.73
70.00 155.00 0.00 1.00 91.45
244.00 190.00 0.00 2.00 92.75
221.00 241.00 1.00 2.00 198.83
67.00 240.00 0.00 4.00 121.11
246.00 239.00 0.00 1.00 126.96
247.00 243.00 1.00 3.00 102.85
65.00 176.00 0.00 2.00 77.01
19.00 188.00 1.00 4.00 190.85
251.00 238.00 1.00 3.00 80.62
177.00 151.00 0.00 1.00 140.50
241.00 246.00 1.00 5.00 180.53
238.00 71.00 1.00 1.00 72.71
240.00 245.00 1.00 3.00 134.66
176.00 241.00 1.00 3.00 193.51
15.00 241.00 1.00 2.00 50.44
240.00 249.00 0.00 4.00 193.95
243.00 236.00 0.00 2.00 186.14
136.00 14.00 0.00 1.00 118.10
247.00 79.00 0.00 2.00 77.29
95.00 170.00 0.00 2.00 77.91
239.00 251.00 1.00 4.00 81.11
243.00 249.00 0.00 1.00 181.72
37.00 247.00 1.00 1.00 139.13
247.00 236.00 0.00 4.00 126.29
25.00 247.00 0.00 3.00 142.62
78.00 246.00 1.00 4.00 196.15
251.00 218.00 1.00 2.00 62.59
169.00 222.00 1.00 3.00 51.45
123.00 242.00 0.00 1.00 56.34
244.00 237.00 0.00 5.00 161.93
126.00 225.00 0.00 2.00 61.05
243.00 49.00 0.00 3.00 149.81
43.00 237.00 0.00 2.00 139.79
239.00 147.00 0.00 3.00 125.77
226.00 159.00 1.00 3.00 142.25
136.00 242.00 1.00 5.00 191.01
250.00 236.00 1.00 3.00 117.08
249.00 160.00 1.00 1.00 124.54
238.00 232.00 1.00 5.00 122.07
175.00 250.00 0.00 1.00 156.18
222.00 69.00 1.00 2.00 46.55
240.00 246.00 1.00 2.00 73.26
248.00 237.00 1.00 4.00 161.20
244.00 202.00 1.00 4.00 176.91
240.00 247.00 1.00 3.00 113.46
199.00 251.00 1.00 1.00 195.53
243.00 247.00 0.00 3.00 47.62
238.00 165.00 0.00 4.00 128.22
237.00 245.00 1.00 4.00 125.07
248.00 15.00 0.00 5.00 123.61
250.00 69.00 0.00 1.00 73.98
152.00 207.00 0.00 1.00 32.41
251.00 236.00 0.00 5.00 30.35
238.00 250.00 1.00 1.00 164.79
192.00 246.00 0.00 3.00 107.85
239.00 248.00 0.00 2.00 76.55
49.00 129.00 1.00 5.00 108.65
174.00 88.00 0.00 3.00 195.88
5.00 249.00 1.00 2.00 133.06
227.00 178.00 1.00 5.00 49.14
202.00 53.00 1.00 3.00 131.96
137.00 239.00 1.00 2.00 127.47
47.00 70.00 1.00 4.00 169.83
245.00 242.00 0.00 4.00 185.03
242.00 33.00 0.00 1.00 45.83
251.00 34.00 0.00 1.00 42.45
250.00 73.00 0.00 5.00 166.48
238.00 251.00 1.00 1.00 187.30
82.00 251.00 1.00 5.00 131.68
245.00 198.00 1.00 3.00 104.23
53.00 198.00 0.00 3.00 49.21
248.00 107.00 0.00 1.00 119.13
141.00 12.00 0.00 4.00 75.22
242.00 249.00 0.00 3.00 155.46
89.00 32.00 1.00 2.00 190.30
50.00 23.00 1.00 3.00 173.61
45.00 250.00 1.00 5.00 129.53
236.00 113.00 1.00 1.00 142.87
239.00 251.00 0.00 4.00 46.26
240.00 40.00 1.00 2.00 83.65
117.00 39.00 0.00 1.00 100.92
35.00 23.00 0.00 3.00 81.49
249.00 184.00 1.00 1.00 114.67
236.00 247.00 1.00 2.00 181.17
138.00 135.00 1.00 5.00 89.41
238.00 248.00 1.00 2.00 143.47
7.00 244.00 1.00 2.00 52.22
73.00 237.00 1.00 3.00 54.42
238.00 244.00 0.00 3.00 100.25
168.00 241.00 0.00 3.00 116.53
237.00 246.00 0.00 5.00 105.97
246.00 176.00 0.00 3.00 166.27
13.00 88.00 0.00 5.00 65.85
246.00 243.00 0.00 5.00 117.72
56.00 242.00 1.00 1.00 175.23
248.00 241.00 0.00 5.00 170.24
117.00 141.00 1.00 5.00 65.12
144.00 236.00 1.00 1.00 167.12
81.00 94.00 1.00 2.00 124.25
237.00 228.00 1.00 1.00 75.79
251.00 38.00 1.00 2.00 122.17
71.00 60.00 0.00 4.00 191.88
249.00 240.00 0.00 5.00 40.88
112.00 240.00 1.00 5.00 132.64
244.00 241.00 1.00 2.00 162.05
52.00 247.00 1.00 1.00 81.29
220.00 135.00 0.00 3.00 150.61
55.00 241.00 0.00 3.00 60.49
138.00 243.00 0.00 5.00 92.81
251.00 241.00 0.00 4.00 164.71
89.00 168.00 0.00 2.00 84.24
13.00 81.00 1.00 5.00 80.57
70.00 236.00 0.00 1.00 154.89
191.00 239.00 0.00 5.00 161.24
250.00 80.00 0.00 2.00 142.03
244.00 227.00 0.00 2.00 69.60
238.00 110.00 0.00 3.00 131.85
246.00 239.00 1.00 3.00 159.91
48.00 241.00 0.00 4.00 50.38
248.00 238.00 1.00 3.00 76.91
206.00 236.00 0.00 4.00 89.34
251.00 241.00 0.00 4.00 42.56
244.00 240.00 1.00 1.00 89.82
236.00 248.00 0.00 5.00 55.80
193.00 99.00 0.00 2.00 191.26
201.00 249.00 0.00 2.00 163.59
107.00 247.00 1.00 4.00 98.66
236.00 251.00 1.00 4.00 114.95
237.00 21.00 0.00 4.00 112.98
34.00 246.00 1.00 5.00 63.41
238.00 147.00 0.00 2.00 48.89
245.00 240.00 1.00 5.00 102.05
251.00 172.00 1.00 3.00 165.16
243.00 247.00 1.00 3.00 160.86
117.00 211.00 0.00 1.00 165.40
37.00 249.00 0.00 5.00 137.25
244.00 171.00 1.00 3.00 176.30
20.00 247.00 0.00 5.00 145.19
150.00 161.00 0.00 5.00 114.46
241.00 249.00 1.00 3.00 182.39
248.00 239.00 0.00 3.00 172.77
234.00 165.00 0.00 2.00 143.91
245.00 240.00 1.00 5.00 39.39
241.00 251.00 0.00 5.00 75.69
244.00 172.00 0.00 3.00 135.93
249.00 122.00 1.00 2.00 40.85
151.00 244.00 0.00 2.00 83.90
156.00 236.00 0.00 3.00 143.56
240.00 251.00 1.00 5.00 58.10
46.00 247.00 0.00 5.00 179.12
239.00 206.00 0.00 2.00 128.12
235.00 80.00 1.00 5.00 101.02
99.00 200.00 0.00 2.00 84.32
241.00 247.00 0.00 4.00 33.63
79.00 128.00 0.00 1.00 96.24
242.00 244.00 0.00 1.00 126.98
238.00 219.00 1.00 5.00 154.85
27.00 223.00 1.00 1.00 66.17
129.00 211.00 1.00 4.00 193.71
245.00 237.00 0.00 5.00 173.20
240.00 108.00 0.00 1.00 196.20
246.00 206.00 0.00 4.00 177.56
23.00 242.00 1.00 5.00 138.62
37.00 248.00 1.00 1.00 90.66
251.00 6.00 1.00 4.00 185.51
19.00 244.00 1.00 1.00 127.51
241.00 157.00 0.00 3.00 155.29
244.00 240.00 1.00 3.00 71.12
81.00 230.00 1.00 3.00 136.96
240.00 15.00 1.00 5.00 184.16
242.00 81.00 1.00 4.00 144.00
249.00 241.00 0.00 3.00 74.88
241.00 244.00 0.00 3.00 44.54
242.00 17.00 0.00 3.00 161.53
247.00 236.00 1.00 1.00 131.28
167.00 74.00 0.00 1.00 196.51
251.00 96.00 0.00 2.00 193.02
246.00 239.00 0.00 4.00 109.76
247.00 243.00 1.00 1.00 50.71
194.00 53.00 0.00 3.00 151.54
141.00 184.00 0.00 5.00 193.94
244.00 237.00 1.00 4.00 138.36
147.00 127.00 1.00 4.00 61.28
52.00 247.00 0.00 4.00 177.33
241.00 228.00 1.00 4.00 126.31
198.00 71.00 0.00 3.00 129.09
237.00 245.00 0.00 4.00 114.74
102.00 161.00 1.00 2.00 110.58
76.00 223.00 1.00 4.00 58.45
243.00 236.00 0.00 4.00 157.66
82.00 239.00 0.00 1.00 113.70
210.00 100.00 0.00 2.00 31.45
247.00 241.00 1.00 3.00 174.39
44.00 220.00 1.00 1.00 114.44
188.00 206.00 1.00 5.00 176.73
154.00 247.00 1.00 1.00 132.93
39.00 238.00 0.00 5.00 195.89
240.00 178.00 0.00 2.00 197.92
243.00 250.00 0.00 2.00 110.64
65.00 172.00 0.00 3.00 34.36
247.00 243.00 0.00 3.00 156.68
239.00 251.00 1.00 4.00 105.53
237.00 214.00 0.00 2.00 78.65
242.00 15.00 0.00 1.00 133.74
186.00 242.00 0.00 4.00 164.81
236.00 223.00 1.00 5.00 85.23
41.00 169.00 1.00 2.00 39.47
246.00 236.00 1.00 1.00 124.17
244.00 44.00 1.00 5.00 149.93
169.00 248.00 1.00 2.00 107.52
194.00 243.00 0.00 5.00 32.53
244.00 5.00 1.00 2.00 102.75
96.00 244.00 0.00 2.00 192.90
118.00 249.00 0.00 5.00 116.75
116.00 245.00 0.00 4.00 174.09
84.00 124.00 0.00 5.00 182.48
251.00 241.00 1.00 5.00 174.90
136.00 248.00 0.00 2.00 182.14
251.00 76.00 1.00 2.00 66.38
197.00 179.00 1.00 5.00 195.25
131.00 73.00 1.00 1.00 176.97
236.00 243.00 0.00 4.00 161.32
189.00 239.00 1.00 4.00 149.47
123.00 242.00 0.00 2.00 33.00
120.00 250.00 0.00 1.00 53.10
123.00 5.00 1.00 3.00 178.90
99.00 179.00 1.00 5.00 107.15
223.00 75.00 1.00 5.00 155.17
249.00 241.00 0.00 2.00 122.14
162.00 94.00 0.00 2.00 168.70
242.00 248.00 0.00 5.00 63.22
193.00 148.00 1.00 2.00 108.77
239.00 234.00 1.00 4.00 123.38
134.00 239.00 1.00 5.00 105.10
239.00 246.00 1.00 1.00 90.98
120.00 239.00 0.00 3.00 156.82
95.00 249.00 0.00 3.00 60.23
27.00 195.00 0.00 1.00 142.17
10.00 245.00 1.00 4.00 37.79
236.00 203.00 1.00 1.00 149.31
72.00 119.00 1.00 5.00 114.31
251.00 245.00 1.00 4.00 47.33
141.00 244.00 1.00 3.00 86.56
237.00 243.00 0.00 1.00 65.09
153.00 12.00 1.00 1.00 84.97
175.00 96.00 1.00 5.00 34.13
245.00 226.00 1.00 4.00 31.47
109.00 100.00 1.00 1.00 81.36
250.00 187.00 1.00 5.00 142.60
69.00 239.00 1.00 1.00 133.90
242.00 247.00 0.00 1.00 154.02
82.00 159.00 0.00 5.00 127.93
242.00 250.00 1.00 1.00 136.49
85.00 232.00 1.00 5.00 60.60
236.00 46.00 0.00 5.00 138.94
242.00 247.00 0.00 3.00 167.01
201.00 251.00 0.00 1.00 162.24
106.00 197.00 1.00 4.00 133.77
238.00 245.00 0.00 3.00 87.67
240.00 6.00 1.00 1.00 93.88
104.00 199.00 1.00 5.00 158.11
242.00 71.00 1.00 1.00 172.11
246.00 239.00 0.00 5.00 122.40
172.00 245.00 0.00 1.00 124.46
167.00 179.00 1.00 3.00 165.53
236.00 70.00 0.00 3.00 197.53
250.00 240.00 0.00 5.00 113.84
191.00 251.00 1.00 5.00 183.58
2.00 126.00 1.00 1.00 60.08
248.00 237.00 0.00 3.00 130.00
43.00 251.00 1.00 3.00 131.74
245.00 71.00 1.00 4.00 172.99
250.00 238.00 1.00 4.00 120.55
236.00 135.00 1.00 4.00 100.55
251.00 222.00 0.00 3.00 110.41
251.00 83.00 0.00 3.00 75.15
126.00 240.00 1.00 5.00 163.14
248.00 128.00 0.00 5.00 140.49
232.00 249.00 1.00 3.00 162.04
243.00 233.00 0.00 3.00 152.82
250.00 173.00 0.00 1.00 166.33
248.00 223.00 1.00 5.00 91.29
164.00 248.00 0.00 1.00 60.43
153.00 193.00 0.00 3.00 76.36
243.00 201.00 1.00 3.00 167.25
28.00 227.00 1.00 3.00 85.52
239.00 135.00 1.00 2.00 127.42
69.00 236.00 0.00 2.00 91.36
83.00 238.00 0.00 4.00 172.64
251.00 241.00 0.00 1.00 85.00
94.00 247.00 0.00 3.00 106.75
115.00 67.00 1.00 3.00 157.78
191.00 248.00 1.00 1.00 63.59
147.00 20.00 0.00 4.00 59.22
75.00 113.00 0.00 3.00 122.22
237.00 247.00 0.00 3.00 119.00
237.00 160.00 0.00 1.00 93.03
165.00 249.00 0.00 2.00 193.87
37.00 247.00 0.00 3.00 46.32
13.00 236.00 1.00 3.00 55.84
240.00 49.00 0.00 3.00 158.84
240.00 249.00 1.00 1.00 176.03
244.00 87.00 0.00 4.00 62.62
237.00 244.00 1.00 3.00 115.04
246.00 138.00 1.00 5.00 168.56
244.00 74.00 0.00 3.00 175.82
247.00 24.00 0.00 5.00 62.86
11.00 234.00 0.00 4.00 177.52
251.00 226.00 0.00 3.00 162.85
245.00 88.00 1.00 5.00 122.61
216.00 19.00 0.00 3.00 115.94
238.00 68.00 1.00 3.00 126.30
247.00 236.00 1.00 1.00 93.86
208.00 132.00 0.00 5.00 98.32
193.00 217.00 1.00 5.00 196.47
241.00 43.00 1.00 4.00 50.11
250.00 114.00 0.00 3.00 185.02
98.00 216.00 1.00 5.00 176.54
150.00 251.00 1.00 5.00 149.95
241.00 247.00 1.00 2.00 33.28
248.00 57.00 0.00 5.00 145.84
178.00 133.00 1.00 2.00 47.29
157.00 78.00 1.00 1.00 161.99
35.00 102.00 1.00 2.00 129.81
239.00 89.00 0.00 2.00 146.53
234.00 163.00 0.00 4.00 150.59
228.00 0.00 0.00 4.00 114.63
32.00 229.00 1.00 3.00 177.97
236.00 248.00 0.00 5.00 88.25
194.00 50.00 0.00 5.00 35.57
206.00 245.00 1.00 1.00 158.57
62.00 78.00 0.00 2.00 45.54
244.00 250.00 1.00 5.00 69.36
66.00 214.00 1.00 4.00 43.35
236.00 251.00 0.00 4.00 77.92
246.00 238.00 0.00 1.00 147.76
247.00 155.00 1.00 4.00 162.75
241.00 245.00 0.00 1.00 67.20
237.00 140.00 1.00 3.00 173.67
251.00 63.00 1.00 3.00 196.06
166.00 72.00 0.00 3.00 100.01
244.00 214.00 0.00 1.00 77.05
35.00 243.00 1.00 5.00 149.91
243.00 246.00 1.00 3.00 169.98
247.00 237.00 1.00 2.00 131.03
20.00 247.00 0.00 2.00 124.66
115.00 240.00 0.00 2.00 51.49
26.00 188.00 0.00 3.00 102.45
192.00 237.00 0.00 4.00 47.64
152.00 248.00 1.00 1.00 101.64
56.00 104.00 0.00 3.00 60.40
247.00 243.00 1.00 3.00 159.89
11.00 233.00 0.00 4.00 51.42
18.00 161.00 0.00 1.00 184.50
241.00 5.00 0.00 5.00 183.24
241.00 248.00 1.00 5.00 118.76
47.00 247.00 0.00 2.00 36.76
59.00 250.00 0.00 2.00 79.80
246.00 90.00 0.00 2.00 112.09
11.00 188.00 0.00 1.00 82.39
222.00 40.00 0.00 1.00 55.36
30.00 199.00 0.00 5.00 162.93
236.00 137.00 0.00 1.00 131.70
250.00 244.00 1.00 4.00 147.21
248.00 0.00 1.00 3.00 148.52
58.00 248.00 1.00 1.00 152.52
249.00 239.00 0.00 3.00 168.91
244.00 237.00 1.00 3.00 144.67
238.00 251.00 0.00 3.00 52.94
242.00 247.00 1.00 2.00 67.88
142.00 133.00 0.00 4.00 155.27
241.00 244.00 0.00 2.00 178.39
243.00 177.00 0.00 5.00 179.05
245.00 182.00 1.00 4.00 125.94
105.00 20.00 1.00 2.00 109.76
231.00 68.00 1.00 3.00 105.09
238.00 122.00 0.00 1.00 132.87
242.00 10.00 1.00 3.00 74.71
242.00 236.00 1.00 3.00 183.92
239.00 246.00 0.00 5.00 180.28
250.00 14.00 0.00 1.00 118.21
241.00 124.00 1.00 3.00 91.01
239.00 247.00 0.00 5.00 129.90
249.00 176.00 1.00 2.00 152.88
246.00 89.00 1.00 4.00 112.75
183.00 61.00 1.00 3.00 166.03
47.00 246.00 0.00 3.00 182.45
188.00 251.00 0.00 4.00 147.43
62.00 245.00 1.00 3.00 134.46
179.00 241.00 1.00 2.00 183.36
242.00 250.00 1.00 3.00 198.07
218.00 41.00 0.00 3.00 70.03
62.00 166.00 1.00 5.00 107.32
239.00 198.00 1.00 3.00 146.76
238.00 251.00 1.00 1.00 62.77
144.00 246.00 0.00 1.00 161.05
242.00 156.00 0.00 3.00 190.74
22.00 219.00 1.00 5.00 48.69
242.00 81.00 1.00 3.00 52.84
118.00 239.00 1.00 2.00 54.40
244.00 243.00 0.00 2.00 40.37
149.00 241.00 0.00 2.00 158.41
241.00 179.00 1.00 3.00 179.27
250.00 243.00 1.00 4.00 71.57
250.00 242.00 0.00 1.00 60.20
143.00 243.00 0.00 2.00 169.66
142.00 243.00 1.00 4.00 185.94
59.00 175.00 1.00 1.00 39.01
154.00 251.00 0.00 1.00 153.64
165.00 64.00 1.00 2.00 193.64
17.00 244.00 1.00 4.00 123.04
242.00 236.00 0.00 2.00 110.34
247.00 239.00 0.00 3.00 44.99
236.00 242.00 1.00 4.00 110.73
246.00 238.00 0.00 1.00 162.79
203.00 240.00 0.00 3.00 46.95
20.00 32.00 0.00 5.00 117.30
247.00 238.00 0.00 5.00 166.70
204.00 247.00 0.00 1.00 75.98
215.00 137.00 0.00 1.00 119.37
218.00 240.00 0.00 5.00 30.08
128.00 199.00 0.00 3.00 177.54
240.00 247.00 1.00 4.00 33.66
241.00 181.00 1.00 5.00 49.76
153.00 243.00 1.00 4.00 40.02
247.00 70.00 1.00 4.00 143.57
244.00 238.00 0.00 4.00 125.20
245.00 243.00 1.00 3.00 166.10
28.00 62.00 0.00 1.00 59.62
236.00 251.00 0.00 4.00 112.09
14.00 99.00 0.00 3.00 50.95
249.00 78.00 1.00 4.00 191.41
227.00 48.00 0.00 5.00 49.14
246.00 145.00 1.00 3.00 105.21
242.00 107.00 1.00 3.00 122.88
225.00 237.00 0.00 5.00 138.10
162.00 251.00 0.00 1.00 123.08
246.00 241.00 0.00 2.00 161.84
61.00 242.00 0.00 2.00 158.04
247.00 242.00 0.00 4.00 84.05
192.00 241.00 0.00 4.00 82.12
171.00 247.00 0.00 2.00 111.38
125.00 251.00 1.00 5.00 46.45
21.00 74.00 1.00 1.00 92.92
251.00 239.00 0.00 2.00 112.97
46.00 238.00 0.00 1.00 34.81
22.00 156.00 1.00 5.00 143.60
251.00 108.00 0.00 4.00 46.07
127.00 248.00 1.00 1.00 136.74
55.00 156.00 1.00 5.00 51.68
240.00 245.00 1.00 2.00 77.04
190.00 246.00 0.00 4.00 142.62
237.00 160.00 0.00 4.00 80.01
22.00 89.00 1.00 3.00 56.12
250.00 25.00 0.00 4.00 95.14
246.00 241.00 0.00 3.00 40.37
245.00 148.00 0.00 2.00 137.17
112.00 194.00 0.00 2.00 149.05
238.00 185.00 0.00 5.00 71.91
224.00 24.00 1.00 1.00 60.45
36.00 237.00 1.00 3.00 190.53
45.00 155.00 1.00 2.00 33.89
240.00 15.00 1.00 5.00 120.57
242.00 93.00 1.00 2.00 198.11
246.00 236.00 1.00 4.00 128.54
151.00 243.00 1.00 2.00 193.66
237.00 244.00 0.00 4.00 75.37
246.00 18.00 0.00 3.00 102.86
251.00 243.00 0.00 5.00 193.37
245.00 242.00 0.00 4.00 122.76
242.00 166.00 0.00 3.00 172.45
154.00 181.00 1.00 2.00 106.17
19.00 241.00 0.00 2.00 128.48
151.00 50.00 1.00 5.00 44.15
249.00 241.00 0.00 1.00 60.80
239.00 247.00 0.00 5.00 89.60
244.00 68.00 1.00 4.00 140.84
61.00 84.00 1.00 4.00 191.46
239.00 53.00 0.00 4.00 157.10
50.00 251.00 0.00 5.00 174.59
243.00 194.00 0.00 1.00 129.37
249.00 242.00 0.00 1.00 169.53
238.00 249.00 1.00 5.00 181.76
25.00 244.00 0.00 2.00 187.69
236.00 100.00 0.00 4.00 76.31
176.00 205.00 1.00 5.00 186.17
23.00 36.00 0.00 5.00 90.41
241.00 245.00 1.00 3.00 183.21
37.00 251.00 1.00 3.00 31.85
11.00 196.00 0.00 1.00 39.90
121.00 153.00 1.00 1.00 86.38
84.00 102.00 0.00 3.00 76.88
246.00 237.00 1.00 2.00 156.70
43.00 140.00 0.00 3.00 133.71
237.00 245.00 0.00 1.00 194.89
246.00 57.00 1.00 1.00 183.22
246.00 243.00 1.00 1.00 114.96
246.00 239.00 1.00 3.00 145.08
69.00 242.00 1.00 5.00 163.90
236.00 242.00 0.00 4.00 100.74
236.00 243.00 0.00 4.00 168.92
248.00 243.00 1.00 4.00 80.58
174.00 208.00 0.00 2.00 160.37
227.00 236.00 0.00 1.00 52.05
161.00 234.00 0.00 1.00 77.80
162.00 182.00 0.00 2.00 31.25
249.00 240.00 0.00 4.00 77.64
53.00 249.00 1.00 5.00 116.85
248.00 46.00 1.00 3.00 56.68
250.00 239.00 1.00 3.00 57.64
251.00 124.00 0.00 2.00 108.62
110.00 236.00 1.00 1.00 141.91
74.00 241.00 1.00 2.00 101.45
240.00 160.00 0.00 2.00 183.12
10.00 32.00 0.00 3.00 162.45
250.00 243.00 1.00 4.00 47.84
164.00 39.00 1.00 1.00 83.08
239.00 249.00 1.00 2.00 31.73
102.00 241.00 0.00 4.00 134.02
248.00 66.00 0.00 2.00 50.68
251.00 207.00 0.00 4.00 46.69
167.00 69.00 1.00 2.00 175.03
33.00 84.00 0.00 1.00 184.41
243.00 236.00 0.00 4.00 69.40
101.00 148.00 1.00 1.00 33.77
245.00 125.00 0.00 5.00 179.79
123.00 4.00 0.00 3.00 197.57
244.00 250.00 0.00 3.00 59.47
251.00 240.00 0.00 5.00 117.13
243.00 246.00 0.00 3.00 80.75
244.00 197.00 1.00 2.00 72.94
198.00 240.00 0.00 3.00 193.81
186.00 71.00 0.00 2.00 181.92
102.00 4.00 0.00 3.00 124.97
245.00 236.00 0.00 1.00 69.91
231.00 245.00 0.00 1.00 146.19
144.00 249.00 0.00 3.00 55.40
247.00 92.00 0.00 3.00 144.18
233.00 251.00 0.00 2.00 141.01
191.00 15.00 0.00 3.00 94.35
96.00 14.00 1.00 2.00 120.93
237.00 249.00 0.00 5.00 43.56
245.00 236.00 0.00 1.00 61.39
239.00 139.00 1.00 1.00 58.81
43.00 242.00 0.00 3.00 181.33
103.00 247.00 0.00 2.00 152.06
250.00 236.00 1.00 3.00 56.19
170.00 48.00 0.00 3.00 143.20
250.00 141.00 1.00 4.00 132.84
36.00 233.00 1.00 2.00 131.89
241.00 245.00 0.00 2.00 40.88
234.00 82.00 1.00 5.00 39.65
245.00 11.00 1.00 2.00 180.01
36.00 236.00 1.00 4.00 113.56
184.00 242.00 0.00 2.00 41.79
5.00 167.00 0.00 2.00 107.99
60.00 128.00 1.00 3.00 161.20
238.00 137.00 0.00 5.00 84.81
117.00 97.00 1.00 2.00 49.04
44.00 242.00 1.00 4.00 168.26
226.00 241.00 0.00 3.00 191.78
92.00 133.00 0.00 1.00 165.79
241.00 161.00 0.00 5.00 177.01
124.00 241.00 1.00 5.00 183.31
246.00 237.00 1.00 1.00 51.47
237.00 246.00 0.00 3.00 73.70
248.00 237.00 0.00 5.00 77.75
187.00 242.00 1.00 5.00 43.63
248.00 182.00 0.00 5.00 65.53
87.00 127.00 1.00 2.00 67.08
237.00 245.00 0.00 2.00 162.05
250.00 59.00 1.00 1.00 32.73
249.00 142.00 1.00 4.00 84.15
150.00 244.00 1.00 4.00 199.18
243.00 120.00 1.00 3.00 107.07
250.00 236.00 0.00 1.00 106.45
250.00 221.00 1.00 4.00 131.96
236.00 244.00 1.00 5.00 183.63
199.00 106.00 1.00 3.00 151.62
248.00 174.00 1.00 3.00 38.58
249.00 164.00 1.00 4.00 60.24
72.00 4.00 1.00 3.00 74.22
248.00 67.00 0.00 3.00 132.12
237.00 199.00 1.00 5.00 119.24
241.00 54.00 0.00 1.00 91.96
46.00 237.00 0.00 1.00 65.92
246.00 238.00 1.00 3.00 133.00
242.00 58.00 1.00 2.00 82.50
55.00 142.00 0.00 2.00 191.21
164.00 248.00 0.00 3.00 181.88
237.00 199.00 0.00 4.00 86.44
247.00 28.00 1.00 5.00 144.44
248.00 240.00 1.00 1.00 80.77
246.00 243.00 0.00 3.00 31.30
242.00 250.00 1.00 5.00 179.48
241.00 59.00 0.00 4.00 153.59
124.00 38.00 0.00 3.00 146.80
15.00 225.00 0.00 4.00 86.50
248.00 40.00 0.00 4.00 128.99
173.00 73.00 1.00 5.00 83.02
242.00 244.00 1.00 1.00 107.82
242.00 248.00 0.00 3.00 127.77
248.00 103.00 0.00 4.00 88.22
236.00 1.00 0.00 2.00 164.16
236.00 250.00 0.00 4.00 170.39
243.00 250.00 1.00 5.00 183.89
237.00 226.00 0.00 4.00 116.52
246.00 241.00 0.00 3.00 58.05
191.00 237.00 1.00 2.00 151.56
239.00 147.00 1.00 3.00 82.43
243.00 177.00 1.00 4.00 40.86
245.00 106.00 0.00 4.00 47.26
239.00 251.00 0.00 2.00 172.13
166.00 116.00 0.00 5.00 75.38
248.00 171.00 1.00 2.00 141.87
184.00 160.00 0.00 2.00 169.52
238.00 247.00 0.00 5.00 122.93
50.00 247.00 1.00 1.00 77.93
251.00 244.00 0.00 5.00 184.00
240.00 19.00 1.00 5.00 131.62
244.00 240.00 0.00 4.00 196.12
248.00 25.00 0.00 3.00 176.79
250.00 241.00 0.00 1.00 126.21
245.00 236.00 1.00 2.00 132.90
248.00 236.00 1.00 4.00 81.10
238.00 93.00 0.00 1.00 74.42
58.00 100.00 1.00 4.00 176.40
241.00 249.00 1.00 3.00 36.89
234.00 251.00 0.00 4.00 35.84
241.00 249.00 1.00 4.00 88.50
241.00 249.00 0.00 2.00 48.97
10.00 240.00 0.00 4.00 74.53
249.00 90.00 0.00 2.00 150.12
197.00 248.00 1.00 1.00 131.61
101.00 236.00 0.00 3.00 48.33
243.00 251.00 0.00 2.00 36.77
238.00 234.00 1.00 3.00 70.52
19.00 158.00 0.00 4.00 125.68
152.00 70.00 0.00 1.00 171.91
236.00 67.00 0.00 4.00 52.31
155.00 3.00 1.00 5.00 86.30
85.00 247.00 1.00 5.00 37.48
106.00 157.00 0.00 3.00 139.26
31.00 59.00 0.00 1.00 143.58
149.00 18.00 1.00 3.00 149.31
97.00 33.00 1.00 2.00 37.23
245.00 237.00 1.00 2.00 172.05
239.00 161.00 1.00 3.00 136.61
9.00 243.00 1.00 5.00 152.39
243.00 84.00 0.00 5.00 178.42
245.00 108.00 1.00 4.00 131.11
239.00 199.00 1.00 2.00 150.93
211.00 239.00 1.00 4.00 148.98
99.00 179.00 0.00 2.00 61.97
243.00 244.00 0.00 4.00 42.52
99.00 16.00 1.00 5.00 173.62
84.00 241.00 1.00 5.00 32.76
238.00 250.00 0.00 5.00 190.21
110.00 35.00 0.00 4.00 34.38
6.00 223.00 1.00 3.00 114.00
246.00 227.00 1.00 2.00 119.69
208.00 168.00 0.00 4.00 128.10
247.00 237.00 1.00 4.00 87.93
247.00 67.00 0.00 2.00 51.12
163.00 242.00 1.00 3.00 71.35
96.00 237.00 1.00 4.00 111.53
221.00 186.00 0.00 2.00 85.85
244.00 250.00 1.00 4.00 153.25
240.00 250.00 1.00 1.00 196.66
237.00 243.00 0.00 5.00 187.52
245.00 242.00 1.00 2.00 185.95
171.00 197.00 1.00 4.00 95.67
250.00 107.00 0.00 1.00 160.52
246.00 86.00 0.00 2.00 196.10
236.00 232.00 1.00 5.00 125.21
238.00 196.00 1.00 4.00 182.59
248.00 150.00 0.00 5.00 48.00
141.00 109.00 0.00 3.00 138.81
237.00 192.00 1.00 5.00 190.07
30.00 192.00 0.00 4.00 125.98
144.00 247.00 1.00 1.00 142.79
98.00 243.00 1.00 1.00 101.70
246.00 240.00 1.00 3.00 95.89
237.00 247.00 0.00 1.00 156.15
251.00 238.00 0.00 1.00 98.94
238.00 244.00 0.00 2.00 170.19
244.00 190.00 0.00 2.00 164.64
247.00 242.00 0.00 5.00 56.86
247.00 243.00 0.00 2.00 30.78
89.00 243.00 1.00 2.00 100.02
247.00 241.00 1.00 5.00 97.80
159.00 236.00 0.00 3.00 52.66
246.00 1.00 0.00 1.00 127.95
151.00 236.00 1.00 4.00 106.64
242.00 112.00 0.00 3.00 86.92
3.00 219.00 1.00 5.00 40.66
250.00 236.00 0.00 3.00 37.21
34.00 176.00 0.00 2.00 146.48
248.00 38.00 0.00 5.00 182.28
242.00 18.00 0.00 2.00 133.63
30.00 223.00 0.00 3.00 82.36
177.00 238.00 0.00 5.00 197.17
91.00 240.00 0.00 1.00 179.67
244.00 241.00 0.00 4.00 93.07
105.00 176.00 1.00 3.00 154.78
237.00 194.00 0.00 4.00 52.98
240.00 171.00 1.00 2.00 147.17
210.00 202.00 1.00 5.00 50.14
246.00 86.00 0.00 1.00 53.56
159.00 245.00 1.00 3.00 50.66
155.00 79.00 0.00 4.00 60.71
249.00 241.00 1.00 3.00 102.36
138.00 65.00 1.00 1.00 145.88
240.00 247.00 0.00 3.00 91.76
1.00 246.00 0.00 5.00 187.29
225.00 244.00 0.00 1.00 195.32
83.00 62.00 0.00 5.00 102.09
240.00 245.00 1.00 1.00 102.79
250.00 210.00 1.00 2.00 166.24
247.00 27.00 0.00 4.00 124.81
251.00 230.00 1.00 5.00 143.30
223.00 242.00 1.00 2.00 67.98
244.00 240.00 0.00 1.00 109.29
236.00 173.00 0.00 4.00 81.85
83.00 238.00 1.00 1.00 197.35
244.00 108.00 1.00 5.00 31.99
