160.00 241.00 0.00 3.00 83.81
202.00 30.00 0.00 5.00 178.11
162.00 129.00 0.00 2.00 66.59
251.00 240.00 1.00 5.00 146.50
85.00 157.00 1.00 4.00 120.97
241.00 246.00 1.00 5.00 151.21
240.00 248.00 0.00 4.00 129.99
108.00 100.00 1.00 4.00 90.55
240.00 248.00 1.00 3.00 150.49
236.00 54.00 1.00 1.00 118.69
151.00 49.00 0.00 2.00 112.07
13.00 239.00 1.00 3.00 142.16
243.00 37.00 1.00 5.00 196.40
203.00 90.00 0.00 5.00 107.88
205.00 32.00 0.00 4.00 195.79
216.00 208.00 1.00 3.00 63.93
129.00 11.00 1.00 5.00 57.89
251.00 245.00 1.00 1.00 143.68
249.00 95.00 0.00 3.00 103.82
58.00 211.00 1.00 4.00 162.76
247.00 223.00 1.00 3.00 42.45
244.00 237.00 0.00 2.00 56.28
131.00 54.00 0.00 1.00 70.76
184.00 248.00 0.00 5.00 130.91
224.00 243.00 1.00 2.00 86.34
250.00 237.00 0.00 5.00 81.57
244.00 237.00 0.00 1.00 86.28
244.00 122.00 0.00 4.00 138.09
238.00 214.00 0.00 2.00 175.72
237.00 245.00 1.00 4.00 152.19
244.00 243.00 1.00 5.00 63.98
225.00 239.00 0.00 1.00 174.87
249.00 236.00 0.00 2.00 169.96
245.00 183.00 0.00 4.00 119.27
236.00 156.00 1.00 2.00 102.64
192.00 230.00 1.00 2.00 50.93
21.00 250.00 0.00 5.00 41.57
244.00 239.00 0.00 2.00 83.52
97.00 232.00 1.00 2.00 91.13
108.00 245.00 0.00 3.00 119.86
236.00 245.00 0.00 5.00 189.40
61.00 246.00 1.00 1.00 195.96
240.00 249.00 1.00 3.00 110.57
171.00 250.00 1.00 3.00 44.20
114.00 248.00 1.00 3.00 151.86
250.00 12.00 1.00 5.00 133.33
110.00 80.00 0.00 4.00 132.10
250.00 169.00 1.00 3.00 183.29
240.00 69.00 0.00 2.00 72.33
242.00 156.00 0.00 2.00 169.06
246.00 176.00 0.00 4.00 154.16
246.00 24.00 0.00 5.00 185.96
236.00 242.00 1.00 3.00 80.47
245.00 239.00 0.00 2.00 32.69
238.00 251.00 1.00 3.00 177.04
192.00 30.00 0.00 3.00 117.52
230.00 243.00 1.00 1.00 151.49
212.00 241.00 0.00 1.00 117.53
120.00 246.00 0.00 5.00 33.68
1.00 236.00 0.00 4.00 49.17
198.00 236.00 1.00 2.00 66.92
226.00 192.00 1.00 1.00 89.28
205.00 243.00 0.00 3.00 179.93
237.00 243.00 0.00 2.00 60.13
223.00 239.00 1.00 5.00 93.50
47.00 123.00 1.00 2.00 131.11
59.00 244.00 0.00 5.00 125.02
238.00 192.00 1.00 5.00 57.23
61.00 175.00 0.00 3.00 46.54
31.00 61.00 0.00 4.00 61.05
38.00 79.00 0.00 3.00 81.49
140.00 227.00 0.00 4.00 132.12
246.00 242.00 0.00 3.00 74.01
251.00 33.00 0.00 5.00 188.38
251.00 240.00 0.00 4.00 31.75
244.00 242.00 0.00 3.00 43.16
251.00 237.00 0.00 4.00 119.93
22.00 177.00 0.00 3.00 118.28
124.00 240.00 1.00 3.00 76.09
239.00 209.00 0.00 1.00 185.65
244.00 251.00 1.00 4.00 199.74
23.00 248.00 0.00 4.00 81.82
209.00 111.00 1.00 2.00 85.31
92.00 240.00 0.00 5.00 46.64
61.00 159.00 1.00 2.00 94.54
121.00 242.00 1.00 2.00 118.00
61.00 78.00 0.00 3.00 72.43
249.00 238.00 0.00 1.00 198.30
75.00 251.00 0.00 1.00 37.25
126.00 236.00 0.00 3.00 131.72
241.00 15.00 1.00 2.00 126.15
245.00 238.00 0.00 2.00 66.10
248.00 238.00 0.00 4.00 117.52
240.00 124.00 1.00 1.00 50.08
247.00 238.00 0.00 4.00 199.06
238.00 147.00 1.00 2.00 141.79
242.00 251.00 0.00 3.00 58.09
115.00 29.00 0.00 4.00 91.01
243.00 104.00 0.00 5.00 197.05
27.00 229.00 0.00 3.00 73.48
247.00 240.00 0.00 3.00 190.07
210.00 158.00 0.00 5.00 111.71
251.00 241.00 0.00 3.00 112.47
183.00 241.00 0.00 5.00 195.76
243.00 171.00 1.00 2.00 118.82
246.00 5.00 0.00 4.00 39.18
243.00 55.00 1.00 5.00 193.45
246.00 208.00 0.00 3.00 189.82
49.00 251.00 0.00 4.00 139.80
39.00 80.00 0.00 1.00 128.88
152.00 174.00 1.00 5.00 79.77
246.00 231.00 1.00 3.00 81.98
52.00 237.00 1.00 5.00 174.18
248.00 88.00 1.00 5.00 141.93
250.00 207.00 1.00 1.00 116.31
46.00 237.00 1.00 3.00 30.82
247.00 111.00 0.00 3.00 91.30
241.00 58.00 1.00 2.00 103.91
110.00 89.00 0.00 3.00 195.98
243.00 4.00 0.00 3.00 82.69
119.00 111.00 0.00 5.00 125.91
243.00 141.00 0.00 2.00 108.12
9.00 106.00 0.00 5.00 105.78
240.00 139.00 1.00 1.00 82.92
247.00 241.00 1.00 5.00 187.07
240.00 247.00 0.00 2.00 90.18
91.00 41.00 1.00 5.00 121.44
178.00 249.00 1.00 3.00 152.91
67.00 240.00 1.00 3.00 36.85
219.00 6.00 0.00 1.00 100.70
156.00 245.00 1.00 3.00 41.06
114.00 244.00 1.00 2.00 183.10
159.00 190.00 0.00 3.00 194.86
243.00 250.00 1.00 3.00 147.89
43.00 237.00 0.00 5.00 87.16
236.00 7.00 0.00 5.00 104.10
108.00 214.00 1.00 4.00 67.62
239.00 249.00 0.00 3.00 32.88
242.00 246.00 0.00 3.00 109.80
73.00 105.00 1.00 1.00 107.96
250.00 243.00 0.00 5.00 123.74
241.00 142.00 0.00 2.00 166.81
33.00 251.00 0.00 4.00 156.76
237.00 63.00 0.00 3.00 54.05
17.00 250.00 1.00 3.00 147.70
250.00 141.00 1.00 2.00 82.71
47.00 244.00 0.00 2.00 167.77
249.00 239.00 1.00 4.00 93.90
10.00 250.00 0.00 5.00 195.68
244.00 23.00 0.00 2.00 89.75
251.00 175.00 1.00 4.00 145.94
251.00 149.00 1.00 4.00 53.98
243.00 28.00 0.00 2.00 186.60
163.00 93.00 1.00 5.00 141.56
93.00 248.00 1.00 4.00 147.44
249.00 236.00 1.00 2.00 30.82
241.00 67.00 1.00 3.00 158.78
155.00 146.00 1.00 4.00 74.00
249.00 200.00 0.00 4.00 74.02
232.00 246.00 0.00 5.00 90.34
245.00 238.00 0.00 2.00 124.50
238.00 246.00 1.00 3.00 53.50
209.00 66.00 0.00 1.00 106.76
92.00 76.00 1.00 2.00 32.96
244.00 241.00 1.00 2.00 57.20
100.00 237.00 1.00 3.00 120.66
232.00 207.00 1.00 4.00 96.78
105.00 237.00 1.00 5.00 160.13
246.00 239.00 0.00 2.00 105.78
245.00 251.00 0.00 2.00 81.97
243.00 250.00 1.00 2.00 92.97
251.00 245.00 1.00 2.00 186.97
150.00 244.00 0.00 1.00 40.03
250.00 241.00 1.00 1.00 57.06
236.00 103.00 0.00 1.00 186.57
209.00 243.00 0.00 2.00 126.94
121.00 220.00 1.00 1.00 77.85
249.00 14.00 1.00 4.00 44.10
122.00 238.00 0.00 1.00 170.82
250.00 240.00 1.00 5.00 168.60
213.00 165.00 1.00 3.00 156.87
120.00 250.00 0.00 4.00 63.70
1.00 186.00 0.00 3.00 162.38
121.00 161.00 0.00 2.00 133.89
244.00 237.00 0.00 4.00 139.81
247.00 240.00 0.00 5.00 176.70
245.00 239.00 0.00 4.00 76.37
236.00 247.00 0.00 2.00 88.35
239.00 2.00 0.00 1.00 67.86
240.00 183.00 0.00 1.00 134.79
245.00 242.00 1.00 2.00 168.03
238.00 247.00 0.00 4.00 163.96
51.00 237.00 0.00 5.00 185.78
52.00 243.00 0.00 4.00 158.08
145.00 246.00 0.00 2.00 149.42
83.00 244.00 0.00 4.00 56.09
249.00 238.00 0.00 3.00 179.21
243.00 247.00 0.00 3.00 154.47
222.00 25.00 1.00 2.00 96.37
244.00 251.00 0.00 1.00 66.74
244.00 241.00 0.00 4.00 193.70
237.00 251.00 1.00 5.00 120.89
248.00 148.00 0.00 4.00 52.65
237.00 246.00 1.00 2.00 189.14
93.00 240.00 1.00 4.00 56.72
98.00 177.00 0.00 2.00 57.75
16.00 134.00 1.00 3.00 46.88
251.00 52.00 0.00 2.00 194.67
245.00 241.00 0.00 4.00 130.99
250.00 169.00 0.00 2.00 74.58
243.00 234.00 1.00 5.00 91.80
244.00 240.00 1.00 5.00 113.02
66.00 105.00 0.00 1.00 170.44
126.00 243.00 0.00 3.00 128.35
236.00 50.00 1.00 1.00 168.12
238.00 248.00 1.00 4.00 65.49
248.00 238.00 1.00 3.00 166.27
244.00 50.00 1.00 4.00 90.53
6.00 245.00 0.00 5.00 42.72
250.00 124.00 1.00 5.00 197.31
241.00 152.00 0.00 1.00 166.76
241.00 250.00 1.00 3.00 114.05
183.00 221.00 1.00 4.00 40.40
244.00 163.00 1.00 4.00 156.20
247.00 243.00 0.00 1.00 119.88
238.00 251.00 1.00 2.00 128.61
202.00 75.00 0.00 2.00 185.49
11.00 171.00 1.00 3.00 131.25
221.00 159.00 1.00 5.00 57.22
240.00 13.00 0.00 1.00 195.61
218.00 69.00 1.00 3.00 106.02
249.00 53.00 0.00 5.00 168.69
249.00 239.00 1.00 1.00 107.52
156.00 169.00 1.00 1.00 125.75
145.00 169.00 1.00 4.00 33.55
236.00 189.00 0.00 5.00 92.15
120.00 44.00 0.00 2.00 154.52
208.00 76.00 1.00 2.00 159.86
244.00 250.00 0.00 4.00 117.54
245.00 243.00 1.00 4.00 51.39
219.00 26.00 1.00 4.00 49.85
73.00 245.00 0.00 1.00 138.61
240.00 250.00 0.00 4.00 95.56
243.00 247.00 1.00 1.00 63.27
245.00 85.00 0.00 5.00 181.66
107.00 241.00 1.00 5.00 161.69
243.00 154.00 0.00 4.00 174.67
178.00 246.00 1.00 4.00 188.83
57.00 239.00 0.00 3.00 169.64
244.00 143.00 1.00 5.00 51.17
241.00 249.00 1.00 4.00 141.15
38.00 50.00 1.00 1.00 121.34
249.00 241.00 1.00 4.00 91.77
242.00 250.00 1.00 5.00 123.62
39.00 156.00 0.00 3.00 46.11
70.00 222.00 0.00 3.00 156.25
112.00 26.00 0.00 3.00 58.93
122.00 240.00 1.00 5.00 43.66
65.00 139.00 1.00 3.00 52.11
234.00 238.00 0.00 5.00 47.46
239.00 1.00 0.00 3.00 78.29
248.00 31.00 1.00 4.00 175.66
220.00 240.00 0.00 1.00 129.02
249.00 240.00 0.00 5.00 150.51
209.00 247.00 0.00 4.00 89.62
241.00 225.00 0.00 4.00 172.31
167.00 236.00 0.00 5.00 51.21
177.00 135.00 0.00 3.00 178.52
237.00 106.00 1.00 5.00 197.23
11.00 31.00 1.00 4.00 135.18
230.00 247.00 1.00 3.00 70.27
246.00 241.00 1.00 5.00 195.32
45.00 217.00 0.00 1.00 66.40
165.00 248.00 1.00 4.00 165.41
246.00 61.00 1.00 3.00 63.96
243.00 223.00 1.00 4.00 145.36
243.00 116.00 0.00 2.00 79.96
157.00 249.00 1.00 1.00 137.53
112.00 244.00 1.00 2.00 123.63
10.00 231.00 1.00 5.00 172.59
245.00 156.00 0.00 4.00 73.02
237.00 104.00 0.00 4.00 71.11
71.00 250.00 0.00 3.00 35.63
177.00 245.00 0.00 5.00 155.20
244.00 204.00 1.00 3.00 94.67
23.00 247.00 1.00 3.00 95.35
240.00 244.00 0.00 3.00 72.34
155.00 34.00 0.00 4.00 110.96
249.00 237.00 1.00 2.00 149.20
100.00 209.00 1.00 2.00 67.56
74.00 205.00 1.00 3.00 45.31
182.00 77.00 1.00 5.00 169.49
247.00 86.00 1.00 5.00 66.79
236.00 12.00 1.00 2.00 75.92
101.00 31.00 0.00 4.00 131.52
5.00 237.00 0.00 3.00 144.56
251.00 236.00 1.00 2.00 116.38
245.00 163.00 1.00 1.00 32.38
86.00 223.00 0.00 5.00 97.84
154.00 237.00 0.00 3.00 89.85
66.00 191.00 0.00 1.00 87.33
147.00 244.00 1.00 4.00 161.16
250.00 241.00 1.00 2.00 155.14
240.00 59.00 0.00 1.00 117.03
162.00 76.00 0.00 3.00 59.42
58.00 238.00 0.00 4.00 42.78
245.00 19.00 1.00 2.00 161.78
247.00 158.00 0.00 1.00 180.18
251.00 11.00 1.00 4.00 81.61
236.00 71.00 0.00 1.00 162.87
20.00 81.00 0.00 1.00 198.07
19.00 242.00 1.00 2.00 63.78
89.00 245.00 1.00 2.00 156.83
77.00 52.00 0.00 5.00 194.94
194.00 251.00 1.00 4.00 196.84
149.00 159.00 0.00 4.00 142.98
96.00 188.00 1.00 5.00 199.65
236.00 45.00 0.00 2.00 167.73
241.00 251.00 0.00 3.00 145.89
244.00 60.00 1.00 1.00 195.10
249.00 64.00 1.00 3.00 38.21
11.00 108.00 1.00 2.00 61.12
243.00 22.00 0.00 2.00 176.75
239.00 5.00 0.00 3.00 85.77
243.00 103.00 0.00 1.00 49.54
137.00 246.00 0.00 5.00 178.14
33.00 69.00 1.00 4.00 144.40
141.00 197.00 1.00 2.00 64.70
100.00 248.00 1.00 4.00 65.07
155.00 238.00 0.00 5.00 171.21
248.00 13.00 1.00 3.00 175.75
245.00 243.00 1.00 2.00 192.77
56.00 241.00 1.00 3.00 120.83
235.00 188.00 1.00 1.00 49.20
105.00 88.00 1.00 4.00 161.34
133.00 37.00 1.00 4.00 113.86
148.00 242.00 0.00 2.00 138.80
251.00 242.00 0.00 1.00 129.34
75.00 247.00 0.00 4.00 180.61
54.00 244.00 0.00 2.00 143.64
181.00 248.00 0.00 1.00 43.66
245.00 251.00 1.00 2.00 57.16
250.00 118.00 1.00 5.00 79.09
220.00 241.00 1.00 1.00 36.92
247.00 243.00 1.00 2.00 136.25
14.00 52.00 0.00 5.00 44.25
245.00 242.00 0.00 2.00 199.68
62.00 242.00 0.00 2.00 193.41
52.00 238.00 1.00 5.00 197.36
251.00 40.00 0.00 1.00 152.70
241.00 248.00 0.00 3.00 43.98
247.00 240.00 0.00 3.00 152.23
91.00 6.00 0.00 5.00 45.59
246.00 242.00 1.00 5.00 106.99
241.00 196.00 0.00 1.00 185.19
66.00 88.00 1.00 5.00 170.93
236.00 249.00 1.00 5.00 166.41
244.00 23.00 1.00 1.00 103.44
234.00 145.00 1.00 4.00 40.42
87.00 221.00 1.00 1.00 91.84
70.00 18.00 0.00 3.00 121.12
164.00 120.00 1.00 1.00 81.33
251.00 244.00 0.00 1.00 53.16
250.00 109.00 1.00 1.00 136.77
245.00 240.00 1.00 4.00 47.00
155.00 244.00 1.00 3.00 32.51
177.00 238.00 1.00 1.00 190.18
172.00 211.00 1.00 3.00 160.82
251.00 203.00 1.00 2.00 93.64
240.00 195.00 1.00 2.00 155.78
117.00 238.00 1.00 5.00 195.24
195.00 121.00 1.00 4.00 102.38
250.00 160.00 0.00 5.00 117.01
181.00 243.00 1.00 4.00 166.53
245.00 75.00 1.00 3.00 197.72
15.00 62.00 1.00 1.00 157.96
242.00 1.00 0.00 4.00 83.84
243.00 248.00 1.00 1.00 91.94
243.00 247.00 1.00 2.00 187.65
245.00 237.00 0.00 2.00 54.43
251.00 243.00 1.00 3.00 73.66
240.00 99.00 0.00 1.00 110.64
118.00 245.00 1.00 3.00 112.01
215.00 239.00 0.00 3.00 61.22
16.00 75.00 1.00 1.00 147.80
242.00 246.00 0.00 4.00 36.21
251.00 236.00 1.00 3.00 94.74
55.00 38.00 0.00 5.00 128.88
217.00 238.00 1.00 5.00 103.86
197.00 238.00 0.00 3.00 122.95
134.00 236.00 0.00 4.00 35.29
101.00 241.00 0.00 2.00 92.70
249.00 240.00 1.00 3.00 109.38
96.00 236.00 1.00 1.00 72.50
35.00 32.00 1.00 2.00 83.05
246.00 89.00 1.00 3.00 39.47
150.00 245.00 0.00 4.00 187.85
238.00 6.00 0.00 1.00 76.38
8.00 248.00 0.00 4.00 92.47
247.00 14.00 0.00 3.00 183.81
247.00 213.00 0.00 1.00 71.74
151.00 204.00 1.00 4.00 36.12
58.00 244.00 0.00 4.00 119.17
194.00 245.00 0.00 2.00 161.02
236.00 244.00 1.00 4.00 107.34
251.00 105.00 1.00 1.00 171.90
91.00 11.00 1.00 3.00 127.13
246.00 145.00 0.00 3.00 146.98
156.00 246.00 0.00 1.00 94.72
143.00 46.00 0.00 2.00 86.68
251.00 236.00 1.00 3.00 61.58
82.00 54.00 1.00 1.00 175.39
196.00 242.00 1.00 5.00 37.70
137.00 249.00 0.00 1.00 104.90
250.00 239.00 1.00 1.00 164.76
237.00 121.00 1.00 3.00 127.62
114.00 246.00 1.00 2.00 138.56
250.00 238.00 1.00 3.00 52.60
49.00 236.00 0.00 5.00 44.89
241.00 188.00 1.00 3.00 90.85
4.00 21.00 1.00 2.00 72.67
55.00 79.00 0.00 3.00 145.66
245.00 232.00 0.00 4.00 197.41
113.00 120.00 0.00 4.00 151.02
243.00 249.00 0.00 1.00 30.36
250.00 243.00 1.00 1.00 176.56
240.00 189.00 1.00 3.00 183.15
236.00 134.00 0.00 3.00 40.83
243.00 117.00 0.00 3.00 143.77
245.00 243.00 0.00 3.00 42.17
250.00 106.00 1.00 2.00 149.82
211.00 93.00 0.00 5.00 48.43
90.00 204.00 0.00 1.00 80.33
251.00 158.00 1.00 5.00 175.62
244.00 251.00 0.00 2.00 183.50
249.00 239.00 1.00 1.00 116.56
78.00 33.00 0.00 4.00 122.39
245.00 239.00 1.00 1.00 170.46
237.00 246.00 0.00 1.00 104.94
72.00 249.00 1.00 2.00 65.31
238.00 250.00 0.00 5.00 68.99
246.00 240.00 1.00 2.00 91.98
222.00 51.00 1.00 1.00 89.57
241.00 246.00 1.00 4.00 68.87
30.00 105.00 0.00 4.00 36.32
127.00 84.00 0.00 4.00 63.75
71.00 106.00 1.00 1.00 37.60
197.00 205.00 0.00 4.00 185.85
187.00 214.00 1.00 4.00 44.35
240.00 249.00 0.00 4.00 83.09
240.00 233.00 0.00 2.00 32.32
217.00 241.00 0.00 4.00 191.79
247.00 243.00 0.00 5.00 180.13
213.00 246.00 1.00 3.00 183.05
96.00 241.00 1.00 4.00 157.22
245.00 240.00 1.00 5.00 43.45
236.00 251.00 1.00 4.00 123.87
236.00 105.00 0.00 2.00 99.35
245.00 240.00 1.00 5.00 59.37
220.00 94.00 0.00 4.00 49.91
22.00 247.00 1.00 4.00 36.35
243.00 249.00 0.00 1.00 85.10
242.00 168.00 0.00 4.00 54.03
240.00 245.00 1.00 3.00 100.36
215.00 250.00 1.00 1.00 50.76
163.00 239.00 1.00 2.00 176.75
129.00 19.00 0.00 2.00 179.50
239.00 194.00 1.00 1.00 139.22
246.00 16.00 1.00 2.00 43.48
201.00 251.00 0.00 5.00 182.13
240.00 244.00 1.00 2.00 161.63
194.00 181.00 0.00 4.00 101.29
207.00 127.00 0.00 2.00 47.93
251.00 237.00 0.00 5.00 176.51
43.00 240.00 0.00 2.00 89.96
98.00 13.00 0.00 5.00 69.41
157.00 238.00 1.00 1.00 135.18
241.00 251.00 1.00 1.00 128.55
251.00 242.00 0.00 4.00 133.62
238.00 177.00 0.00 3.00 60.81
237.00 249.00 0.00 2.00 128.69
141.00 40.00 1.00 4.00 173.28
109.00 47.00 1.00 3.00 60.45
239.00 245.00 0.00 5.00 58.90
237.00 247.00 1.00 3.00 86.49
242.00 138.00 1.00 3.00 46.58
73.00 239.00 0.00 4.00 57.23
38.00 198.00 0.00 1.00 175.97
22.00 248.00 1.00 4.00 86.14
243.00 237.00 0.00 1.00 69.48
136.00 36.00 1.00 1.00 44.10
132.00 184.00 0.00 2.00 170.34
237.00 251.00 1.00 2.00 122.27
250.00 181.00 1.00 2.00 36.39
251.00 243.00 1.00 3.00 95.96
217.00 249.00 1.00 5.00 128.93
14.00 248.00 0.00 3.00 151.10
198.00 239.00 0.00 3.00 73.03
119.00 250.00 0.00 3.00 177.31
246.00 194.00 0.00 3.00 53.05
151.00 241.00 1.00 5.00 196.00
75.00 244.00 0.00 5.00 169.07
243.00 228.00 1.00 1.00 133.65
243.00 247.00 1.00 1.00 97.12
56.00 247.00 0.00 2.00 30.36
244.00 251.00 1.00 4.00 165.72
240.00 249.00 0.00 1.00 120.16
239.00 13.00 1.00 4.00 117.37
248.00 243.00 0.00 2.00 71.57
142.00 251.00 1.00 4.00 180.97
243.00 249.00 1.00 2.00 78.39
114.00 186.00 0.00 3.00 176.25
102.00 158.00 0.00 1.00 76.61
31.00 245.00 1.00 5.00 134.65
152.00 240.00 0.00 1.00 63.43
248.00 217.00 0.00 4.00 196.75
238.00 248.00 1.00 3.00 140.44
238.00 43.00 0.00 3.00 91.16
236.00 242.00 1.00 5.00 61.88
64.00 103.00 0.00 4.00 198.59
251.00 222.00 0.00 3.00 50.75
250.00 240.00 1.00 5.00 117.06
171.00 198.00 0.00 1.00 57.54
67.00 241.00 0.00 1.00 103.43
248.00 241.00 0.00 1.00 169.12
159.00 242.00 0.00 2.00 60.81
246.00 241.00 0.00 5.00 189.57
120.00 185.00 0.00 1.00 54.90
239.00 249.00 1.00 4.00 167.38
247.00 238.00 0.00 3.00 82.74
240.00 154.00 0.00 5.00 120.75
251.00 61.00 0.00 3.00 95.31
238.00 213.00 1.00 1.00 102.52
238.00 198.00 0.00 3.00 95.87
238.00 249.00 0.00 4.00 96.23
57.00 76.00 0.00 3.00 53.20
240.00 106.00 1.00 1.00 80.90
208.00 1.00 1.00 1.00 161.94
128.00 250.00 1.00 1.00 96.68
162.00 64.00 0.00 5.00 34.97
248.00 154.00 0.00 2.00 63.80
41.00 250.00 0.00 5.00 151.96
251.00 100.00 1.00 5.00 149.33
245.00 243.00 0.00 3.00 162.52
241.00 246.00 0.00 1.00 42.42
74.00 96.00 0.00 2.00 36.28
162.00 239.00 0.00 1.00 104.30
161.00 117.00 1.00 4.00 66.01
59.00 244.00 1.00 3.00 121.39
167.00 11.00 1.00 5.00 165.64
240.00 131.00 1.00 3.00 90.35
242.00 236.00 0.00 2.00 133.81
81.00 23.00 1.00 3.00 86.14
100.00 149.00 1.00 1.00 162.40
134.00 25.00 0.00 3.00 34.05
241.00 250.00 0.00 3.00 133.80
129.00 238.00 0.00 2.00 96.11
248.00 15.00 0.00 5.00 145.08
15.00 239.00 0.00 4.00 54.97
85.00 244.00 0.00 5.00 50.65
137.00 242.00 1.00 3.00 182.97
246.00 239.00 0.00 5.00 51.98
245.00 237.00 0.00 3.00 144.76
110.00 242.00 0.00 2.00 180.94
246.00 38.00 1.00 1.00 47.83
246.00 169.00 1.00 4.00 157.45
244.00 56.00 1.00 5.00 144.99
34.00 243.00 0.00 3.00 186.35
249.00 236.00 1.00 4.00 150.37
241.00 167.00 1.00 2.00 40.64
222.00 53.00 1.00 3.00 112.26
246.00 237.00 0.00 1.00 146.08
133.00 244.00 0.00 5.00 77.74
21.00 244.00 1.00 3.00 30.56
238.00 248.00 1.00 4.00 62.33
15.00 246.00 0.00 2.00 43.89
128.00 251.00 0.00 2.00 83.72
243.00 217.00 1.00 3.00 73.48
247.00 174.00 1.00 2.00 174.12
244.00 236.00 1.00 5.00 97.59
137.00 240.00 0.00 5.00 178.76
251.00 238.00 0.00 1.00 89.46
239.00 250.00 0.00 2.00 91.02
241.00 78.00 0.00 3.00 33.62
168.00 127.00 1.00 5.00 140.71
39.00 116.00 0.00 5.00 179.68
4.00 176.00 1.00 1.00 174.23
122.00 239.00 0.00 3.00 72.00
251.00 242.00 0.00 5.00 71.34
240.00 78.00 0.00 4.00 193.43
164.00 245.00 0.00 3.00 192.32
204.00 236.00 0.00 4.00 54.97
247.00 236.00 0.00 2.00 86.90
63.00 28.00 0.00 3.00 95.36
164.00 251.00 1.00 2.00 40.22
183.00 117.00 1.00 4.00 142.56
74.00 247.00 0.00 1.00 72.37
239.00 248.00 1.00 5.00 182.69
183.00 245.00 1.00 1.00 55.59
90.00 236.00 1.00 2.00 61.72
196.00 242.00 0.00 3.00 173.49
31.00 144.00 1.00 1.00 30.04
242.00 201.00 0.00 5.00 42.79
248.00 236.00 1.00 2.00 93.62
242.00 249.00 1.00 4.00 45.81
214.00 248.00 0.00 1.00 111.38
244.00 113.00 1.00 5.00 158.42
244.00 1.00 0.00 4.00 66.37
241.00 251.00 1.00 2.00 125.86
240.00 251.00 0.00 5.00 89.03
243.00 221.00 0.00 2.00 164.02
251.00 243.00 1.00 4.00 168.09
15.00 70.00 1.00 1.00 117.42
197.00 249.00 1.00 1.00 99.04
41.00 246.00 1.00 2.00 144.41
243.00 107.00 1.00 1.00 80.28
245.00 208.00 0.00 5.00 105.23
245.00 240.00 0.00 5.00 159.76
119.00 5.00 0.00 5.00 182.76
45.00 236.00 0.00 3.00 73.65
246.00 194.00 1.00 5.00 194.50
207.00 243.00 0.00 2.00 116.82
30.00 145.00 0.00 5.00 89.05
247.00 118.00 1.00 5.00 192.21
155.00 248.00 1.00 3.00 60.00
251.00 15.00 0.00 5.00 106.18
246.00 186.00 1.00 3.00 137.28
248.00 238.00 1.00 2.00 132.08
121.00 239.00 1.00 2.00 175.42
244.00 237.00 0.00 2.00 153.33
40.00 239.00 0.00 2.00 129.88
3.00 214.00 0.00 5.00 136.19
156.00 195.00 0.00 2.00 38.54
112.00 31.00 0.00 1.00 196.32
238.00 2.00 1.00 3.00 52.14
43.00 249.00 1.00 1.00 154.19
250.00 238.00 0.00 5.00 94.74
241.00 84.00 0.00 5.00 99.01
69.00 4.00 1.00 4.00 159.15
245.00 243.00 1.00 3.00 143.07
238.00 145.00 0.00 4.00 88.04
248.00 96.00 1.00 3.00 75.18
236.00 131.00 1.00 4.00 106.94
238.00 247.00 1.00 2.00 150.78
46.00 86.00 0.00 3.00 196.47
158.00 21.00 0.00 4.00 42.79
237.00 247.00 0.00 3.00 74.72
239.00 129.00 1.00 1.00 65.48
156.00 82.00 0.00 5.00 74.47
240.00 213.00 0.00 3.00 47.05
238.00 97.00 0.00 2.00 95.36
59.00 239.00 1.00 5.00 54.02
240.00 114.00 0.00 2.00 113.22
248.00 240.00 0.00 2.00 159.10
244.00 71.00 1.00 5.00 45.37
167.00 237.00 0.00 5.00 166.31
247.00 243.00 1.00 5.00 61.58
246.00 34.00 0.00 1.00 57.66
184.00 137.00 1.00 2.00 197.99
70.00 241.00 0.00 4.00 95.19
211.00 239.00 1.00 3.00 116.78
35.00 169.00 0.00 2.00 119.68
129.00 36.00 1.00 3.00 128.40
240.00 249.00 0.00 1.00 173.24
45.00 93.00 1.00 4.00 36.36
248.00 3.00 0.00 4.00 192.62
239.00 2.00 1.00 1.00 136.66
70.00 240.00 0.00 2.00 187.01
239.00 244.00 0.00 1.00 103.11
5.00 245.00 0.00 3.00 129.23
213.00 27.00 1.00 5.00 71.02
183.00 239.00 1.00 2.00 102.83
250.00 243.00 0.00 2.00 89.17
242.00 149.00 0.00 5.00 195.89
242.00 248.00 0.00 3.00 198.79
168.00 246.00 0.00 4.00 156.94
250.00 44.00 1.00 3.00 192.64
16.00 173.00 0.00 2.00 37.23
148.00 121.00 0.00 2.00 52.90
250.00 243.00 1.00 1.00 175.49
240.00 244.00 1.00 1.00 100.27
27.00 75.00 1.00 4.00 60.00
245.00 237.00 0.00 3.00 170.79
237.00 243.00 1.00 1.00 168.55
118.00 242.00 1.00 3.00 186.93
236.00 13.00 0.00 1.00 99.16
247.00 243.00 1.00 1.00 195.04
230.00 249.00 1.00 4.00 141.30
71.00 81.00 0.00 3.00 34.52
245.00 152.00 1.00 5.00 172.33
197.00 52.00 1.00 3.00 128.52
242.00 236.00 1.00 1.00 172.65
246.00 243.00 1.00 2.00 152.24
247.00 178.00 1.00 1.00 188.78
127.00 243.00 0.00 2.00 93.69
249.00 240.00 1.00 3.00 50.03
251.00 83.00 0.00 3.00 71.27
1.00 250.00 1.00 4.00 59.70
227.00 238.00 1.00 5.00 135.22
239.00 135.00 0.00 3.00 160.48
231.00 30.00 1.00 1.00 42.58
245.00 251.00 1.00 2.00 117.88
215.00 250.00 1.00 1.00 119.59
88.00 187.00 1.00 5.00 55.70
47.00 103.00 1.00 1.00 102.94
136.00 238.00 1.00 5.00 156.46
138.00 236.00 0.00 4.00 51.24
95.00 230.00 0.00 4.00 150.47
243.00 249.00 1.00 1.00 73.56
247.00 242.00 0.00 1.00 109.60
238.00 247.00 1.00 3.00 146.01
247.00 37.00 1.00 1.00 71.24
117.00 236.00 0.00 4.00 134.28
225.00 191.00 1.00 1.00 167.81
3.00 239.00 1.00 1.00 52.54
247.00 185.00 0.00 3.00 57.18
86.00 30.00 1.00 3.00 121.95
239.00 62.00 1.00 4.00 42.92
67.00 203.00 0.00 2.00 153.21
45.00 46.00 1.00 3.00 136.10
241.00 248.00 0.00 4.00 81.54
249.00 236.00 0.00 5.00 147.19
247.00 84.00 0.00 2.00 43.17
248.00 193.00 0.00 2.00 192.16
242.00 236.00 1.00 3.00 81.17
118.00 35.00 0.00 2.00 53.10
240.00 143.00 1.00 5.00 171.72
130.00 242.00 1.00 2.00 150.45
249.00 238.00 0.00 5.00 35.53
243.00 152.00 0.00 4.00 159.01
207.00 163.00 1.00 2.00 127.59
245.00 107.00 1.00 2.00 97.33
242.00 113.00 0.00 1.00 60.45
235.00 226.00 1.00 5.00 47.49
241.00 42.00 1.00 4.00 130.89
62.00 249.00 0.00 3.00 160.70
247.00 240.00 1.00 2.00 142.04
223.00 250.00 0.00 3.00 103.48
239.00 248.00 0.00 5.00 117.19
244.00 64.00 1.00 5.00 34.84
241.00 244.00 0.00 4.00 136.82
107.00 54.00 1.00 3.00 34.35
243.00 10.00 0.00 3.00 92.31
239.00 246.00 0.00 5.00 52.33
249.00 202.00 0.00 1.00 74.63
196.00 251.00 1.00 5.00 184.72
36.00 245.00 0.00 3.00 48.25
230.00 240.00 0.00 4.00 149.19
250.00 242.00 1.00 5.00 123.03
244.00 69.00 1.00 4.00 82.29
249.00 124.00 1.00 4.00 47.23
166.00 11.00 0.00 2.00 150.63
251.00 239.00 0.00 4.00 39.42
246.00 137.00 0.00 4.00 190.72
159.00 245.00 0.00 1.00 42.06
12.00 168.00 0.00 5.00 49.27
242.00 245.00 1.00 3.00 173.12
237.00 8.00 0.00 1.00 41.68
46.00 245.00 0.00 3.00 74.78
237.00 27.00 0.00 5.00 61.90
246.00 241.00 0.00 1.00 129.79
54.00 78.00 1.00 4.00 108.28
249.00 238.00 0.00 4.00 49.18
241.00 246.00 0.00 1.00 193.18
175.00 196.00 0.00 5.00 76.67
237.00 251.00 1.00 2.00 86.87
147.00 236.00 1.00 1.00 118.68
185.00 125.00 1.00 1.00 71.44
218.00 226.00 1.00 4.00 119.32
163.00 160.00 0.00 5.00 43.10
246.00 243.00 0.00 3.00 144.69
123.00 240.00 1.00 2.00 156.47
237.00 249.00 1.00 1.00 84.56
94.00 141.00 0.00 3.00 174.31
197.00 6.00 1.00 5.00 151.79
241.00 202.00 1.00 2.00 166.92
245.00 2.00 1.00 3.00 194.46
10.00 218.00 1.00 1.00 74.81
98.00 220.00 1.00 2.00 195.58
162.00 245.00 1.00 1.00 134.37
210.00 154.00 1.00 5.00 176.15
250.00 177.00 1.00 1.00 167.55
227.00 74.00 0.00 3.00 179.96
167.00 250.00 0.00 4.00 31.00
130.00 18.00 0.00 3.00 166.15
194.00 141.00 1.00 2.00 147.84
7.00 238.00 0.00 1.00 171.07
118.00 249.00 0.00 1.00 156.84
212.00 238.00 1.00 5.00 81.71
245.00 240.00 1.00 5.00 192.12
250.00 242.00 1.00 5.00 158.48
108.00 239.00 1.00 3.00 95.21
116.00 242.00 1.00 1.00 93.09
232.00 242.00 1.00 2.00 196.70
248.00 113.00 1.00 3.00 186.48
65.00 236.00 0.00 1.00 70.23
241.00 195.00 0.00 5.00 115.35
242.00 248.00 0.00 3.00 46.41
251.00 41.00 1.00 4.00 40.03
27.00 109.00 0.00 2.00 105.57
182.00 175.00 0.00 5.00 178.75
26.00 83.00 0.00 3.00 139.07
241.00 246.00 1.00 4.00 199.14
130.00 216.00 1.00 3.00 117.40
205.00 235.00 1.00 2.00 59.11
36.00 228.00 1.00 1.00 102.64
208.00 236.00 0.00 1.00 37.52
80.00 180.00 0.00 1.00 153.10
234.00 29.00 1.00 5.00 70.78
152.00 40.00 1.00 3.00 49.92
173.00 244.00 0.00 5.00 115.76
246.00 239.00 0.00 3.00 47.48
5.00 201.00 1.00 1.00 136.41
216.00 53.00 0.00 5.00 66.44
122.00 245.00 1.00 5.00 76.61
236.00 248.00 0.00 2.00 191.57
245.00 177.00 0.00 4.00 163.30
248.00 123.00 0.00 1.00 115.51
246.00 100.00 1.00 1.00 37.66
244.00 70.00 0.00 4.00 66.82
221.00 109.00 1.00 2.00 129.42
131.00 183.00 0.00 1.00 95.42
28.00 194.00 0.00 5.00 181.55
250.00 227.00 0.00 4.00 176.83
240.00 246.00 1.00 3.00 90.15
237.00 249.00 1.00 5.00 69.55
6.00 241.00 0.00 1.00 77.69
246.00 2.00 0.00 1.00 49.17
236.00 125.00 1.00 4.00 82.82
230.00 87.00 0.00 1.00 49.26
239.00 164.00 1.00 3.00 152.21
239.00 248.00 0.00 2.00 199.49
36.00 209.00 1.00 2.00 57.72
146.00 239.00 0.00 2.00 34.17
51.00 244.00 1.00 3.00 81.47
241.00 201.00 1.00 3.00 114.37
238.00 119.00 0.00 2.00 156.44
246.00 243.00 1.00 4.00 157.40
243.00 200.00 1.00 4.00 40.47
58.00 170.00 0.00 1.00 79.14
25.00 128.00 1.00 4.00 195.42
189.00 239.00 0.00 5.00 102.36
59.00 247.00 0.00 3.00 195.08
237.00 247.00 0.00 2.00 70.32
164.00 236.00 1.00 4.00 189.96
171.00 126.00 0.00 2.00 93.98
250.00 242.00 1.00 3.00 165.01
235.00 116.00 1.00 5.00 126.85
241.00 244.00 1.00 5.00 188.39
175.00 126.00 0.00 4.00 106.15
239.00 251.00 0.00 3.00 118.51
238.00 210.00 1.00 4.00 189.87
43.00 242.00 0.00 1.00 97.77
40.00 243.00 1.00 3.00 127.76
219.00 250.00 1.00 5.00 197.86
248.00 237.00 0.00 3.00 34.53
239.00 249.00 1.00 2.00 92.01
52.00 250.00 1.00 5.00 80.49
238.00 251.00 0.00 4.00 112.07
251.00 23.00 1.00 3.00 109.06
249.00 114.00 1.00 2.00 171.49
250.00 238.00 1.00 1.00 102.12
243.00 236.00 1.00 3.00 191.87
251.00 128.00 0.00 5.00 170.00
12.00 213.00 1.00 5.00 96.20
138.00 129.00 0.00 3.00 129.29
50.00 2.00 0.00 1.00 185.46
249.00 242.00 1.00 4.00 179.75
249.00 240.00 1.00 1.00 91.19
243.00 76.00 0.00 3.00 189.90
200.00 251.00 1.00 2.00 57.98
239.00 248.00 1.00 3.00 177.61
251.00 170.00 0.00 4.00 181.90
241.00 119.00 0.00 2.00 108.36
248.00 160.00 0.00 3.00 119.30
7.00 180.00 0.00 4.00 107.30
237.00 245.00 0.00 2.00 122.18
250.00 144.00 0.00 4.00 114.24
251.00 169.00 1.00 2.00 198.06
249.00 239.00 0.00 2.00 176.71
242.00 125.00 0.00 1.00 88.47
240.00 217.00 1.00 3.00 115.58
96.00 118.00 1.00 3.00 162.42
237.00 247.00 1.00 3.00 89.23
64.00 189.00 0.00 2.00 191.36
72.00 86.00 0.00 1.00 175.25
102.00 244.00 0.00 5.00 170.90
193.00 147.00 1.00 4.00 40.65
246.00 240.00 0.00 1.00 187.00
116.00 24.00 1.00 4.00 153.35
24.00 78.00 1.00 5.00 69.47
141.00 236.00 1.00 1.00 154.78
243.00 92.00 1.00 5.00 36.00
249.00 30.00 0.00 2.00 78.07
250.00 187.00 0.00 3.00 99.17
246.00 241.00 0.00 1.00 111.24
198.00 251.00 0.00 1.00 137.68
244.00 239.00 1.00 2.00 52.08
150.00 244.00 1.00 3.00 148.62
67.00 84.00 1.00 5.00 165.74
126.00 239.00 1.00 1.00 130.12
239.00 2.00 0.00 4.00 53.74
141.00 248.00 0.00 5.00 138.61
110.00 60.00 0.00 1.00 147.48
185.00 247.00 0.00 5.00 80.02
246.00 243.00 0.00 2.00 80.54
237.00 127.00 1.00 5.00 93.76
235.00 81.00 0.00 4.00 121.89
241.00 111.00 1.00 3.00 139.93
198.00 246.00 0.00 2.00 80.75
244.00 250.00 0.00 3.00 86.77
245.00 251.00 0.00 5.00 128.97
183.00 139.00 1.00 4.00 72.54
251.00 68.00 1.00 1.00 164.04
251.00 236.00 0.00 2.00 135.23
150.00 243.00 1.00 3.00 34.90
238.00 193.00 0.00 3.00 67.59
250.00 241.00 0.00 3.00 69.33
196.00 245.00 0.00 5.00 186.54
243.00 51.00 0.00 1.00 67.47
250.00 241.00 0.00 4.00 72.83
208.00 130.00 0.00 5.00 71.96
206.00 40.00 0.00 3.00 189.39
236.00 248.00 1.00 1.00 105.36
179.00 72.00 1.00 3.00 183.79
161.00 251.00 0.00 1.00 68.92
241.00 219.00 0.00 3.00 45.48
195.00 212.00 0.00 4.00 138.48
198.00 238.00 1.00 2.00 106.50
151.00 251.00 0.00 4.00 198.43
225.00 108.00 0.00 4.00 118.27
239.00 204.00 0.00 1.00 129.80
221.00 240.00 1.00 3.00 113.87
200.00 237.00 1.00 1.00 94.92
250.00 241.00 1.00 3.00 146.30
142.00 85.00 0.00 2.00 172.92
148.00 246.00 1.00 4.00 100.17
238.00 229.00 1.00 3.00 156.39
197.00 239.00 1.00 3.00 68.64
14.00 246.00 0.00 2.00 156.22
221.00 248.00 0.00 4.00 47.39
239.00 17.00 0.00 3.00 89.96
19.00 154.00 0.00 1.00 147.11
251.00 243.00 0.00 4.00 128.76
18.00 50.00 0.00 1.00 46.97
137.00 250.00 0.00 1.00 31.79
248.00 243.00 0.00 3.00 51.14
83.00 68.00 1.00 1.00 50.72
245.00 236.00 1.00 5.00 144.25
139.00 241.00 0.00 1.00 194.59
