0.00 50.00 1.00 100.00
0.00 50.00 21.57 100.00
0.00 50.00 49.00 100.00
1.00 50.00 7.86 100.00
1.00 50.00 14.71 100.00
1.00 50.00 35.29 100.00
2.00 1.00 25.00 50.00
2.00 33.67 25.00 50.00
2.00 66.33 25.00 50.00
2.00 99.00 25.00 50.00
3.00 15.00 4.70 5.41
3.00 44.56 4.70 5.41
3.00 82.67 4.70 5.41
3.00 90.83 4.70 5.41
3.00 17.33 11.29 5.96
3.00 44.56 11.29 5.96
3.00 55.44 11.29 5.96
3.00 80.33 11.29 5.96
3.00 17.33 17.87 5.41
3.00 50.00 17.87 5.41
3.00 79.40 17.87 5.41
3.00 11.89 28.70 12.26
3.00 43.00 28.70 12.26
3.00 52.33 28.70 12.26
3.00 74.50 28.70 12.26
3.00 86.75 28.70 12.26
3.00 14.07 41.87 12.26
3.00 20.60 41.87 12.26
3.00 43.47 41.87 12.26
3.00 56.53 41.87 12.26
3.00 77.22 41.87 12.26
3.00 88.11 41.87 12.26
