1.00 0.00 4.83 6.87 1.08 0.90
1.00 0.00 7.13 6.87 1.08 0.90
1.00 0.00 9.42 6.87 1.08 0.90
1.00 0.00 11.72 6.87 1.08 0.90
1.00 2.00 14.01 4.70 1.08 0.90
1.00 0.00 4.83 2.54 1.08 0.90
1.00 0.00 7.13 2.54 1.08 0.90
1.00 0.00 9.42 2.54 1.08 0.90
1.00 0.00 11.72 2.54 1.08 0.90
1.00 2.00 2.54 4.70 1.08 0.90
1.00 0.00 18.30 6.87 1.08 0.90
1.00 0.00 20.60 6.87 1.08 0.90
1.00 0.00 22.91 6.87 1.08 0.90
1.00 0.00 25.21 6.87 1.08 0.90
1.00 0.00 27.52 6.87 1.08 0.90
1.00 0.00 29.82 6.87 1.08 0.90
1.00 2.00 32.13 4.70 1.08 0.90
1.00 0.00 18.30 2.54 1.08 0.90
1.00 0.00 20.60 2.54 1.08 0.90
1.00 0.00 22.91 2.54 1.08 0.90
1.00 0.00 25.21 2.54 1.08 0.90
1.00 0.00 27.52 2.54 1.08 0.90
1.00 0.00 29.82 2.54 1.08 0.90
1.00 2.00 15.99 4.70 1.08 0.90
1.00 0.00 37.30 6.87 1.08 0.90
1.00 0.00 39.39 6.87 1.08 0.90
1.00 0.00 41.48 6.87 1.08 0.90
1.00 2.00 43.57 4.70 1.08 0.90
1.00 0.00 37.30 2.54 1.08 0.90
1.00 0.00 39.39 2.54 1.08 0.90
1.00 0.00 41.48 2.54 1.08 0.90
1.00 2.00 35.21 4.70 1.08 0.90
1.00 0.00 47.68 6.87 1.08 0.90
1.00 0.00 49.82 6.87 1.08 0.90
1.00 0.00 51.96 6.87 1.08 0.90
1.00 0.00 54.10 6.87 1.08 0.90
1.00 0.00 56.24 6.87 1.08 0.90
1.00 0.00 58.38 6.87 1.08 0.90
1.00 0.00 60.52 6.87 1.08 0.90
1.00 0.00 62.65 6.87 1.08 0.90
1.00 2.00 64.79 4.70 1.08 0.90
1.00 0.00 47.68 2.54 1.08 0.90
1.00 0.00 49.82 2.54 1.08 0.90
1.00 0.00 51.96 2.54 1.08 0.90
1.00 0.00 54.10 2.54 1.08 0.90
1.00 0.00 56.24 2.54 1.08 0.90
1.00 0.00 58.38 2.54 1.08 0.90
1.00 0.00 60.52 2.54 1.08 0.90
1.00 0.00 62.65 2.54 1.08 0.90
1.00 2.00 45.55 4.70 1.08 0.90
1.00 0.00 70.17 6.87 1.08 0.90
1.00 0.00 72.47 6.87 1.08 0.90
1.00 0.00 74.78 6.87 1.08 0.90
1.00 0.00 77.08 6.87 1.08 0.90
1.00 0.00 79.38 6.87 1.08 0.90
1.00 2.00 81.68 4.70 1.08 0.90
1.00 0.00 70.17 2.54 1.08 0.90
1.00 0.00 72.47 2.54 1.08 0.90
1.00 0.00 74.78 2.54 1.08 0.90
1.00 0.00 77.08 2.54 1.08 0.90
1.00 0.00 79.38 2.54 1.08 0.90
1.00 2.00 67.87 4.70 1.08 0.90
1.00 0.00 85.72 6.87 1.08 0.90
1.00 0.00 87.78 6.87 1.08 0.90
1.00 2.00 89.84 4.70 1.08 0.90
1.00 0.00 85.72 2.54 1.08 0.90
1.00 0.00 87.78 2.54 1.08 0.90
1.00 2.00 83.66 4.70 1.08 0.90
1.00 0.00 93.70 6.87 1.08 0.90
1.00 0.00 95.58 6.87 1.08 0.90
1.00 2.00 97.46 4.70 1.08 0.90
1.00 0.00 93.70 2.54 1.08 0.90
1.00 0.00 95.58 2.54 1.08 0.90
1.00 2.00 91.82 4.70 1.08 0.90
1.00 0.00 4.84 13.72 1.08 0.90
1.00 0.00 7.14 13.72 1.08 0.90
1.00 0.00 9.44 13.72 1.08 0.90
1.00 0.00 11.74 13.72 1.08 0.90
1.00 0.00 14.04 13.72 1.08 0.90
1.00 2.00 16.34 10.47 1.08 0.90
1.00 2.00 16.34 12.10 1.08 0.90
1.00 0.00 4.84 8.85 1.08 0.90
1.00 0.00 7.14 8.85 1.08 0.90
1.00 0.00 9.44 8.85 1.08 0.90
1.00 0.00 11.74 8.85 1.08 0.90
1.00 0.00 14.04 8.85 1.08 0.90
1.00 2.00 2.54 10.47 1.08 0.90
1.00 2.00 2.54 12.10 1.08 0.90
1.00 0.00 20.62 13.72 1.08 0.90
1.00 0.00 22.92 13.72 1.08 0.90
1.00 0.00 25.22 13.72 1.08 0.90
1.00 0.00 27.53 13.72 1.08 0.90
1.00 0.00 29.83 13.72 1.08 0.90
1.00 2.00 32.13 10.47 1.08 0.90
1.00 2.00 32.13 12.10 1.08 0.90
1.00 0.00 20.62 8.85 1.08 0.90
1.00 0.00 22.92 8.85 1.08 0.90
1.00 0.00 25.22 8.85 1.08 0.90
1.00 0.00 27.53 8.85 1.08 0.90
1.00 0.00 29.83 8.85 1.08 0.90
1.00 2.00 18.32 10.47 1.08 0.90
1.00 2.00 18.32 12.10 1.08 0.90
1.00 0.00 37.30 13.72 1.08 0.90
1.00 0.00 39.39 13.72 1.08 0.90
1.00 0.00 41.48 13.72 1.08 0.90
1.00 2.00 43.57 10.47 1.08 0.90
1.00 2.00 43.57 12.10 1.08 0.90
1.00 0.00 37.30 8.85 1.08 0.90
1.00 0.00 39.39 8.85 1.08 0.90
1.00 0.00 41.48 8.85 1.08 0.90
1.00 2.00 35.21 10.47 1.08 0.90
1.00 2.00 35.21 12.10 1.08 0.90
1.00 0.00 47.77 13.72 1.08 0.90
1.00 0.00 50.00 13.72 1.08 0.90
1.00 0.00 52.23 13.72 1.08 0.90
1.00 2.00 54.45 10.47 1.08 0.90
1.00 2.00 54.45 12.10 1.08 0.90
1.00 0.00 47.77 8.85 1.08 0.90
1.00 0.00 50.00 8.85 1.08 0.90
1.00 0.00 52.23 8.85 1.08 0.90
1.00 2.00 45.55 10.47 1.08 0.90
1.00 2.00 45.55 12.10 1.08 0.90
1.00 0.00 58.52 13.72 1.08 0.90
1.00 0.00 60.61 13.72 1.08 0.90
1.00 0.00 62.70 13.72 1.08 0.90
1.00 2.00 64.79 10.47 1.08 0.90
1.00 2.00 64.79 12.10 1.08 0.90
1.00 0.00 58.52 8.85 1.08 0.90
1.00 0.00 60.61 8.85 1.08 0.90
1.00 0.00 62.70 8.85 1.08 0.90
1.00 2.00 56.43 10.47 1.08 0.90
1.00 2.00 56.43 12.10 1.08 0.90
1.00 0.00 70.17 13.72 1.08 0.90
1.00 0.00 72.46 13.72 1.08 0.90
1.00 0.00 74.76 13.72 1.08 0.90
1.00 0.00 77.05 13.72 1.08 0.90
1.00 2.00 79.34 10.47 1.08 0.90
1.00 2.00 79.34 12.10 1.08 0.90
1.00 0.00 70.17 8.85 1.08 0.90
1.00 0.00 72.46 8.85 1.08 0.90
1.00 0.00 74.76 8.85 1.08 0.90
1.00 0.00 77.05 8.85 1.08 0.90
1.00 2.00 67.87 10.47 1.08 0.90
1.00 2.00 67.87 12.10 1.08 0.90
1.00 0.00 83.63 13.72 1.08 0.90
1.00 0.00 85.93 13.72 1.08 0.90
1.00 0.00 88.24 13.72 1.08 0.90
1.00 0.00 90.54 13.72 1.08 0.90
1.00 0.00 92.85 13.72 1.08 0.90
1.00 0.00 95.15 13.72 1.08 0.90
1.00 2.00 97.46 10.47 1.08 0.90
1.00 2.00 97.46 12.10 1.08 0.90
1.00 0.00 83.63 8.85 1.08 0.90
1.00 0.00 85.93 8.85 1.08 0.90
1.00 0.00 88.24 8.85 1.08 0.90
1.00 0.00 90.54 8.85 1.08 0.90
1.00 0.00 92.85 8.85 1.08 0.90
1.00 0.00 95.15 8.85 1.08 0.90
1.00 2.00 81.32 10.47 1.08 0.90
1.00 2.00 81.32 12.10 1.08 0.90
1.00 0.00 4.84 20.03 1.08 0.90
1.00 0.00 7.14 20.03 1.08 0.90
1.00 0.00 9.44 20.03 1.08 0.90
1.00 0.00 11.74 20.03 1.08 0.90
1.00 0.00 14.04 20.03 1.08 0.90
1.00 2.00 16.34 17.87 1.08 0.90
1.00 0.00 4.84 15.70 1.08 0.90
1.00 0.00 7.14 15.70 1.08 0.90
1.00 0.00 9.44 15.70 1.08 0.90
1.00 0.00 11.74 15.70 1.08 0.90
1.00 0.00 14.04 15.70 1.08 0.90
1.00 2.00 2.54 17.87 1.08 0.90
1.00 0.00 20.62 20.03 1.08 0.90
1.00 0.00 22.92 20.03 1.08 0.90
1.00 0.00 25.23 20.03 1.08 0.90
1.00 0.00 27.53 20.03 1.08 0.90
1.00 0.00 29.83 20.03 1.08 0.90
1.00 2.00 32.13 17.87 1.08 0.90
1.00 0.00 20.62 15.70 1.08 0.90
1.00 0.00 22.92 15.70 1.08 0.90
1.00 0.00 25.23 15.70 1.08 0.90
1.00 0.00 27.53 15.70 1.08 0.90
1.00 0.00 29.83 15.70 1.08 0.90
1.00 2.00 18.32 17.87 1.08 0.90
1.00 0.00 37.51 20.03 1.08 0.90
1.00 0.00 39.81 20.03 1.08 0.90
1.00 0.00 42.11 20.03 1.08 0.90
1.00 0.00 44.41 20.03 1.08 0.90
1.00 0.00 46.71 20.03 1.08 0.90
1.00 2.00 49.01 17.87 1.08 0.90
1.00 0.00 37.51 15.70 1.08 0.90
1.00 0.00 39.81 15.70 1.08 0.90
1.00 0.00 42.11 15.70 1.08 0.90
1.00 0.00 44.41 15.70 1.08 0.90
1.00 0.00 46.71 15.70 1.08 0.90
1.00 2.00 35.21 17.87 1.08 0.90
1.00 0.00 53.29 20.03 1.08 0.90
1.00 0.00 55.59 20.03 1.08 0.90
1.00 0.00 57.89 20.03 1.08 0.90
1.00 0.00 60.19 20.03 1.08 0.90
1.00 0.00 62.49 20.03 1.08 0.90
1.00 2.00 64.79 17.87 1.08 0.90
1.00 0.00 53.29 15.70 1.08 0.90
1.00 0.00 55.59 15.70 1.08 0.90
1.00 0.00 57.89 15.70 1.08 0.90
1.00 0.00 60.19 15.70 1.08 0.90
1.00 0.00 62.49 15.70 1.08 0.90
1.00 2.00 50.99 17.87 1.08 0.90
1.00 0.00 69.98 20.03 1.08 0.90
1.00 0.00 72.09 20.03 1.08 0.90
1.00 0.00 74.20 20.03 1.08 0.90
1.00 0.00 76.30 20.03 1.08 0.90
1.00 2.00 78.41 17.87 1.08 0.90
1.00 0.00 69.98 15.70 1.08 0.90
1.00 0.00 72.09 15.70 1.08 0.90
1.00 0.00 74.20 15.70 1.08 0.90
1.00 0.00 76.30 15.70 1.08 0.90
1.00 2.00 67.87 17.87 1.08 0.90
1.00 0.00 82.52 20.03 1.08 0.90
1.00 0.00 84.66 20.03 1.08 0.90
1.00 0.00 86.79 20.03 1.08 0.90
1.00 0.00 88.92 20.03 1.08 0.90
1.00 0.00 91.06 20.03 1.08 0.90
1.00 0.00 93.19 20.03 1.08 0.90
1.00 0.00 95.33 20.03 1.08 0.90
1.00 2.00 97.46 17.87 1.08 0.90
1.00 0.00 82.52 15.70 1.08 0.90
1.00 0.00 84.66 15.70 1.08 0.90
1.00 0.00 86.79 15.70 1.08 0.90
1.00 0.00 88.92 15.70 1.08 0.90
1.00 0.00 91.06 15.70 1.08 0.90
1.00 0.00 93.19 15.70 1.08 0.90
1.00 0.00 95.33 15.70 1.08 0.90
1.00 2.00 80.39 17.87 1.08 0.90
1.00 0.00 4.63 34.30 1.08 0.90
1.00 0.00 6.72 34.30 1.08 0.90
1.00 0.00 8.81 34.30 1.08 0.90
1.00 2.00 10.90 25.35 1.08 0.90
1.00 2.00 10.90 27.59 1.08 0.90
1.00 2.00 10.90 29.82 1.08 0.90
1.00 2.00 10.90 32.06 1.08 0.90
1.00 0.00 4.63 23.11 1.08 0.90
1.00 0.00 6.72 23.11 1.08 0.90
1.00 0.00 8.81 23.11 1.08 0.90
1.00 2.00 2.54 25.35 1.08 0.90
1.00 2.00 2.54 27.59 1.08 0.90
1.00 2.00 2.54 29.82 1.08 0.90
1.00 2.00 2.54 32.06 1.08 0.90
1.00 0.00 15.02 34.30 1.08 0.90
1.00 0.00 17.16 34.30 1.08 0.90
1.00 0.00 19.29 34.30 1.08 0.90
1.00 0.00 21.43 34.30 1.08 0.90
1.00 0.00 23.57 34.30 1.08 0.90
1.00 0.00 25.71 34.30 1.08 0.90
1.00 0.00 27.85 34.30 1.08 0.90
1.00 0.00 29.99 34.30 1.08 0.90
1.00 2.00 32.13 25.35 1.08 0.90
1.00 2.00 32.13 27.59 1.08 0.90
1.00 2.00 32.13 29.82 1.08 0.90
1.00 2.00 32.13 32.06 1.08 0.90
1.00 0.00 15.02 23.11 1.08 0.90
1.00 0.00 17.16 23.11 1.08 0.90
1.00 0.00 19.29 23.11 1.08 0.90
1.00 0.00 21.43 23.11 1.08 0.90
1.00 0.00 23.57 23.11 1.08 0.90
1.00 0.00 25.71 23.11 1.08 0.90
1.00 0.00 27.85 23.11 1.08 0.90
1.00 0.00 29.99 23.11 1.08 0.90
1.00 2.00 12.88 25.35 1.08 0.90
1.00 2.00 12.88 27.59 1.08 0.90
1.00 2.00 12.88 29.82 1.08 0.90
1.00 2.00 12.88 32.06 1.08 0.90
1.00 0.00 37.47 34.30 1.08 0.90
1.00 0.00 39.74 34.30 1.08 0.90
1.00 2.00 42.01 25.35 1.08 0.90
1.00 2.00 42.01 27.59 1.08 0.90
1.00 2.00 42.01 29.82 1.08 0.90
1.00 2.00 42.01 32.06 1.08 0.90
1.00 0.00 37.47 23.11 1.08 0.90
1.00 0.00 39.74 23.11 1.08 0.90
1.00 2.00 35.21 25.35 1.08 0.90
1.00 2.00 35.21 27.59 1.08 0.90
1.00 2.00 35.21 29.82 1.08 0.90
1.00 2.00 35.21 32.06 1.08 0.90
1.00 0.00 45.83 34.30 1.08 0.90
1.00 0.00 47.67 34.30 1.08 0.90
1.00 0.00 49.50 34.30 1.08 0.90
1.00 2.00 51.34 25.35 1.08 0.90
1.00 2.00 51.34 27.59 1.08 0.90
1.00 2.00 51.34 29.82 1.08 0.90
1.00 2.00 51.34 32.06 1.08 0.90
1.00 0.00 45.83 23.11 1.08 0.90
1.00 0.00 47.67 23.11 1.08 0.90
1.00 0.00 49.50 23.11 1.08 0.90
1.00 2.00 43.99 25.35 1.08 0.90
1.00 2.00 43.99 27.59 1.08 0.90
1.00 2.00 43.99 29.82 1.08 0.90
1.00 2.00 43.99 32.06 1.08 0.90
1.00 0.00 55.62 34.30 1.08 0.90
1.00 0.00 57.91 34.30 1.08 0.90
1.00 0.00 60.21 34.30 1.08 0.90
1.00 0.00 62.50 34.30 1.08 0.90
1.00 2.00 64.79 25.35 1.08 0.90
1.00 2.00 64.79 27.59 1.08 0.90
1.00 2.00 64.79 29.82 1.08 0.90
1.00 2.00 64.79 32.06 1.08 0.90
1.00 0.00 55.62 23.11 1.08 0.90
1.00 0.00 57.91 23.11 1.08 0.90
1.00 0.00 60.21 23.11 1.08 0.90
1.00 0.00 62.50 23.11 1.08 0.90
1.00 2.00 53.32 25.35 1.08 0.90
1.00 2.00 53.32 27.59 1.08 0.90
1.00 2.00 53.32 29.82 1.08 0.90
1.00 2.00 53.32 32.06 1.08 0.90
1.00 0.00 69.75 34.30 1.08 0.90
1.00 0.00 71.63 34.30 1.08 0.90
1.00 2.00 73.51 25.35 1.08 0.90
1.00 2.00 73.51 27.59 1.08 0.90
1.00 2.00 73.51 29.82 1.08 0.90
1.00 2.00 73.51 32.06 1.08 0.90
1.00 0.00 69.75 23.11 1.08 0.90
1.00 0.00 71.63 23.11 1.08 0.90
1.00 2.00 67.87 25.35 1.08 0.90
1.00 2.00 67.87 27.59 1.08 0.90
1.00 2.00 67.87 29.82 1.08 0.90
1.00 2.00 67.87 32.06 1.08 0.90
1.00 0.00 77.54 34.30 1.08 0.90
1.00 0.00 79.60 34.30 1.08 0.90
1.00 0.00 81.65 34.30 1.08 0.90
1.00 0.00 83.71 34.30 1.08 0.90
1.00 2.00 85.76 25.35 1.08 0.90
1.00 2.00 85.76 27.59 1.08 0.90
1.00 2.00 85.76 29.82 1.08 0.90
1.00 2.00 85.76 32.06 1.08 0.90
1.00 0.00 77.54 23.11 1.08 0.90
1.00 0.00 79.60 23.11 1.08 0.90
1.00 0.00 81.65 23.11 1.08 0.90
1.00 0.00 83.71 23.11 1.08 0.90
1.00 2.00 75.49 25.35 1.08 0.90
1.00 2.00 75.49 27.59 1.08 0.90
1.00 2.00 75.49 29.82 1.08 0.90
1.00 2.00 75.49 32.06 1.08 0.90
1.00 0.00 89.68 34.30 1.08 0.90
1.00 0.00 91.63 34.30 1.08 0.90
1.00 0.00 93.57 34.30 1.08 0.90
1.00 0.00 95.52 34.30 1.08 0.90
1.00 2.00 97.46 25.35 1.08 0.90
1.00 2.00 97.46 27.59 1.08 0.90
1.00 2.00 97.46 29.82 1.08 0.90
1.00 2.00 97.46 32.06 1.08 0.90
1.00 0.00 89.68 23.11 1.08 0.90
1.00 0.00 91.63 23.11 1.08 0.90
1.00 0.00 93.57 23.11 1.08 0.90
1.00 0.00 95.52 23.11 1.08 0.90
1.00 2.00 87.74 25.35 1.08 0.90
1.00 2.00 87.74 27.59 1.08 0.90
1.00 2.00 87.74 29.82 1.08 0.90
1.00 2.00 87.74 32.06 1.08 0.90
1.00 0.00 4.65 47.46 1.08 0.90
1.00 0.00 6.75 47.46 1.08 0.90
1.00 0.00 8.86 47.46 1.08 0.90
1.00 0.00 10.97 47.46 1.08 0.90
1.00 2.00 13.08 38.51 1.08 0.90
1.00 2.00 13.08 40.75 1.08 0.90
1.00 2.00 13.08 42.99 1.08 0.90
1.00 2.00 13.08 45.22 1.08 0.90
1.00 0.00 4.65 36.28 1.08 0.90
1.00 0.00 6.75 36.28 1.08 0.90
1.00 0.00 8.86 36.28 1.08 0.90
1.00 0.00 10.97 36.28 1.08 0.90
1.00 2.00 2.54 38.51 1.08 0.90
1.00 2.00 2.54 40.75 1.08 0.90
1.00 2.00 2.54 42.99 1.08 0.90
1.00 2.00 2.54 45.22 1.08 0.90
1.00 0.00 17.33 47.46 1.08 0.90
1.00 2.00 19.61 38.51 1.08 0.90
1.00 2.00 19.61 40.75 1.08 0.90
1.00 2.00 19.61 42.99 1.08 0.90
1.00 2.00 19.61 45.22 1.08 0.90
1.00 0.00 17.33 36.28 1.08 0.90
1.00 2.00 15.06 38.51 1.08 0.90
1.00 2.00 15.06 40.75 1.08 0.90
1.00 2.00 15.06 42.99 1.08 0.90
1.00 2.00 15.06 45.22 1.08 0.90
1.00 0.00 23.70 47.46 1.08 0.90
1.00 0.00 25.80 47.46 1.08 0.90
1.00 0.00 27.91 47.46 1.08 0.90
1.00 0.00 30.02 47.46 1.08 0.90
1.00 2.00 32.13 38.51 1.08 0.90
1.00 2.00 32.13 40.75 1.08 0.90
1.00 2.00 32.13 42.99 1.08 0.90
1.00 2.00 32.13 45.22 1.08 0.90
1.00 0.00 23.70 36.28 1.08 0.90
1.00 0.00 25.80 36.28 1.08 0.90
1.00 0.00 27.91 36.28 1.08 0.90
1.00 0.00 30.02 36.28 1.08 0.90
1.00 2.00 21.59 38.51 1.08 0.90
1.00 2.00 21.59 40.75 1.08 0.90
1.00 2.00 21.59 42.99 1.08 0.90
1.00 2.00 21.59 45.22 1.08 0.90
1.00 0.00 37.02 47.46 1.08 0.90
1.00 0.00 38.84 47.46 1.08 0.90
1.00 0.00 40.66 47.46 1.08 0.90
1.00 2.00 42.48 38.51 1.08 0.90
1.00 2.00 42.48 40.75 1.08 0.90
1.00 2.00 42.48 42.99 1.08 0.90
1.00 2.00 42.48 45.22 1.08 0.90
1.00 0.00 37.02 36.28 1.08 0.90
1.00 0.00 38.84 36.28 1.08 0.90
1.00 0.00 40.66 36.28 1.08 0.90
1.00 2.00 35.21 38.51 1.08 0.90
1.00 2.00 35.21 40.75 1.08 0.90
1.00 2.00 35.21 42.99 1.08 0.90
1.00 2.00 35.21 45.22 1.08 0.90
1.00 0.00 46.67 47.46 1.08 0.90
1.00 0.00 48.89 47.46 1.08 0.90
1.00 0.00 51.11 47.46 1.08 0.90
1.00 0.00 53.33 47.46 1.08 0.90
1.00 2.00 55.54 38.51 1.08 0.90
1.00 2.00 55.54 40.75 1.08 0.90
1.00 2.00 55.54 42.99 1.08 0.90
1.00 2.00 55.54 45.22 1.08 0.90
1.00 0.00 46.67 36.28 1.08 0.90
1.00 0.00 48.89 36.28 1.08 0.90
1.00 0.00 51.11 36.28 1.08 0.90
1.00 0.00 53.33 36.28 1.08 0.90
1.00 2.00 44.46 38.51 1.08 0.90
1.00 2.00 44.46 40.75 1.08 0.90
1.00 2.00 44.46 42.99 1.08 0.90
1.00 2.00 44.46 45.22 1.08 0.90
1.00 0.00 59.34 47.46 1.08 0.90
1.00 0.00 61.16 47.46 1.08 0.90
1.00 0.00 62.98 47.46 1.08 0.90
1.00 2.00 64.79 38.51 1.08 0.90
1.00 2.00 64.79 40.75 1.08 0.90
1.00 2.00 64.79 42.99 1.08 0.90
1.00 2.00 64.79 45.22 1.08 0.90
1.00 0.00 59.34 36.28 1.08 0.90
1.00 0.00 61.16 36.28 1.08 0.90
1.00 0.00 62.98 36.28 1.08 0.90
1.00 2.00 57.52 38.51 1.08 0.90
1.00 2.00 57.52 40.75 1.08 0.90
1.00 2.00 57.52 42.99 1.08 0.90
1.00 2.00 57.52 45.22 1.08 0.90
1.00 0.00 69.96 47.46 1.08 0.90
1.00 0.00 72.05 47.46 1.08 0.90
1.00 0.00 74.14 47.46 1.08 0.90
1.00 2.00 76.23 38.51 1.08 0.90
1.00 2.00 76.23 40.75 1.08 0.90
1.00 2.00 76.23 42.99 1.08 0.90
1.00 2.00 76.23 45.22 1.08 0.90
1.00 0.00 69.96 36.28 1.08 0.90
1.00 0.00 72.05 36.28 1.08 0.90
1.00 0.00 74.14 36.28 1.08 0.90
1.00 2.00 67.87 38.51 1.08 0.90
1.00 2.00 67.87 40.75 1.08 0.90
1.00 2.00 67.87 42.99 1.08 0.90
1.00 2.00 67.87 45.22 1.08 0.90
1.00 0.00 80.44 47.46 1.08 0.90
1.00 0.00 82.67 47.46 1.08 0.90
1.00 0.00 84.89 47.46 1.08 0.90
1.00 2.00 87.12 38.51 1.08 0.90
1.00 2.00 87.12 40.75 1.08 0.90
1.00 2.00 87.12 42.99 1.08 0.90
1.00 2.00 87.12 45.22 1.08 0.90
1.00 0.00 80.44 36.28 1.08 0.90
1.00 0.00 82.67 36.28 1.08 0.90
1.00 0.00 84.89 36.28 1.08 0.90
1.00 2.00 78.21 38.51 1.08 0.90
1.00 2.00 78.21 40.75 1.08 0.90
1.00 2.00 78.21 42.99 1.08 0.90
1.00 2.00 78.21 45.22 1.08 0.90
1.00 0.00 91.19 47.46 1.08 0.90
1.00 0.00 93.28 47.46 1.08 0.90
1.00 0.00 95.37 47.46 1.08 0.90
1.00 2.00 97.46 38.51 1.08 0.90
1.00 2.00 97.46 40.75 1.08 0.90
1.00 2.00 97.46 42.99 1.08 0.90
1.00 2.00 97.46 45.22 1.08 0.90
1.00 0.00 91.19 36.28 1.08 0.90
1.00 0.00 93.28 36.28 1.08 0.90
1.00 0.00 95.37 36.28 1.08 0.90
1.00 2.00 89.10 38.51 1.08 0.90
1.00 2.00 89.10 40.75 1.08 0.90
1.00 2.00 89.10 42.99 1.08 0.90
1.00 2.00 89.10 45.22 1.08 0.90
2.00 0.00 64.63 -0.54 1.08 0.90
2.00 0.00 66.81 -0.54 1.08 0.90
2.00 0.00 69.00 -0.54 1.08 0.90
2.00 0.00 71.18 -0.54 1.08 0.90
2.00 0.00 73.36 -0.54 1.08 0.90
2.00 0.00 75.54 -0.54 1.08 0.90
2.00 0.00 77.73 -0.54 1.08 0.90
2.00 0.00 79.91 -0.54 1.08 0.90
2.00 0.00 82.09 -0.54 1.08 0.90
2.00 0.00 84.27 -0.54 1.08 0.90
2.00 0.00 86.46 -0.54 1.08 0.90
2.00 0.00 88.64 -0.54 1.08 0.90
2.00 0.00 90.82 -0.54 1.08 0.90
2.00 0.00 93.00 -0.54 1.08 0.90
2.00 0.00 95.19 -0.54 1.08 0.90
2.00 0.00 97.37 -0.54 1.08 0.90
2.00 0.00 64.63 50.54 1.08 0.90
2.00 0.00 66.81 50.54 1.08 0.90
2.00 0.00 69.00 50.54 1.08 0.90
2.00 0.00 71.18 50.54 1.08 0.90
2.00 0.00 73.36 50.54 1.08 0.90
2.00 0.00 75.54 50.54 1.08 0.90
2.00 0.00 77.73 50.54 1.08 0.90
2.00 0.00 79.91 50.54 1.08 0.90
2.00 0.00 82.09 50.54 1.08 0.90
2.00 0.00 84.27 50.54 1.08 0.90
2.00 0.00 86.46 50.54 1.08 0.90
2.00 0.00 88.64 50.54 1.08 0.90
2.00 0.00 90.82 50.54 1.08 0.90
2.00 0.00 93.00 50.54 1.08 0.90
2.00 0.00 95.19 50.54 1.08 0.90
2.00 0.00 97.37 50.54 1.08 0.90
3.00 0.00 39.81 -0.54 1.08 0.90
3.00 0.00 41.17 -0.54 1.08 0.90
3.00 0.00 42.53 -0.54 1.08 0.90
3.00 0.00 43.89 -0.54 1.08 0.90
3.00 0.00 45.24 -0.54 1.08 0.90
3.00 0.00 46.60 -0.54 1.08 0.90
3.00 0.00 47.96 -0.54 1.08 0.90
3.00 0.00 49.32 -0.54 1.08 0.90
3.00 0.00 50.68 -0.54 1.08 0.90
3.00 0.00 52.04 -0.54 1.08 0.90
3.00 0.00 53.40 -0.54 1.08 0.90
3.00 0.00 54.76 -0.54 1.08 0.90
3.00 0.00 56.11 -0.54 1.08 0.90
3.00 0.00 57.47 -0.54 1.08 0.90
3.00 0.00 58.83 -0.54 1.08 0.90
3.00 0.00 60.19 -0.54 1.08 0.90
3.00 0.00 39.81 -2.42 1.08 0.90
3.00 0.00 41.17 -2.42 1.08 0.90
3.00 0.00 42.53 -2.42 1.08 0.90
3.00 0.00 43.89 -2.42 1.08 0.90
3.00 0.00 45.24 -2.42 1.08 0.90
3.00 0.00 46.60 -2.42 1.08 0.90
3.00 0.00 47.96 -2.42 1.08 0.90
3.00 0.00 49.32 -2.42 1.08 0.90
3.00 0.00 50.68 -2.42 1.08 0.90
3.00 0.00 52.04 -2.42 1.08 0.90
3.00 0.00 53.40 -2.42 1.08 0.90
3.00 0.00 54.76 -2.42 1.08 0.90
3.00 0.00 56.11 -2.42 1.08 0.90
3.00 0.00 57.47 -2.42 1.08 0.90
3.00 0.00 58.83 -2.42 1.08 0.90
3.00 0.00 60.19 -2.42 1.08 0.90
3.00 0.00 39.81 -4.30 1.08 0.90
3.00 0.00 41.17 -4.30 1.08 0.90
3.00 0.00 42.53 -4.30 1.08 0.90
3.00 0.00 43.89 -4.30 1.08 0.90
3.00 0.00 45.24 -4.30 1.08 0.90
3.00 0.00 46.60 -4.30 1.08 0.90
3.00 0.00 47.96 -4.30 1.08 0.90
3.00 0.00 49.32 -4.30 1.08 0.90
3.00 0.00 50.68 -4.30 1.08 0.90
3.00 0.00 52.04 -4.30 1.08 0.90
3.00 0.00 53.40 -4.30 1.08 0.90
3.00 0.00 54.76 -4.30 1.08 0.90
3.00 0.00 56.11 -4.30 1.08 0.90
3.00 0.00 57.47 -4.30 1.08 0.90
3.00 0.00 58.83 -4.30 1.08 0.90
3.00 0.00 60.19 -4.30 1.08 0.90
3.00 0.00 39.81 50.54 1.08 0.90
3.00 0.00 41.17 50.54 1.08 0.90
3.00 0.00 42.53 50.54 1.08 0.90
3.00 0.00 43.89 50.54 1.08 0.90
3.00 0.00 45.24 50.54 1.08 0.90
3.00 0.00 46.60 50.54 1.08 0.90
3.00 0.00 47.96 50.54 1.08 0.90
3.00 0.00 49.32 50.54 1.08 0.90
3.00 0.00 50.68 50.54 1.08 0.90
3.00 0.00 52.04 50.54 1.08 0.90
3.00 0.00 53.40 50.54 1.08 0.90
3.00 0.00 54.76 50.54 1.08 0.90
3.00 0.00 56.11 50.54 1.08 0.90
3.00 0.00 57.47 50.54 1.08 0.90
3.00 0.00 58.83 50.54 1.08 0.90
3.00 0.00 60.19 50.54 1.08 0.90
3.00 0.00 39.81 52.42 1.08 0.90
3.00 0.00 41.17 52.42 1.08 0.90
3.00 0.00 42.53 52.42 1.08 0.90
3.00 0.00 43.89 52.42 1.08 0.90
3.00 0.00 45.24 52.42 1.08 0.90
3.00 0.00 46.60 52.42 1.08 0.90
3.00 0.00 47.96 52.42 1.08 0.90
3.00 0.00 49.32 52.42 1.08 0.90
3.00 0.00 50.68 52.42 1.08 0.90
3.00 0.00 52.04 52.42 1.08 0.90
3.00 0.00 53.40 52.42 1.08 0.90
3.00 0.00 54.76 52.42 1.08 0.90
3.00 0.00 56.11 52.42 1.08 0.90
3.00 0.00 57.47 52.42 1.08 0.90
3.00 0.00 58.83 52.42 1.08 0.90
3.00 0.00 60.19 52.42 1.08 0.90
3.00 0.00 39.81 54.30 1.08 0.90
3.00 0.00 41.17 54.30 1.08 0.90
3.00 0.00 42.53 54.30 1.08 0.90
3.00 0.00 43.89 54.30 1.08 0.90
3.00 0.00 45.24 54.30 1.08 0.90
3.00 0.00 46.60 54.30 1.08 0.90
3.00 0.00 47.96 54.30 1.08 0.90
3.00 0.00 49.32 54.30 1.08 0.90
3.00 0.00 50.68 54.30 1.08 0.90
3.00 0.00 52.04 54.30 1.08 0.90
3.00 0.00 53.40 54.30 1.08 0.90
3.00 0.00 54.76 54.30 1.08 0.90
3.00 0.00 56.11 54.30 1.08 0.90
3.00 0.00 57.47 54.30 1.08 0.90
3.00 0.00 58.83 54.30 1.08 0.90
3.00 0.00 60.19 54.30 1.08 0.90
4.00 0.00 2.63 -0.54 1.08 0.90
4.00 0.00 4.81 -0.54 1.08 0.90
4.00 0.00 7.00 -0.54 1.08 0.90
4.00 0.00 9.18 -0.54 1.08 0.90
4.00 0.00 11.36 -0.54 1.08 0.90
4.00 0.00 13.54 -0.54 1.08 0.90
4.00 0.00 15.73 -0.54 1.08 0.90
4.00 0.00 17.91 -0.54 1.08 0.90
4.00 0.00 20.09 -0.54 1.08 0.90
4.00 0.00 22.27 -0.54 1.08 0.90
4.00 0.00 24.46 -0.54 1.08 0.90
4.00 0.00 26.64 -0.54 1.08 0.90
4.00 0.00 28.82 -0.54 1.08 0.90
4.00 0.00 31.00 -0.54 1.08 0.90
4.00 0.00 33.19 -0.54 1.08 0.90
4.00 0.00 35.37 -0.54 1.08 0.90
4.00 0.00 2.63 50.54 1.08 0.90
4.00 0.00 4.81 50.54 1.08 0.90
4.00 0.00 7.00 50.54 1.08 0.90
4.00 0.00 9.18 50.54 1.08 0.90
4.00 0.00 11.36 50.54 1.08 0.90
4.00 0.00 13.54 50.54 1.08 0.90
4.00 0.00 15.73 50.54 1.08 0.90
4.00 0.00 17.91 50.54 1.08 0.90
4.00 0.00 20.09 50.54 1.08 0.90
4.00 0.00 22.27 50.54 1.08 0.90
4.00 0.00 24.46 50.54 1.08 0.90
4.00 0.00 26.64 50.54 1.08 0.90
4.00 0.00 28.82 50.54 1.08 0.90
4.00 0.00 31.00 50.54 1.08 0.90
4.00 0.00 33.19 50.54 1.08 0.90
4.00 0.00 35.37 50.54 1.08 0.90
