0.00 8.27 4.70 12.55 5.41
0.00 24.06 4.70 17.22 5.41
0.00 39.39 4.70 9.44 5.41
0.00 55.17 4.70 20.33 5.41
0.00 74.78 4.70 14.88 5.41
0.00 86.75 4.70 7.27 5.41
0.00 94.64 4.70 6.72 5.41
0.00 9.44 11.29 14.88 5.96
0.00 25.22 11.29 14.88 5.96
0.00 39.39 11.29 9.44 5.96
0.00 50.00 11.29 9.99 5.96
0.00 60.61 11.29 9.44 5.96
0.00 73.61 11.29 12.55 5.96
0.00 89.39 11.29 17.22 5.96
0.00 9.44 17.87 14.88 5.41
0.00 25.23 17.87 14.88 5.41
0.00 42.11 17.87 14.88 5.41
0.00 57.89 17.87 14.88 5.41
0.00 73.14 17.87 11.62 5.41
0.00 88.92 17.87 18.15 5.41
0.00 6.72 28.70 9.44 12.26
0.00 22.50 28.70 20.33 12.26
0.00 38.61 28.70 7.88 12.26
0.00 47.67 28.70 8.43 12.26
0.00 59.06 28.70 12.55 12.26
0.00 70.69 28.70 6.72 12.26
0.00 80.62 28.70 11.35 12.26
0.00 92.60 28.70 10.80 12.26
0.00 7.81 41.87 11.62 12.26
0.00 17.33 41.87 5.63 12.26
0.00 26.86 41.87 11.62 12.26
0.00 38.84 41.87 8.35 12.26
0.00 50.00 41.87 12.17 12.26
0.00 61.16 41.87 8.35 12.26
0.00 72.05 41.87 9.44 12.26
0.00 82.67 41.87 9.99 12.26
0.00 93.28 41.87 9.44 12.26
1.00 81.00 -2.50 38.00 5.00
1.00 81.00 52.50 38.00 5.00
2.00 50.00 -2.50 24.00 5.00
2.00 50.00 52.50 24.00 5.00
3.00 19.00 -2.50 38.00 5.00
3.00 19.00 52.50 38.00 5.00
