1.00 0.00 4.78 9.01 1.08 0.90
1.00 2.00 7.01 4.70 1.08 0.90
1.00 2.00 7.01 6.85 1.08 0.90
1.00 0.00 4.78 2.54 1.08 0.90
1.00 2.00 2.54 4.70 1.08 0.90
1.00 2.00 2.54 6.85 1.08 0.90
1.00 0.00 10.66 9.01 1.08 0.90
1.00 0.00 12.34 9.01 1.08 0.90
1.00 2.00 14.01 4.70 1.08 0.90
1.00 2.00 14.01 6.85 1.08 0.90
1.00 0.00 10.66 2.54 1.08 0.90
1.00 0.00 12.34 2.54 1.08 0.90
1.00 2.00 8.99 4.70 1.08 0.90
1.00 2.00 8.99 6.85 1.08 0.90
1.00 0.00 18.28 9.01 1.08 0.90
1.00 0.00 20.58 9.01 1.08 0.90
1.00 0.00 22.87 9.01 1.08 0.90
1.00 0.00 25.17 9.01 1.08 0.90
1.00 2.00 27.46 4.70 1.08 0.90
1.00 2.00 27.46 6.85 1.08 0.90
1.00 0.00 18.28 2.54 1.08 0.90
1.00 0.00 20.58 2.54 1.08 0.90
1.00 0.00 22.87 2.54 1.08 0.90
1.00 0.00 25.17 2.54 1.08 0.90
1.00 2.00 15.99 4.70 1.08 0.90
1.00 2.00 15.99 6.85 1.08 0.90
1.00 0.00 4.92 17.46 1.08 0.90
1.00 0.00 7.30 17.46 1.08 0.90
1.00 0.00 9.67 17.46 1.08 0.90
1.00 0.00 12.05 17.46 1.08 0.90
1.00 0.00 14.43 17.46 1.08 0.90
1.00 2.00 16.81 13.15 1.08 0.90
1.00 2.00 16.81 15.30 1.08 0.90
1.00 0.00 4.92 10.99 1.08 0.90
1.00 0.00 7.30 10.99 1.08 0.90
1.00 0.00 9.67 10.99 1.08 0.90
1.00 0.00 12.05 10.99 1.08 0.90
1.00 0.00 14.43 10.99 1.08 0.90
1.00 2.00 2.54 13.15 1.08 0.90
1.00 2.00 2.54 15.30 1.08 0.90
1.00 0.00 20.96 17.46 1.08 0.90
1.00 0.00 23.12 17.46 1.08 0.90
1.00 0.00 25.29 17.46 1.08 0.90
1.00 2.00 27.46 13.15 1.08 0.90
1.00 2.00 27.46 15.30 1.08 0.90
1.00 0.00 20.96 10.99 1.08 0.90
1.00 0.00 23.12 10.99 1.08 0.90
1.00 0.00 25.29 10.99 1.08 0.90
1.00 2.00 18.79 13.15 1.08 0.90
1.00 2.00 18.79 15.30 1.08 0.90
2.00 0.00 21.13 -0.54 1.08 0.90
2.00 0.00 22.82 -0.54 1.08 0.90
2.00 0.00 24.50 -0.54 1.08 0.90
2.00 0.00 26.18 -0.54 1.08 0.90
2.00 0.00 27.87 -0.54 1.08 0.90
2.00 0.00 21.13 20.54 1.08 0.90
2.00 0.00 22.82 20.54 1.08 0.90
2.00 0.00 24.50 20.54 1.08 0.90
2.00 0.00 26.18 20.54 1.08 0.90
2.00 0.00 27.87 20.54 1.08 0.90
3.00 0.00 12.87 -0.54 1.08 0.90
3.00 0.00 14.29 -0.54 1.08 0.90
3.00 0.00 15.71 -0.54 1.08 0.90
3.00 0.00 17.13 -0.54 1.08 0.90
3.00 0.00 12.87 -2.42 1.08 0.90
3.00 0.00 14.29 -2.42 1.08 0.90
3.00 0.00 15.71 -2.42 1.08 0.90
3.00 0.00 17.13 -2.42 1.08 0.90
3.00 0.00 12.87 -4.30 1.08 0.90
3.00 0.00 14.29 -4.30 1.08 0.90
3.00 0.00 15.71 -4.30 1.08 0.90
3.00 0.00 17.13 -4.30 1.08 0.90
3.00 0.00 12.87 20.54 1.08 0.90
3.00 0.00 14.29 20.54 1.08 0.90
3.00 0.00 15.71 20.54 1.08 0.90
3.00 0.00 17.13 20.54 1.08 0.90
3.00 0.00 12.87 22.42 1.08 0.90
3.00 0.00 14.29 22.42 1.08 0.90
3.00 0.00 15.71 22.42 1.08 0.90
3.00 0.00 17.13 22.42 1.08 0.90
3.00 0.00 12.87 24.30 1.08 0.90
3.00 0.00 14.29 24.30 1.08 0.90
3.00 0.00 15.71 24.30 1.08 0.90
3.00 0.00 17.13 24.30 1.08 0.90
4.00 0.00 2.13 -0.54 1.08 0.90
4.00 0.00 3.82 -0.54 1.08 0.90
4.00 0.00 5.50 -0.54 1.08 0.90
4.00 0.00 7.18 -0.54 1.08 0.90
4.00 0.00 8.87 -0.54 1.08 0.90
4.00 0.00 2.13 20.54 1.08 0.90
4.00 0.00 3.82 20.54 1.08 0.90
4.00 0.00 5.50 20.54 1.08 0.90
4.00 0.00 7.18 20.54 1.08 0.90
4.00 0.00 8.87 20.54 1.08 0.90
