57.00 54.00 1.00 2.00 149.42
28.00 57.00 1.00 1.00 110.33
56.00 27.00 1.00 2.00 34.75
8.00 23.00 0.00 5.00 163.82
8.00 55.00 1.00 3.00 179.81
51.00 13.00 0.00 5.00 113.56
40.00 13.00 0.00 1.00 127.85
53.00 8.00 1.00 2.00 128.02
31.00 51.00 0.00 4.00 138.84
37.00 50.00 1.00 4.00 75.24
26.00 54.00 0.00 5.00 65.97
50.00 56.00 1.00 5.00 168.06
16.00 5.00 0.00 5.00 148.10
5.00 15.00 0.00 3.00 186.03
54.00 5.00 1.00 5.00 136.89
50.00 5.00 0.00 4.00 95.32
52.00 59.00 1.00 4.00 136.80
26.00 46.00 1.00 4.00 165.33
22.00 39.00 1.00 1.00 70.51
48.00 33.00 0.00 1.00 38.98
4.00 57.00 0.00 2.00 174.33
48.00 50.00 0.00 5.00 176.90
34.00 54.00 1.00 3.00 45.85
10.00 53.00 0.00 5.00 92.68
58.00 52.00 0.00 1.00 126.17
0.00 51.00 0.00 2.00 156.24
58.00 50.00 0.00 5.00 66.83
4.00 53.00 1.00 3.00 60.95
38.00 30.00 1.00 1.00 76.91
39.00 6.00 1.00 2.00 47.71
17.00 10.00 1.00 1.00 96.15
12.00 55.00 0.00 3.00 145.62
13.00 19.00 1.00 4.00 88.30
54.00 55.00 1.00 1.00 151.48
49.00 0.00 0.00 3.00 122.11
55.00 17.00 1.00 4.00 100.29
11.00 15.00 0.00 2.00 184.69
36.00 58.00 1.00 3.00 58.14
44.00 39.00 1.00 5.00 106.16
4.00 56.00 0.00 5.00 150.45
57.00 50.00 0.00 4.00 179.38
8.00 51.00 1.00 3.00 199.19
44.00 30.00 1.00 3.00 150.04
39.00 15.00 0.00 3.00 98.89
51.00 57.00 0.00 1.00 168.74
13.00 59.00 0.00 4.00 105.22
40.00 53.00 1.00 3.00 77.78
56.00 53.00 1.00 4.00 135.26
52.00 57.00 1.00 4.00 158.49
12.00 22.00 0.00 5.00 55.58
50.00 56.00 1.00 4.00 137.23
59.00 34.00 1.00 4.00 102.23
55.00 20.00 1.00 1.00 30.16
50.00 44.00 0.00 4.00 124.32
55.00 54.00 1.00 3.00 58.57
59.00 51.00 1.00 3.00 194.00
58.00 51.00 1.00 1.00 116.78
55.00 13.00 1.00 1.00 129.72
12.00 54.00 1.00 5.00 198.50
5.00 53.00 0.00 1.00 143.29
56.00 53.00 0.00 4.00 91.05
1.00 54.00 1.00 4.00 37.53
56.00 52.00 1.00 3.00 191.81
51.00 55.00 0.00 3.00 56.63
14.00 58.00 0.00 5.00 110.48
55.00 53.00 0.00 2.00 134.81
22.00 55.00 0.00 2.00 73.99
57.00 53.00 1.00 1.00 81.62
12.00 50.00 1.00 4.00 61.57
55.00 19.00 1.00 2.00 186.70
8.00 26.00 0.00 2.00 113.84
14.00 29.00 1.00 5.00 53.91
36.00 40.00 1.00 1.00 55.31
33.00 25.00 0.00 2.00 97.89
30.00 9.00 1.00 3.00 73.21
53.00 3.00 1.00 1.00 45.47
53.00 26.00 0.00 1.00 185.56
54.00 1.00 0.00 4.00 98.68
20.00 13.00 0.00 5.00 90.56
10.00 47.00 0.00 2.00 180.17
48.00 23.00 1.00 2.00 161.39
50.00 37.00 1.00 1.00 175.63
55.00 52.00 1.00 5.00 162.96
59.00 35.00 0.00 2.00 67.84
30.00 38.00 0.00 3.00 188.81
44.00 52.00 1.00 4.00 123.21
2.00 54.00 0.00 2.00 166.02
4.00 21.00 1.00 3.00 34.69
56.00 51.00 1.00 4.00 102.84
55.00 51.00 0.00 2.00 98.84
32.00 58.00 0.00 4.00 83.48
55.00 22.00 1.00 2.00 82.74
59.00 50.00 0.00 3.00 157.91
55.00 53.00 0.00 4.00 73.75
56.00 37.00 0.00 1.00 76.46
13.00 51.00 1.00 2.00 163.25
52.00 37.00 0.00 2.00 83.71
26.00 47.00 1.00 1.00 61.09
58.00 54.00 1.00 2.00 90.10
59.00 32.00 0.00 1.00 199.91
50.00 55.00 0.00 2.00 161.21
53.00 56.00 0.00 1.00 99.44
25.00 43.00 1.00 1.00 133.43
51.00 56.00 1.00 4.00 172.21
13.00 58.00 0.00 2.00 79.81
11.00 4.00 1.00 2.00 135.61
29.00 47.00 1.00 2.00 152.15
51.00 56.00 1.00 3.00 49.95
52.00 56.00 0.00 5.00 54.69
31.00 59.00 1.00 5.00 115.84
2.00 54.00 0.00 2.00 75.66
11.00 46.00 0.00 2.00 177.57
53.00 55.00 0.00 3.00 127.99
52.00 57.00 0.00 4.00 102.87
30.00 10.00 1.00 3.00 135.16
36.00 55.00 1.00 4.00 70.12
9.00 52.00 1.00 1.00 123.40
15.00 54.00 0.00 4.00 110.11
15.00 52.00 1.00 4.00 120.37
24.00 27.00 1.00 2.00 90.04
0.00 49.00 0.00 5.00 176.82
54.00 44.00 1.00 5.00 133.74
53.00 0.00 1.00 4.00 105.18
9.00 52.00 0.00 3.00 198.39
1.00 53.00 1.00 5.00 84.12
43.00 52.00 1.00 5.00 91.64
34.00 18.00 0.00 2.00 133.54
54.00 44.00 1.00 3.00 99.41
5.00 49.00 0.00 3.00 145.87
2.00 57.00 1.00 3.00 171.77
59.00 26.00 0.00 1.00 131.91
27.00 18.00 1.00 4.00 72.83
59.00 38.00 1.00 3.00 63.75
58.00 14.00 1.00 2.00 77.67
57.00 23.00 1.00 1.00 166.71
41.00 51.00 1.00 1.00 50.48
56.00 50.00 1.00 3.00 192.64
58.00 25.00 0.00 3.00 166.99
5.00 50.00 0.00 1.00 180.92
32.00 53.00 0.00 1.00 175.53
26.00 59.00 0.00 2.00 57.45
54.00 58.00 1.00 3.00 115.04
1.00 53.00 1.00 1.00 61.21
50.00 57.00 1.00 4.00 69.53
17.00 33.00 1.00 4.00 60.21
14.00 58.00 0.00 3.00 165.16
51.00 8.00 0.00 2.00 77.30
51.00 29.00 0.00 1.00 154.12
43.00 39.00 1.00 1.00 107.80
7.00 58.00 1.00 2.00 60.33
37.00 56.00 0.00 5.00 101.00
56.00 51.00 0.00 4.00 154.62
2.00 41.00 0.00 1.00 33.82
10.00 52.00 1.00 4.00 171.84
27.00 56.00 0.00 2.00 48.66
3.00 44.00 0.00 2.00 150.96
37.00 18.00 1.00 1.00 154.50
27.00 8.00 0.00 4.00 110.79
51.00 57.00 0.00 3.00 168.99
52.00 56.00 1.00 3.00 61.06
29.00 59.00 0.00 1.00 120.56
54.00 58.00 0.00 1.00 147.50
49.00 26.00 1.00 5.00 65.78
13.00 50.00 1.00 3.00 199.00
59.00 6.00 0.00 3.00 100.57
58.00 50.00 1.00 1.00 102.95
51.00 56.00 0.00 4.00 142.22
17.00 32.00 0.00 5.00 125.02
52.00 58.00 0.00 5.00 56.49
54.00 15.00 0.00 3.00 49.40
41.00 54.00 0.00 2.00 92.51
2.00 53.00 0.00 2.00 48.99
20.00 57.00 0.00 4.00 192.99
15.00 4.00 0.00 3.00 57.27
58.00 38.00 1.00 5.00 162.48
16.00 38.00 0.00 1.00 146.27
51.00 12.00 1.00 4.00 56.71
51.00 58.00 0.00 2.00 79.94
33.00 54.00 1.00 2.00 162.98
57.00 51.00 0.00 1.00 114.75
27.00 14.00 1.00 3.00 56.14
56.00 10.00 1.00 3.00 86.21
40.00 0.00 1.00 2.00 75.12
55.00 6.00 0.00 5.00 153.44
14.00 3.00 0.00 5.00 77.76
33.00 8.00 0.00 1.00 62.98
24.00 33.00 0.00 3.00 170.72
59.00 26.00 1.00 2.00 74.28
50.00 59.00 1.00 1.00 54.01
51.00 8.00 1.00 1.00 198.52
55.00 28.00 1.00 3.00 32.41
12.00 54.00 0.00 2.00 124.47
48.00 39.00 1.00 5.00 186.00
53.00 56.00 1.00 2.00 74.02
58.00 52.00 1.00 4.00 43.23
42.00 50.00 0.00 4.00 87.61
6.00 51.00 1.00 4.00 57.65
53.00 55.00 0.00 3.00 132.33
14.00 52.00 1.00 5.00 30.93
54.00 2.00 1.00 2.00 80.86
44.00 38.00 0.00 4.00 36.33
35.00 56.00 0.00 4.00 117.34
39.00 55.00 0.00 2.00 107.99
56.00 52.00 0.00 2.00 131.35
52.00 59.00 1.00 1.00 136.43
58.00 50.00 0.00 1.00 60.66
42.00 19.00 1.00 3.00 190.03
45.00 28.00 0.00 3.00 165.27
14.00 54.00 0.00 2.00 172.38
10.00 47.00 1.00 4.00 53.69
6.00 23.00 1.00 4.00 144.17
38.00 32.00 0.00 2.00 150.16
36.00 50.00 0.00 2.00 128.87
1.00 16.00 1.00 2.00 43.39
37.00 21.00 0.00 1.00 144.71
48.00 39.00 1.00 4.00 195.35
52.00 39.00 1.00 2.00 138.82
50.00 57.00 1.00 1.00 69.84
50.00 32.00 1.00 5.00 47.34
50.00 35.00 1.00 1.00 127.50
35.00 17.00 1.00 1.00 30.22
58.00 7.00 0.00 2.00 108.21
49.00 19.00 1.00 1.00 79.77
31.00 58.00 1.00 3.00 77.66
57.00 21.00 1.00 1.00 113.20
31.00 27.00 0.00 5.00 53.34
55.00 52.00 1.00 4.00 195.37
39.00 17.00 0.00 1.00 60.40
55.00 12.00 0.00 1.00 81.50
53.00 9.00 1.00 4.00 129.53
0.00 52.00 0.00 2.00 73.59
54.00 4.00 1.00 2.00 180.21
26.00 53.00 1.00 3.00 36.73
50.00 1.00 0.00 4.00 147.98
59.00 51.00 1.00 4.00 110.65
37.00 18.00 0.00 4.00 57.11
36.00 44.00 0.00 4.00 53.61
25.00 18.00 0.00 2.00 113.41
7.00 56.00 0.00 3.00 125.08
3.00 52.00 0.00 1.00 35.50
13.00 49.00 0.00 3.00 180.13
10.00 17.00 1.00 4.00 40.89
30.00 54.00 0.00 2.00 189.30
53.00 55.00 0.00 4.00 46.89
59.00 30.00 0.00 2.00 85.10
51.00 4.00 1.00 5.00 166.90
56.00 12.00 1.00 4.00 120.60
35.00 43.00 0.00 3.00 70.56
52.00 58.00 0.00 4.00 178.51
50.00 39.00 0.00 3.00 138.16
46.00 13.00 1.00 1.00 124.28
17.00 10.00 0.00 1.00 139.40
54.00 56.00 0.00 2.00 138.38
45.00 29.00 1.00 1.00 162.59
9.00 30.00 0.00 3.00 188.95
48.00 10.00 1.00 3.00 82.11
52.00 35.00 1.00 2.00 184.15
57.00 50.00 0.00 2.00 173.42
59.00 22.00 1.00 4.00 130.57
42.00 14.00 1.00 4.00 197.56
59.00 12.00 1.00 2.00 79.12
6.00 23.00 0.00 2.00 56.29
4.00 53.00 0.00 5.00 127.10
34.00 52.00 0.00 1.00 91.70
37.00 51.00 1.00 4.00 175.15
7.00 58.00 0.00 4.00 32.43
35.00 21.00 0.00 5.00 135.69
31.00 5.00 0.00 5.00 121.68
0.00 24.00 0.00 5.00 149.04
55.00 53.00 0.00 3.00 117.92
48.00 54.00 0.00 3.00 74.33
0.00 19.00 0.00 4.00 34.36
34.00 55.00 1.00 1.00 110.13
57.00 52.00 0.00 4.00 48.87
55.00 52.00 1.00 3.00 93.35
57.00 38.00 1.00 3.00 126.97
5.00 57.00 0.00 3.00 103.25
14.00 34.00 1.00 1.00 163.33
59.00 50.00 1.00 5.00 75.83
34.00 51.00 1.00 5.00 92.67
13.00 54.00 1.00 1.00 60.15
2.00 57.00 1.00 4.00 186.33
45.00 58.00 0.00 1.00 141.41
56.00 50.00 0.00 5.00 124.06
54.00 24.00 0.00 1.00 155.60
52.00 47.00 0.00 4.00 124.57
56.00 52.00 1.00 2.00 189.33
55.00 50.00 1.00 3.00 153.20
41.00 52.00 1.00 5.00 149.24
54.00 49.00 1.00 5.00 134.38
56.00 50.00 1.00 2.00 180.80
45.00 59.00 0.00 2.00 47.82
0.00 42.00 0.00 5.00 49.91
52.00 43.00 1.00 3.00 76.44
46.00 11.00 1.00 3.00 68.35
51.00 44.00 1.00 3.00 152.55
46.00 29.00 1.00 2.00 160.29
10.00 28.00 1.00 3.00 108.40
50.00 27.00 1.00 1.00 53.45
55.00 0.00 0.00 1.00 98.84
6.00 47.00 0.00 1.00 127.66
52.00 42.00 1.00 5.00 182.48
59.00 52.00 1.00 5.00 60.85
36.00 52.00 0.00 3.00 121.09
10.00 55.00 1.00 2.00 149.36
43.00 23.00 1.00 2.00 104.66
51.00 31.00 0.00 4.00 169.62
55.00 52.00 0.00 1.00 145.95
55.00 9.00 0.00 3.00 39.51
56.00 51.00 1.00 2.00 35.52
58.00 54.00 1.00 4.00 129.37
43.00 35.00 1.00 5.00 146.19
57.00 30.00 0.00 1.00 33.74
54.00 38.00 1.00 5.00 50.06
59.00 0.00 1.00 3.00 157.21
0.00 50.00 1.00 4.00 164.17
51.00 55.00 0.00 4.00 192.11
52.00 56.00 1.00 4.00 50.63
27.00 54.00 0.00 4.00 193.91
50.00 55.00 1.00 3.00 40.82
59.00 9.00 1.00 2.00 48.94
56.00 54.00 0.00 4.00 138.47
55.00 33.00 0.00 3.00 95.64
30.00 9.00 0.00 1.00 166.30
57.00 27.00 1.00 4.00 166.39
57.00 51.00 1.00 4.00 111.11
54.00 39.00 0.00 2.00 108.32
34.00 19.00 1.00 3.00 115.90
51.00 4.00 1.00 4.00 166.50
20.00 42.00 0.00 3.00 119.84
14.00 56.00 0.00 2.00 157.29
29.00 5.00 1.00 5.00 158.48
52.00 43.00 0.00 4.00 160.25
58.00 34.00 0.00 2.00 82.72
34.00 43.00 1.00 2.00 70.97
57.00 20.00 1.00 1.00 185.91
50.00 6.00 0.00 5.00 154.03
55.00 18.00 0.00 3.00 140.03
45.00 3.00 1.00 3.00 112.85
41.00 36.00 1.00 1.00 147.44
52.00 58.00 0.00 2.00 159.76
53.00 36.00 0.00 5.00 178.61
17.00 58.00 1.00 1.00 100.06
52.00 43.00 1.00 3.00 150.95
56.00 50.00 0.00 1.00 57.23
1.00 54.00 1.00 5.00 197.66
56.00 53.00 1.00 3.00 190.29
53.00 44.00 0.00 2.00 191.65
19.00 7.00 0.00 2.00 106.63
38.00 52.00 1.00 1.00 100.71
52.00 57.00 1.00 5.00 188.96
29.00 18.00 1.00 4.00 73.91
56.00 38.00 0.00 5.00 43.47
3.00 54.00 1.00 1.00 96.24
35.00 15.00 0.00 4.00 138.39
0.00 46.00 0.00 3.00 133.41
0.00 52.00 1.00 5.00 41.46
55.00 10.00 0.00 4.00 160.02
50.00 59.00 0.00 1.00 32.97
5.00 48.00 0.00 1.00 82.97
51.00 25.00 1.00 5.00 77.41
59.00 36.00 1.00 1.00 106.77
53.00 30.00 0.00 1.00 37.49
57.00 16.00 1.00 5.00 128.52
58.00 38.00 0.00 4.00 107.30
43.00 50.00 0.00 2.00 109.32
52.00 6.00 0.00 2.00 100.20
52.00 56.00 1.00 3.00 145.39
3.00 37.00 1.00 5.00 41.96
53.00 57.00 1.00 5.00 120.71
18.00 48.00 1.00 2.00 107.31
23.00 58.00 0.00 1.00 127.77
53.00 39.00 1.00 5.00 106.82
58.00 54.00 1.00 4.00 87.38
12.00 50.00 1.00 3.00 160.79
22.00 28.00 1.00 5.00 180.58
50.00 29.00 0.00 4.00 72.74
30.00 58.00 0.00 5.00 136.23
5.00 55.00 0.00 2.00 154.51
53.00 56.00 1.00 1.00 175.62
55.00 51.00 1.00 2.00 113.14
27.00 21.00 1.00 3.00 148.27
58.00 51.00 0.00 5.00 158.67
59.00 53.00 0.00 2.00 173.52
53.00 58.00 0.00 1.00 36.65
55.00 19.00 1.00 4.00 135.31
58.00 3.00 0.00 4.00 167.17
52.00 55.00 1.00 3.00 194.21
50.00 47.00 1.00 4.00 111.05
8.00 39.00 0.00 2.00 131.74
52.00 46.00 0.00 3.00 147.58
59.00 51.00 1.00 3.00 163.12
50.00 1.00 1.00 3.00 169.03
59.00 51.00 1.00 1.00 133.07
18.00 55.00 0.00 5.00 164.06
8.00 56.00 0.00 5.00 190.89
48.00 28.00 0.00 5.00 145.30
1.00 47.00 0.00 1.00 171.78
1.00 56.00 0.00 3.00 123.33
55.00 4.00 1.00 5.00 185.27
50.00 59.00 1.00 4.00 144.15
50.00 41.00 1.00 4.00 37.14
48.00 54.00 0.00 4.00 125.50
59.00 54.00 0.00 2.00 38.32
55.00 36.00 1.00 2.00 179.87
57.00 45.00 0.00 3.00 130.13
59.00 35.00 0.00 5.00 79.45
53.00 57.00 1.00 5.00 70.76
4.00 55.00 1.00 3.00 113.66
39.00 8.00 0.00 1.00 155.98
48.00 51.00 0.00 4.00 183.37
32.00 50.00 1.00 4.00 59.45
50.00 57.00 0.00 2.00 173.97
10.00 57.00 1.00 2.00 48.75
6.00 59.00 0.00 2.00 80.62
50.00 56.00 1.00 4.00 175.24
15.00 11.00 1.00 2.00 89.43
54.00 5.00 1.00 4.00 147.91
35.00 49.00 0.00 5.00 90.57
38.00 51.00 0.00 3.00 121.07
6.00 50.00 0.00 5.00 65.32
59.00 4.00 0.00 3.00 104.43
51.00 55.00 1.00 1.00 172.91
37.00 56.00 0.00 5.00 41.29
55.00 22.00 1.00 2.00 130.73
53.00 58.00 1.00 3.00 76.64
29.00 58.00 1.00 1.00 110.40
57.00 52.00 0.00 4.00 156.46
6.00 50.00 0.00 4.00 36.59
53.00 58.00 0.00 3.00 173.94
54.00 58.00 1.00 3.00 125.53
59.00 54.00 0.00 4.00 172.86
13.00 39.00 1.00 1.00 71.54
45.00 12.00 0.00 3.00 84.03
58.00 24.00 0.00 4.00 59.09
58.00 11.00 0.00 2.00 146.14
59.00 51.00 0.00 3.00 155.18
12.00 50.00 1.00 3.00 116.54
7.00 55.00 0.00 4.00 40.36
27.00 54.00 0.00 5.00 68.16
59.00 54.00 0.00 1.00 133.75
50.00 56.00 1.00 2.00 119.03
27.00 41.00 1.00 4.00 34.63
51.00 27.00 0.00 4.00 45.86
0.00 23.00 1.00 5.00 129.32
42.00 50.00 1.00 5.00 174.21
56.00 50.00 0.00 2.00 79.44
52.00 57.00 1.00 1.00 117.39
52.00 12.00 1.00 2.00 35.72
54.00 28.00 1.00 3.00 127.10
47.00 10.00 1.00 2.00 92.65
25.00 53.00 0.00 2.00 144.38
50.00 5.00 1.00 3.00 91.24
44.00 1.00 1.00 3.00 199.56
35.00 59.00 1.00 5.00 183.64
14.00 57.00 0.00 5.00 103.16
18.00 4.00 1.00 5.00 80.42
59.00 54.00 1.00 1.00 91.86
9.00 23.00 1.00 4.00 99.82
52.00 5.00 1.00 2.00 60.95
3.00 21.00 0.00 4.00 191.40
53.00 5.00 0.00 4.00 92.67
3.00 55.00 0.00 2.00 196.54
3.00 50.00 1.00 2.00 58.30
58.00 54.00 1.00 3.00 58.63
58.00 32.00 0.00 4.00 73.57
6.00 59.00 0.00 4.00 107.31
57.00 51.00 0.00 1.00 42.95
46.00 59.00 1.00 2.00 169.38
53.00 6.00 0.00 1.00 170.78
53.00 55.00 1.00 5.00 131.03
1.00 14.00 1.00 1.00 74.94
53.00 15.00 1.00 4.00 177.36
14.00 55.00 0.00 5.00 181.05
57.00 38.00 1.00 2.00 36.28
19.00 58.00 0.00 1.00 158.59
54.00 15.00 0.00 4.00 88.22
46.00 54.00 1.00 1.00 47.35
58.00 54.00 1.00 2.00 87.55
59.00 53.00 1.00 2.00 46.92
51.00 27.00 1.00 3.00 175.17
34.00 52.00 0.00 5.00 146.69
1.00 56.00 1.00 4.00 150.33
33.00 58.00 1.00 3.00 70.69
12.00 59.00 0.00 2.00 130.30
42.00 22.00 1.00 2.00 39.78
53.00 39.00 0.00 5.00 45.29
5.00 55.00 0.00 3.00 183.01
18.00 13.00 0.00 3.00 47.63
44.00 25.00 1.00 2.00 74.98
29.00 42.00 1.00 4.00 86.51
56.00 8.00 1.00 1.00 59.21
57.00 38.00 0.00 3.00 192.68
41.00 23.00 0.00 2.00 93.77
15.00 28.00 0.00 5.00 129.10
30.00 8.00 1.00 1.00 139.41
49.00 51.00 0.00 5.00 95.97
8.00 56.00 0.00 4.00 162.92
28.00 19.00 0.00 2.00 121.29
36.00 53.00 0.00 5.00 89.32
33.00 17.00 1.00 2.00 55.29
31.00 10.00 1.00 2.00 124.27
45.00 2.00 1.00 3.00 129.20
51.00 57.00 0.00 1.00 145.60
56.00 27.00 1.00 3.00 70.11
42.00 52.00 0.00 5.00 140.58
52.00 4.00 0.00 1.00 67.40
55.00 47.00 1.00 4.00 80.25
46.00 34.00 1.00 5.00 62.22
19.00 26.00 1.00 4.00 67.95
28.00 52.00 0.00 3.00 91.47
58.00 51.00 0.00 4.00 52.39
45.00 50.00 0.00 1.00 88.97
54.00 49.00 1.00 4.00 172.34
13.00 50.00 0.00 3.00 180.56
45.00 34.00 0.00 4.00 136.65
35.00 15.00 0.00 1.00 72.58
58.00 3.00 0.00 3.00 78.98
24.00 34.00 0.00 2.00 125.58
45.00 58.00 1.00 5.00 149.80
31.00 54.00 0.00 5.00 90.46
33.00 57.00 0.00 4.00 104.95
50.00 59.00 1.00 2.00 47.54
57.00 53.00 0.00 4.00 125.33
13.00 16.00 0.00 5.00 84.27
53.00 46.00 1.00 1.00 107.04
50.00 57.00 0.00 3.00 134.21
57.00 54.00 1.00 4.00 47.40
11.00 46.00 0.00 4.00 177.29
11.00 45.00 1.00 4.00 134.41
58.00 17.00 0.00 5.00 166.03
56.00 0.00 1.00 5.00 165.35
32.00 21.00 0.00 3.00 82.58
53.00 28.00 0.00 3.00 188.67
51.00 55.00 0.00 4.00 92.51
52.00 59.00 0.00 5.00 187.13
45.00 12.00 1.00 4.00 130.21
53.00 29.00 1.00 5.00 106.51
39.00 43.00 1.00 4.00 180.94
51.00 55.00 0.00 4.00 73.73
53.00 3.00 1.00 3.00 118.50
15.00 38.00 0.00 4.00 84.32
1.00 23.00 1.00 3.00 62.57
39.00 3.00 1.00 4.00 145.19
30.00 59.00 1.00 3.00 198.41
46.00 1.00 0.00 3.00 106.66
58.00 52.00 0.00 1.00 72.25
10.00 55.00 1.00 2.00 144.53
57.00 28.00 0.00 1.00 192.23
4.00 54.00 1.00 3.00 152.08
57.00 28.00 1.00 3.00 116.73
57.00 50.00 0.00 4.00 104.24
18.00 38.00 1.00 2.00 147.45
18.00 58.00 0.00 2.00 135.46
48.00 1.00 0.00 5.00 148.63
53.00 59.00 1.00 2.00 151.93
47.00 24.00 0.00 3.00 109.34
56.00 54.00 0.00 2.00 99.27
50.00 56.00 0.00 3.00 113.07
55.00 51.00 1.00 5.00 115.72
21.00 38.00 0.00 5.00 166.50
52.00 58.00 0.00 5.00 99.95
13.00 46.00 0.00 2.00 147.44
36.00 59.00 1.00 5.00 187.69
41.00 29.00 1.00 1.00 196.50
34.00 16.00 1.00 5.00 166.40
16.00 54.00 1.00 4.00 98.78
58.00 51.00 0.00 4.00 133.56
24.00 55.00 1.00 2.00 103.65
54.00 59.00 0.00 1.00 137.72
50.00 42.00 1.00 4.00 78.25
58.00 32.00 1.00 2.00 187.19
56.00 51.00 0.00 2.00 33.91
36.00 5.00 0.00 4.00 90.85
45.00 33.00 1.00 2.00 66.19
49.00 38.00 0.00 3.00 108.10
59.00 46.00 0.00 3.00 163.63
11.00 54.00 1.00 5.00 193.63
38.00 21.00 1.00 1.00 179.57
56.00 50.00 1.00 4.00 47.74
58.00 54.00 1.00 4.00 110.71
25.00 56.00 1.00 3.00 123.13
55.00 51.00 0.00 1.00 96.41
54.00 11.00 0.00 5.00 89.08
30.00 50.00 1.00 2.00 192.30
58.00 52.00 0.00 5.00 85.03
17.00 6.00 0.00 3.00 93.51
10.00 42.00 0.00 4.00 190.81
2.00 42.00 1.00 1.00 165.42
6.00 57.00 0.00 2.00 84.75
41.00 1.00 0.00 4.00 73.09
50.00 56.00 1.00 1.00 85.21
35.00 56.00 1.00 3.00 131.19
4.00 28.00 1.00 5.00 38.07
54.00 16.00 0.00 3.00 114.21
53.00 58.00 0.00 3.00 149.06
53.00 56.00 0.00 4.00 31.24
41.00 24.00 0.00 2.00 199.32
19.00 13.00 1.00 5.00 89.43
12.00 32.00 0.00 1.00 66.59
15.00 27.00 1.00 4.00 130.27
54.00 58.00 1.00 5.00 99.98
56.00 35.00 1.00 4.00 99.52
59.00 20.00 0.00 5.00 54.75
52.00 58.00 1.00 2.00 122.01
59.00 27.00 1.00 4.00 190.19
27.00 3.00 0.00 1.00 175.60
55.00 16.00 0.00 4.00 67.86
11.00 55.00 0.00 1.00 121.82
58.00 51.00 1.00 4.00 98.58
35.00 52.00 1.00 2.00 45.08
3.00 18.00 1.00 2.00 117.19
56.00 15.00 0.00 2.00 183.31
51.00 32.00 1.00 4.00 173.69
51.00 55.00 0.00 1.00 82.88
50.00 49.00 0.00 4.00 141.31
1.00 57.00 1.00 1.00 113.32
52.00 57.00 0.00 5.00 100.21
12.00 51.00 1.00 3.00 191.38
59.00 37.00 0.00 4.00 99.47
54.00 42.00 0.00 5.00 38.42
59.00 0.00 1.00 5.00 59.89
58.00 54.00 0.00 3.00 160.79
50.00 58.00 0.00 4.00 145.53
55.00 17.00 1.00 5.00 168.94
54.00 55.00 0.00 4.00 34.21
59.00 14.00 1.00 2.00 190.22
59.00 27.00 0.00 3.00 84.27
51.00 35.00 0.00 4.00 100.93
4.00 57.00 1.00 5.00 112.92
52.00 35.00 1.00 1.00 58.22
14.00 12.00 1.00 4.00 50.38
27.00 51.00 1.00 3.00 168.65
50.00 2.00 0.00 3.00 182.49
31.00 53.00 0.00 5.00 167.98
33.00 51.00 1.00 4.00 119.17
52.00 59.00 1.00 2.00 120.70
58.00 27.00 0.00 5.00 110.25
59.00 52.00 0.00 2.00 68.18
57.00 54.00 1.00 1.00 188.05
24.00 56.00 0.00 1.00 75.68
58.00 7.00 1.00 4.00 71.05
42.00 52.00 1.00 1.00 113.41
54.00 59.00 1.00 1.00 167.80
16.00 58.00 1.00 4.00 112.65
37.00 59.00 0.00 1.00 113.63
49.00 53.00 0.00 3.00 147.27
50.00 44.00 1.00 2.00 149.25
59.00 5.00 0.00 3.00 125.06
54.00 12.00 0.00 1.00 61.82
56.00 50.00 0.00 1.00 78.80
50.00 57.00 1.00 2.00 196.27
18.00 14.00 0.00 4.00 149.76
50.00 59.00 1.00 4.00 127.48
20.00 26.00 1.00 5.00 39.82
23.00 59.00 0.00 3.00 58.33
53.00 3.00 1.00 2.00 185.83
57.00 18.00 0.00 2.00 198.49
57.00 26.00 0.00 5.00 149.05
9.00 56.00 0.00 1.00 152.98
55.00 4.00 1.00 1.00 159.34
58.00 25.00 0.00 4.00 145.53
56.00 52.00 1.00 5.00 86.28
57.00 51.00 1.00 1.00 191.60
51.00 58.00 0.00 1.00 159.60
53.00 58.00 1.00 4.00 110.56
56.00 38.00 1.00 4.00 62.07
20.00 56.00 1.00 1.00 56.74
41.00 52.00 0.00 2.00 48.08
23.00 56.00 1.00 3.00 132.08
2.00 42.00 0.00 5.00 150.59
11.00 59.00 1.00 1.00 33.45
57.00 50.00 1.00 5.00 144.49
7.00 52.00 0.00 5.00 104.53
12.00 46.00 0.00 5.00 127.95
37.00 44.00 0.00 2.00 34.24
56.00 6.00 0.00 4.00 154.15
14.00 4.00 0.00 2.00 112.38
24.00 54.00 1.00 1.00 154.50
51.00 6.00 0.00 4.00 85.54
29.00 56.00 1.00 3.00 126.82
54.00 29.00 1.00 1.00 109.95
56.00 15.00 0.00 4.00 174.49
18.00 56.00 1.00 3.00 195.35
31.00 57.00 0.00 5.00 177.59
27.00 43.00 0.00 5.00 111.19
52.00 56.00 0.00 4.00 106.43
24.00 5.00 0.00 4.00 38.53
54.00 36.00 1.00 2.00 128.26
51.00 56.00 1.00 4.00 194.82
56.00 52.00 0.00 1.00 74.33
20.00 28.00 1.00 2.00 147.08
47.00 8.00 0.00 1.00 119.63
48.00 51.00 1.00 3.00 128.52
6.00 41.00 0.00 3.00 82.29
55.00 53.00 0.00 2.00 117.64
23.00 41.00 1.00 1.00 161.96
57.00 53.00 0.00 3.00 190.34
49.00 54.00 1.00 1.00 36.01
57.00 53.00 1.00 2.00 54.56
15.00 55.00 1.00 4.00 43.21
50.00 26.00 1.00 1.00 76.66
59.00 51.00 0.00 1.00 74.86
4.00 42.00 1.00 5.00 98.77
7.00 43.00 0.00 4.00 156.53
6.00 52.00 0.00 4.00 105.89
9.00 57.00 0.00 4.00 71.87
42.00 11.00 0.00 3.00 44.63
58.00 50.00 0.00 1.00 96.96
31.00 59.00 1.00 4.00 117.71
56.00 52.00 1.00 4.00 161.24
49.00 21.00 1.00 4.00 44.83
32.00 20.00 0.00 5.00 96.69
54.00 10.00 1.00 4.00 121.51
14.00 18.00 0.00 1.00 71.38
12.00 48.00 1.00 4.00 180.15
13.00 57.00 0.00 2.00 119.21
50.00 13.00 0.00 4.00 79.26
27.00 51.00 0.00 2.00 117.91
57.00 52.00 1.00 3.00 135.36
30.00 4.00 0.00 3.00 121.54
56.00 52.00 0.00 1.00 73.84
59.00 18.00 1.00 3.00 67.68
52.00 57.00 0.00 3.00 138.16
18.00 58.00 0.00 5.00 64.35
53.00 58.00 0.00 2.00 143.91
57.00 51.00 0.00 4.00 85.19
35.00 43.00 0.00 5.00 161.80
56.00 18.00 0.00 1.00 156.40
37.00 5.00 0.00 4.00 182.56
20.00 49.00 1.00 5.00 106.53
54.00 10.00 0.00 1.00 35.34
55.00 54.00 1.00 3.00 124.19
59.00 24.00 0.00 3.00 118.37
51.00 9.00 1.00 2.00 119.32
54.00 20.00 1.00 2.00 107.96
23.00 55.00 1.00 2.00 189.81
10.00 49.00 0.00 1.00 61.61
26.00 50.00 0.00 1.00 94.31
10.00 28.00 1.00 1.00 125.21
56.00 53.00 1.00 3.00 30.69
52.00 56.00 0.00 1.00 73.58
21.00 40.00 1.00 4.00 60.60
54.00 20.00 0.00 1.00 154.42
17.00 58.00 0.00 4.00 95.77
51.00 56.00 0.00 1.00 99.02
12.00 18.00 0.00 2.00 106.78
54.00 57.00 1.00 3.00 122.22
13.00 58.00 0.00 5.00 93.14
52.00 58.00 0.00 3.00 37.84
53.00 56.00 0.00 5.00 172.98
52.00 59.00 0.00 4.00 72.72
24.00 33.00 1.00 5.00 74.89
52.00 59.00 1.00 4.00 83.75
48.00 51.00 1.00 5.00 147.25
49.00 52.00 1.00 2.00 44.16
56.00 19.00 0.00 5.00 41.06
54.00 56.00 0.00 1.00 167.43
59.00 53.00 1.00 1.00 122.02
59.00 3.00 1.00 4.00 45.94
30.00 21.00 1.00 2.00 86.54
51.00 57.00 1.00 5.00 123.91
35.00 51.00 0.00 5.00 86.80
58.00 35.00 1.00 3.00 32.01
50.00 10.00 0.00 2.00 159.87
57.00 53.00 1.00 1.00 64.83
50.00 29.00 0.00 4.00 163.05
59.00 8.00 0.00 5.00 100.59
54.00 42.00 0.00 4.00 126.87
40.00 52.00 1.00 5.00 61.20
30.00 9.00 1.00 4.00 186.24
38.00 55.00 0.00 5.00 81.40
55.00 50.00 0.00 3.00 187.04
10.00 56.00 1.00 4.00 80.42
11.00 32.00 0.00 1.00 60.92
50.00 1.00 0.00 5.00 127.03
49.00 54.00 0.00 5.00 173.10
59.00 22.00 0.00 3.00 167.26
56.00 52.00 0.00 5.00 101.10
58.00 53.00 1.00 1.00 162.45
56.00 52.00 0.00 2.00 175.93
52.00 27.00 0.00 2.00 113.08
56.00 53.00 1.00 5.00 85.87
54.00 33.00 1.00 4.00 147.71
10.00 54.00 0.00 1.00 123.06
36.00 54.00 1.00 5.00 198.70
57.00 29.00 1.00 1.00 120.09
54.00 56.00 0.00 3.00 187.61
25.00 40.00 1.00 5.00 30.37
58.00 16.00 1.00 4.00 56.84
7.00 55.00 0.00 4.00 172.97
59.00 54.00 1.00 2.00 97.77
52.00 35.00 0.00 4.00 38.23
58.00 50.00 0.00 4.00 79.59
5.00 52.00 1.00 4.00 75.80
18.00 27.00 1.00 4.00 145.59
22.00 4.00 1.00 5.00 186.53
9.00 51.00 0.00 1.00 102.15
53.00 30.00 0.00 2.00 87.40
52.00 44.00 0.00 5.00 91.03
0.00 53.00 0.00 3.00 63.65
24.00 57.00 1.00 2.00 51.99
56.00 22.00 1.00 2.00 50.50
58.00 19.00 1.00 3.00 141.38
28.00 16.00 1.00 3.00 102.16
43.00 34.00 1.00 4.00 102.43
56.00 50.00 1.00 5.00 97.17
16.00 59.00 0.00 4.00 127.97
23.00 3.00 1.00 3.00 105.94
55.00 54.00 0.00 3.00 100.53
13.00 53.00 0.00 2.00 118.33
35.00 57.00 1.00 3.00 103.80
7.00 53.00 1.00 2.00 31.12
58.00 29.00 1.00 2.00 96.41
2.00 57.00 1.00 1.00 163.62
27.00 50.00 0.00 2.00 184.33
56.00 18.00 0.00 4.00 128.88
8.00 41.00 1.00 3.00 61.42
26.00 50.00 0.00 4.00 36.64
52.00 5.00 1.00 1.00 186.21
16.00 54.00 1.00 1.00 58.29
7.00 47.00 1.00 3.00 178.14
53.00 58.00 0.00 2.00 97.52
44.00 18.00 0.00 1.00 180.50
53.00 59.00 1.00 1.00 166.11
57.00 1.00 1.00 2.00 146.87
22.00 29.00 1.00 5.00 162.21
50.00 59.00 0.00 4.00 154.73
51.00 42.00 0.00 4.00 46.55
29.00 57.00 0.00 2.00 157.88
11.00 54.00 1.00 1.00 174.49
17.00 1.00 0.00 3.00 36.84
56.00 51.00 1.00 1.00 125.34
58.00 22.00 1.00 5.00 116.51
1.00 53.00 1.00 4.00 198.79
56.00 29.00 1.00 4.00 40.98
23.00 58.00 1.00 2.00 64.10
16.00 2.00 1.00 2.00 112.42
43.00 10.00 0.00 2.00 94.76
57.00 53.00 1.00 2.00 133.51
18.00 57.00 1.00 3.00 111.14
34.00 51.00 1.00 3.00 152.52
11.00 15.00 0.00 4.00 38.67
36.00 50.00 0.00 2.00 115.18
52.00 57.00 1.00 4.00 65.48
55.00 52.00 0.00 5.00 142.19
16.00 38.00 1.00 1.00 176.58
56.00 54.00 0.00 2.00 80.92
12.00 19.00 1.00 1.00 73.27
46.00 10.00 0.00 4.00 65.93
55.00 13.00 1.00 3.00 136.37
7.00 56.00 1.00 4.00 41.81
46.00 58.00 0.00 2.00 156.20
9.00 4.00 1.00 5.00 52.46
22.00 58.00 0.00 2.00 53.53
1.00 54.00 0.00 4.00 87.06
5.00 17.00 0.00 1.00 172.63
58.00 51.00 1.00 1.00 106.01
56.00 54.00 1.00 5.00 107.59
51.00 11.00 1.00 3.00 198.70
0.00 47.00 1.00 4.00 35.18
51.00 11.00 1.00 3.00 195.54
52.00 55.00 0.00 2.00 59.60
18.00 58.00 0.00 5.00 50.56
57.00 53.00 0.00 3.00 156.24
55.00 53.00 1.00 1.00 193.62
57.00 52.00 0.00 5.00 115.90
29.00 44.00 0.00 4.00 128.96
20.00 59.00 0.00 4.00 116.01
19.00 57.00 0.00 4.00 127.84
11.00 46.00 1.00 3.00 160.38
23.00 1.00 1.00 5.00 154.34
37.00 57.00 1.00 4.00 45.03
56.00 50.00 0.00 4.00 49.12
47.00 50.00 1.00 4.00 40.29
55.00 51.00 1.00 1.00 143.30
58.00 51.00 0.00 5.00 93.97
53.00 7.00 1.00 1.00 158.06
8.00 41.00 1.00 5.00 156.92
0.00 56.00 1.00 2.00 45.08
51.00 55.00 1.00 3.00 97.63
59.00 0.00 1.00 2.00 30.64
51.00 38.00 1.00 2.00 90.40
58.00 52.00 0.00 4.00 97.95
39.00 43.00 0.00 2.00 94.76
10.00 57.00 1.00 4.00 122.65
59.00 54.00 1.00 1.00 188.82
57.00 51.00 1.00 4.00 114.33
6.00 59.00 0.00 5.00 118.54
53.00 10.00 0.00 2.00 116.32
38.00 14.00 1.00 4.00 117.19
53.00 59.00 1.00 5.00 55.24
59.00 50.00 1.00 5.00 125.78
52.00 59.00 0.00 2.00 73.98
1.00 55.00 0.00 4.00 45.67
50.00 28.00 1.00 2.00 198.84
20.00 41.00 0.00 4.00 35.55
28.00 19.00 1.00 5.00 68.78
51.00 55.00 0.00 1.00 188.47
59.00 7.00 0.00 3.00 181.68
54.00 2.00 1.00 4.00 123.34
54.00 47.00 1.00 1.00 32.84
51.00 6.00 0.00 3.00 67.58
22.00 6.00 1.00 1.00 138.05
54.00 34.00 1.00 5.00 143.86
1.00 20.00 1.00 2.00 175.45
24.00 55.00 1.00 4.00 80.12
51.00 55.00 0.00 1.00 105.61
9.00 40.00 0.00 5.00 64.61
15.00 34.00 0.00 3.00 72.53
53.00 29.00 0.00 5.00 196.90
2.00 53.00 0.00 5.00 89.40
59.00 54.00 0.00 2.00 74.97
50.00 59.00 1.00 2.00 60.99
48.00 21.00 1.00 2.00 196.73
58.00 37.00 1.00 1.00 132.37
9.00 56.00 0.00 1.00 180.66
55.00 27.00 1.00 3.00 102.48
52.00 43.00 1.00 1.00 76.69
11.00 58.00 1.00 5.00 44.24
8.00 52.00 0.00 5.00 161.35
4.00 54.00 1.00 1.00 55.37
53.00 56.00 1.00 1.00 78.89
57.00 53.00 0.00 2.00 94.70
53.00 5.00 0.00 1.00 144.56
14.00 34.00 1.00 3.00 109.05
32.00 33.00 0.00 4.00 156.35
52.00 42.00 1.00 2.00 136.80
53.00 57.00 0.00 3.00 179.93
27.00 50.00 0.00 1.00 33.06
24.00 27.00 1.00 4.00 64.81
41.00 53.00 1.00 2.00 46.71
55.00 14.00 0.00 4.00 86.37
25.00 47.00 0.00 1.00 34.94
52.00 58.00 0.00 4.00 86.83
51.00 3.00 0.00 1.00 44.24
56.00 51.00 1.00 4.00 180.55
45.00 53.00 1.00 1.00 165.13
0.00 46.00 1.00 5.00 89.81
17.00 57.00 1.00 2.00 157.33
5.00 56.00 0.00 1.00 144.73
55.00 53.00 1.00 2.00 153.17
58.00 20.00 1.00 3.00 68.61
59.00 8.00 0.00 2.00 191.76
38.00 56.00 0.00 5.00 87.16
26.00 59.00 1.00 5.00 36.51
54.00 58.00 0.00 4.00 74.53
55.00 51.00 0.00 5.00 92.06
53.00 35.00 1.00 1.00 139.86
57.00 51.00 0.00 4.00 104.15
54.00 56.00 0.00 1.00 106.36
55.00 54.00 0.00 2.00 91.42
1.00 29.00 1.00 3.00 183.65
55.00 34.00 1.00 1.00 154.37
12.00 52.00 1.00 5.00 70.68
44.00 33.00 0.00 2.00 81.19
53.00 45.00 1.00 3.00 178.48
36.00 57.00 1.00 2.00 64.93
23.00 44.00 1.00 2.00 105.17
21.00 38.00 0.00 2.00 84.67
4.00 54.00 0.00 1.00 61.69
9.00 52.00 0.00 1.00 92.64
57.00 52.00 1.00 5.00 150.15
7.00 52.00 1.00 1.00 166.11
57.00 54.00 1.00 5.00 87.35
4.00 40.00 0.00 4.00 148.06
25.00 54.00 0.00 4.00 174.47
51.00 57.00 1.00 1.00 68.93
54.00 38.00 0.00 1.00 139.93
51.00 47.00 0.00 5.00 39.45
55.00 51.00 0.00 4.00 95.75
53.00 59.00 1.00 2.00 154.20
2.00 52.00 1.00 3.00 140.05
27.00 58.00 1.00 4.00 116.35
31.00 18.00 0.00 1.00 197.00
55.00 47.00 1.00 4.00 132.21
0.00 52.00 0.00 3.00 49.65
12.00 57.00 1.00 3.00 189.37
50.00 33.00 1.00 1.00 125.89
44.00 50.00 1.00 5.00 164.38
55.00 50.00 1.00 3.00 131.65
10.00 59.00 1.00 3.00 89.87
14.00 53.00 0.00 2.00 113.17
28.00 57.00 0.00 2.00 119.35
59.00 50.00 0.00 1.00 90.56
11.00 52.00 0.00 2.00 98.73
47.00 51.00 1.00 3.00 143.61
53.00 56.00 0.00 5.00 171.56
53.00 31.00 1.00 5.00 178.87
55.00 8.00 0.00 1.00 142.52
7.00 58.00 0.00 1.00 174.00
30.00 58.00 1.00 1.00 67.67
44.00 30.00 1.00 5.00 100.81
27.00 17.00 0.00 4.00 163.05
44.00 1.00 0.00 5.00 160.67
54.00 33.00 0.00 5.00 43.95
46.00 59.00 0.00 2.00 128.37
53.00 25.00 1.00 3.00 145.87
3.00 54.00 1.00 2.00 84.40
30.00 19.00 1.00 1.00 53.18
