51.00 44.00 1.00 1.00 132.84
50.00 7.00 0.00 4.00 197.71
54.00 44.00 1.00 1.00 136.64
55.00 50.00 0.00 3.00 45.01
59.00 53.00 0.00 2.00 151.19
54.00 9.00 1.00 5.00 64.63
6.00 21.00 1.00 1.00 64.78
15.00 10.00 1.00 5.00 173.54
57.00 3.00 1.00 3.00 31.24
57.00 53.00 1.00 2.00 63.05
54.00 25.00 1.00 3.00 66.98
46.00 54.00 1.00 3.00 86.77
51.00 46.00 0.00 1.00 142.54
59.00 50.00 0.00 5.00 110.30
57.00 21.00 0.00 4.00 191.30
50.00 41.00 1.00 5.00 197.93
54.00 55.00 1.00 5.00 135.14
8.00 52.00 1.00 3.00 85.17
55.00 52.00 1.00 5.00 99.47
4.00 53.00 0.00 5.00 65.94
55.00 26.00 1.00 4.00 67.26
42.00 20.00 1.00 4.00 88.51
52.00 58.00 0.00 5.00 78.94
12.00 39.00 0.00 3.00 82.51
54.00 5.00 1.00 1.00 30.78
42.00 22.00 0.00 3.00 136.75
43.00 50.00 1.00 5.00 77.23
50.00 58.00 1.00 2.00 44.67
39.00 52.00 0.00 5.00 44.50
26.00 52.00 0.00 4.00 86.39
43.00 51.00 1.00 2.00 164.38
52.00 56.00 0.00 3.00 102.00
54.00 55.00 1.00 2.00 165.14
53.00 58.00 0.00 4.00 53.93
25.00 51.00 1.00 4.00 31.54
48.00 53.00 0.00 2.00 191.31
33.00 56.00 0.00 4.00 82.58
59.00 50.00 1.00 1.00 124.89
3.00 50.00 0.00 1.00 116.71
48.00 21.00 1.00 4.00 67.63
52.00 39.00 0.00 4.00 75.42
59.00 54.00 1.00 3.00 89.54
57.00 53.00 1.00 2.00 197.45
59.00 52.00 1.00 5.00 35.77
53.00 59.00 1.00 4.00 73.25
55.00 18.00 1.00 5.00 159.33
56.00 13.00 1.00 1.00 118.72
17.00 38.00 1.00 1.00 36.74
55.00 37.00 1.00 3.00 183.49
36.00 54.00 0.00 3.00 156.89
25.00 18.00 1.00 3.00 139.62
19.00 57.00 1.00 1.00 56.65
9.00 56.00 0.00 2.00 71.12
53.00 55.00 0.00 4.00 89.95
57.00 19.00 0.00 5.00 180.88
1.00 56.00 1.00 5.00 199.23
10.00 26.00 1.00 4.00 172.41
8.00 19.00 0.00 5.00 199.14
29.00 45.00 1.00 5.00 77.06
47.00 52.00 1.00 1.00 128.60
0.00 41.00 0.00 4.00 56.50
59.00 19.00 1.00 4.00 150.45
57.00 29.00 0.00 3.00 113.95
2.00 59.00 1.00 5.00 154.01
29.00 59.00 0.00 1.00 34.21
58.00 35.00 1.00 1.00 127.61
28.00 2.00 0.00 1.00 181.73
29.00 52.00 0.00 3.00 30.64
16.00 5.00 1.00 1.00 155.73
26.00 3.00 1.00 3.00 156.36
56.00 54.00 0.00 4.00 111.25
1.00 15.00 1.00 2.00 96.38
33.00 20.00 0.00 1.00 77.50
40.00 24.00 0.00 2.00 167.63
52.00 40.00 0.00 3.00 67.28
29.00 18.00 1.00 1.00 170.90
18.00 7.00 1.00 5.00 139.58
37.00 55.00 0.00 1.00 179.92
38.00 55.00 1.00 4.00 36.09
51.00 35.00 1.00 3.00 124.92
30.00 2.00 1.00 1.00 30.95
51.00 58.00 1.00 5.00 185.06
10.00 51.00 0.00 4.00 38.10
17.00 27.00 1.00 5.00 181.05
50.00 56.00 1.00 2.00 137.17
51.00 29.00 0.00 2.00 106.46
10.00 56.00 0.00 4.00 170.40
53.00 56.00 1.00 4.00 130.14
18.00 39.00 1.00 1.00 72.68
51.00 56.00 0.00 5.00 191.12
12.00 50.00 0.00 5.00 35.13
25.00 38.00 1.00 5.00 169.27
51.00 5.00 1.00 5.00 180.01
50.00 36.00 0.00 4.00 184.60
56.00 54.00 0.00 4.00 33.19
56.00 53.00 0.00 3.00 173.26
57.00 39.00 0.00 5.00 150.45
44.00 51.00 0.00 1.00 125.18
48.00 1.00 1.00 5.00 32.42
50.00 17.00 1.00 2.00 193.52
