38.00 58.00 0.00 4.00 141.24
25.00 51.00 0.00 3.00 45.66
50.00 57.00 0.00 4.00 120.51
1.00 31.00 1.00 2.00 120.14
14.00 5.00 1.00 3.00 101.25
55.00 52.00 1.00 1.00 67.97
7.00 58.00 0.00 1.00 87.11
58.00 1.00 0.00 4.00 54.01
37.00 44.00 0.00 4.00 67.82
27.00 19.00 1.00 2.00 31.59
54.00 57.00 1.00 4.00 194.91
50.00 0.00 0.00 3.00 118.01
32.00 33.00 1.00 4.00 111.97
50.00 57.00 1.00 1.00 142.76
13.00 51.00 0.00 5.00 51.10
45.00 13.00 1.00 2.00 127.96
11.00 59.00 0.00 2.00 96.38
54.00 55.00 1.00 2.00 105.74
50.00 58.00 1.00 1.00 54.16
9.00 38.00 0.00 4.00 161.43
29.00 23.00 0.00 1.00 127.17
56.00 39.00 0.00 2.00 128.01
14.00 56.00 1.00 5.00 170.56
38.00 56.00 0.00 4.00 58.85
8.00 41.00 0.00 3.00 153.92
42.00 1.00 1.00 5.00 138.46
53.00 7.00 1.00 5.00 190.24
22.00 56.00 0.00 4.00 60.15
53.00 56.00 0.00 4.00 136.58
57.00 52.00 0.00 2.00 93.15
55.00 15.00 0.00 4.00 59.56
1.00 54.00 1.00 4.00 77.92
56.00 51.00 1.00 4.00 126.30
56.00 52.00 0.00 3.00 83.49
55.00 51.00 1.00 2.00 191.28
54.00 56.00 1.00 4.00 82.80
53.00 58.00 1.00 2.00 120.50
39.00 57.00 0.00 2.00 195.22
51.00 6.00 1.00 1.00 58.13
57.00 8.00 1.00 3.00 55.61
58.00 51.00 0.00 5.00 68.81
58.00 51.00 0.00 3.00 58.00
52.00 59.00 1.00 5.00 86.40
33.00 58.00 0.00 1.00 134.40
49.00 27.00 1.00 2.00 176.12
40.00 24.00 1.00 2.00 161.25
54.00 56.00 1.00 4.00 190.17
58.00 20.00 1.00 3.00 32.09
57.00 28.00 0.00 1.00 195.77
52.00 8.00 1.00 3.00 37.53
3.00 50.00 1.00 5.00 151.34
49.00 52.00 0.00 1.00 153.21
54.00 57.00 0.00 1.00 69.88
35.00 44.00 0.00 4.00 45.03
35.00 41.00 1.00 5.00 147.82
18.00 55.00 0.00 4.00 186.56
29.00 4.00 0.00 5.00 99.74
51.00 57.00 0.00 5.00 181.98
41.00 9.00 1.00 3.00 85.05
42.00 3.00 1.00 2.00 64.87
0.00 59.00 1.00 1.00 139.03
53.00 55.00 0.00 4.00 143.55
57.00 4.00 0.00 3.00 160.75
54.00 58.00 0.00 3.00 130.57
53.00 59.00 1.00 2.00 189.20
56.00 51.00 1.00 5.00 192.69
5.00 37.00 0.00 1.00 187.53
6.00 46.00 1.00 1.00 140.86
57.00 50.00 0.00 1.00 122.71
59.00 51.00 1.00 1.00 69.65
26.00 54.00 1.00 5.00 99.15
51.00 34.00 0.00 5.00 74.56
52.00 57.00 1.00 4.00 95.39
3.00 42.00 1.00 3.00 108.30
43.00 50.00 0.00 4.00 44.99
20.00 59.00 1.00 3.00 163.95
54.00 58.00 1.00 5.00 195.39
59.00 53.00 1.00 2.00 60.88
59.00 52.00 0.00 5.00 160.63
54.00 59.00 1.00 1.00 126.42
27.00 19.00 1.00 2.00 39.06
52.00 55.00 0.00 2.00 96.69
50.00 58.00 1.00 5.00 134.88
40.00 52.00 1.00 1.00 42.41
1.00 55.00 0.00 4.00 78.84
29.00 42.00 0.00 2.00 66.84
26.00 52.00 1.00 2.00 192.82
10.00 38.00 1.00 2.00 198.90
0.00 50.00 1.00 4.00 40.19
54.00 57.00 0.00 5.00 93.71
48.00 1.00 0.00 1.00 47.60
51.00 39.00 1.00 2.00 184.88
0.00 22.00 1.00 1.00 143.53
50.00 59.00 0.00 2.00 133.66
56.00 50.00 1.00 4.00 92.89
47.00 27.00 0.00 1.00 122.93
58.00 19.00 1.00 5.00 76.92
54.00 49.00 0.00 4.00 36.24
39.00 11.00 1.00 3.00 94.87
3.00 52.00 1.00 5.00 79.01
27.00 57.00 1.00 4.00 111.89
55.00 8.00 1.00 3.00 162.14
54.00 56.00 1.00 5.00 141.53
50.00 57.00 1.00 4.00 122.15
36.00 55.00 0.00 4.00 166.66
15.00 27.00 1.00 1.00 161.41
54.00 33.00 1.00 4.00 164.14
32.00 10.00 0.00 5.00 193.56
56.00 52.00 1.00 1.00 58.98
56.00 54.00 1.00 4.00 41.55
52.00 57.00 0.00 1.00 63.91
58.00 50.00 0.00 2.00 194.46
4.00 51.00 1.00 4.00 164.73
59.00 12.00 1.00 1.00 99.20
59.00 51.00 1.00 2.00 89.98
50.00 40.00 1.00 3.00 174.96
11.00 17.00 0.00 5.00 39.05
28.00 21.00 1.00 5.00 31.73
53.00 26.00 1.00 1.00 122.92
3.00 53.00 1.00 3.00 172.72
17.00 56.00 0.00 5.00 39.68
34.00 21.00 1.00 5.00 165.31
5.00 47.00 1.00 1.00 189.89
12.00 53.00 0.00 2.00 193.66
51.00 48.00 0.00 2.00 138.87
52.00 0.00 0.00 1.00 147.62
46.00 9.00 1.00 3.00 128.77
50.00 56.00 0.00 1.00 30.83
38.00 53.00 1.00 5.00 185.83
52.00 4.00 1.00 4.00 132.07
58.00 52.00 1.00 1.00 166.99
59.00 0.00 0.00 5.00 30.98
14.00 55.00 0.00 4.00 114.75
14.00 52.00 0.00 5.00 31.51
58.00 26.00 0.00 4.00 37.14
28.00 42.00 1.00 2.00 111.02
58.00 53.00 1.00 5.00 153.24
54.00 32.00 0.00 4.00 170.29
5.00 52.00 1.00 3.00 124.17
4.00 52.00 0.00 5.00 150.81
53.00 55.00 1.00 2.00 94.85
36.00 5.00 1.00 5.00 150.59
27.00 53.00 0.00 2.00 162.70
56.00 50.00 1.00 1.00 72.32
29.00 21.00 1.00 1.00 139.70
54.00 56.00 1.00 5.00 105.30
50.00 58.00 0.00 3.00 59.65
58.00 24.00 1.00 5.00 86.06
50.00 57.00 1.00 3.00 36.34
24.00 42.00 1.00 2.00 186.75
59.00 6.00 1.00 3.00 80.70
33.00 58.00 0.00 1.00 167.51
14.00 57.00 0.00 1.00 189.54
50.00 42.00 0.00 5.00 161.98
53.00 26.00 0.00 4.00 97.06
55.00 26.00 1.00 2.00 115.09
53.00 55.00 0.00 4.00 65.16
31.00 59.00 1.00 1.00 32.14
35.00 49.00 0.00 4.00 165.95
55.00 14.00 1.00 1.00 148.19
58.00 6.00 1.00 1.00 137.57
10.00 38.00 0.00 5.00 74.15
35.00 19.00 1.00 1.00 42.73
50.00 37.00 1.00 3.00 144.74
50.00 58.00 1.00 2.00 52.46
56.00 7.00 1.00 5.00 105.32
49.00 53.00 1.00 5.00 191.83
55.00 51.00 0.00 3.00 88.68
6.00 19.00 0.00 1.00 186.76
31.00 53.00 1.00 5.00 126.71
46.00 34.00 1.00 2.00 38.15
50.00 58.00 1.00 5.00 106.14
53.00 57.00 1.00 4.00 63.07
57.00 35.00 0.00 2.00 190.48
51.00 57.00 1.00 3.00 65.52
35.00 16.00 1.00 3.00 91.00
24.00 39.00 1.00 2.00 192.29
2.00 41.00 0.00 2.00 155.11
24.00 49.00 0.00 3.00 199.10
53.00 0.00 1.00 5.00 185.38
15.00 30.00 0.00 4.00 171.05
23.00 59.00 0.00 5.00 196.64
59.00 9.00 0.00 3.00 189.85
40.00 20.00 1.00 5.00 46.18
33.00 52.00 1.00 3.00 197.11
16.00 5.00 0.00 4.00 117.92
51.00 5.00 1.00 1.00 48.66
57.00 52.00 1.00 5.00 152.52
18.00 58.00 1.00 4.00 114.46
32.00 5.00 0.00 3.00 130.33
52.00 57.00 0.00 1.00 51.18
59.00 37.00 1.00 3.00 119.13
50.00 59.00 1.00 4.00 48.43
51.00 55.00 1.00 5.00 82.42
55.00 39.00 1.00 1.00 110.67
53.00 7.00 1.00 1.00 123.39
56.00 50.00 0.00 4.00 151.83
35.00 21.00 1.00 3.00 112.37
58.00 26.00 0.00 1.00 31.38
55.00 54.00 0.00 4.00 176.51
37.00 3.00 1.00 2.00 115.84
15.00 59.00 0.00 5.00 33.57
10.00 29.00 0.00 3.00 117.50
54.00 57.00 1.00 4.00 84.78
54.00 56.00 1.00 3.00 190.40
52.00 55.00 0.00 1.00 139.37
52.00 39.00 0.00 5.00 116.51
11.00 57.00 1.00 4.00 169.12
47.00 51.00 0.00 1.00 76.65
59.00 54.00 1.00 5.00 166.95
48.00 39.00 0.00 3.00 136.25
51.00 27.00 0.00 5.00 138.94
54.00 59.00 1.00 2.00 77.85
9.00 57.00 0.00 5.00 72.22
9.00 53.00 1.00 5.00 135.23
56.00 38.00 1.00 1.00 137.51
47.00 6.00 1.00 4.00 137.22
22.00 55.00 1.00 5.00 95.00
52.00 57.00 0.00 3.00 153.03
36.00 41.00 0.00 3.00 137.40
39.00 59.00 1.00 4.00 195.69
27.00 54.00 1.00 5.00 174.66
46.00 51.00 1.00 3.00 176.85
36.00 21.00 0.00 5.00 127.95
38.00 53.00 0.00 1.00 64.61
51.00 35.00 1.00 3.00 73.09
20.00 59.00 1.00 3.00 155.30
10.00 30.00 1.00 4.00 175.97
22.00 27.00 0.00 1.00 58.04
52.00 56.00 0.00 4.00 33.15
44.00 35.00 0.00 3.00 96.83
40.00 20.00 1.00 5.00 118.50
11.00 4.00 0.00 3.00 163.72
26.00 50.00 0.00 1.00 139.31
59.00 53.00 1.00 5.00 185.72
49.00 53.00 1.00 2.00 41.44
54.00 45.00 1.00 5.00 58.76
56.00 37.00 0.00 2.00 160.67
57.00 53.00 1.00 5.00 189.93
55.00 51.00 0.00 2.00 187.92
24.00 43.00 0.00 1.00 61.22
48.00 11.00 0.00 2.00 104.70
17.00 13.00 0.00 4.00 183.40
59.00 27.00 1.00 1.00 199.18
39.00 8.00 1.00 3.00 87.46
33.00 30.00 0.00 2.00 143.35
34.00 16.00 0.00 1.00 58.42
35.00 20.00 0.00 1.00 156.74
54.00 49.00 0.00 1.00 32.52
25.00 58.00 1.00 1.00 158.56
54.00 56.00 1.00 2.00 123.88
53.00 47.00 1.00 5.00 89.64
58.00 50.00 1.00 5.00 41.16
24.00 29.00 0.00 3.00 168.21
50.00 59.00 0.00 2.00 128.80
42.00 35.00 1.00 1.00 179.50
55.00 54.00 0.00 1.00 92.39
30.00 57.00 1.00 5.00 168.67
35.00 53.00 0.00 1.00 102.53
40.00 18.00 0.00 5.00 90.21
52.00 28.00 1.00 2.00 151.37
19.00 56.00 1.00 3.00 152.61
50.00 36.00 1.00 3.00 145.31
58.00 54.00 0.00 1.00 194.36
23.00 28.00 1.00 4.00 62.42
42.00 29.00 1.00 5.00 101.95
57.00 50.00 1.00 1.00 135.25
10.00 45.00 0.00 2.00 196.82
31.00 54.00 1.00 3.00 190.53
54.00 47.00 1.00 4.00 125.88
59.00 52.00 0.00 1.00 173.15
4.00 54.00 1.00 2.00 42.58
7.00 21.00 0.00 1.00 180.59
34.00 52.00 0.00 1.00 188.36
15.00 34.00 1.00 3.00 116.80
7.00 58.00 0.00 5.00 97.60
30.00 23.00 1.00 3.00 89.14
8.00 17.00 1.00 4.00 161.74
53.00 12.00 1.00 2.00 184.16
21.00 57.00 0.00 1.00 79.27
40.00 51.00 1.00 4.00 63.71
32.00 39.00 1.00 1.00 31.97
37.00 55.00 0.00 5.00 140.30
59.00 29.00 1.00 2.00 76.23
59.00 31.00 0.00 4.00 84.99
55.00 52.00 1.00 5.00 92.69
50.00 57.00 0.00 1.00 69.04
7.00 46.00 1.00 1.00 31.81
52.00 25.00 0.00 2.00 128.59
37.00 54.00 1.00 4.00 168.35
58.00 50.00 1.00 5.00 140.49
1.00 55.00 1.00 4.00 86.93
55.00 5.00 1.00 3.00 154.31
38.00 50.00 0.00 5.00 38.78
54.00 55.00 1.00 1.00 107.08
15.00 2.00 0.00 5.00 53.04
23.00 42.00 0.00 2.00 105.95
26.00 52.00 1.00 1.00 139.32
12.00 42.00 1.00 5.00 114.54
58.00 54.00 1.00 4.00 118.61
27.00 55.00 0.00 2.00 176.24
26.00 50.00 1.00 4.00 76.21
39.00 54.00 1.00 1.00 188.28
4.00 8.00 0.00 5.00 131.19
51.00 47.00 1.00 4.00 62.60
42.00 39.00 1.00 2.00 43.83
0.00 32.00 1.00 2.00 133.16
5.00 53.00 0.00 1.00 96.48
59.00 54.00 0.00 5.00 54.49
38.00 3.00 1.00 5.00 123.33
57.00 51.00 0.00 2.00 168.26
50.00 59.00 0.00 4.00 33.34
20.00 57.00 1.00 3.00 175.33
59.00 6.00 1.00 2.00 194.14
25.00 3.00 1.00 4.00 93.29
55.00 54.00 0.00 3.00 114.63
8.00 26.00 1.00 4.00 33.25
44.00 21.00 0.00 5.00 55.14
27.00 53.00 0.00 4.00 129.03
30.00 53.00 0.00 5.00 195.51
59.00 12.00 0.00 1.00 71.02
59.00 48.00 1.00 1.00 81.60
52.00 33.00 0.00 3.00 89.72
56.00 2.00 1.00 1.00 76.01
20.00 27.00 1.00 2.00 154.43
28.00 45.00 0.00 4.00 194.82
51.00 58.00 1.00 2.00 104.42
31.00 58.00 0.00 5.00 40.21
29.00 25.00 1.00 4.00 149.58
6.00 50.00 1.00 3.00 43.68
51.00 56.00 1.00 5.00 100.27
37.00 51.00 1.00 3.00 37.62
57.00 0.00 1.00 4.00 164.21
39.00 47.00 0.00 5.00 164.07
51.00 4.00 0.00 4.00 194.70
59.00 52.00 0.00 4.00 176.01
57.00 29.00 1.00 1.00 109.68
51.00 30.00 0.00 5.00 153.55
38.00 9.00 0.00 1.00 115.78
53.00 56.00 1.00 1.00 76.79
52.00 10.00 0.00 2.00 85.34
50.00 58.00 1.00 4.00 83.22
30.00 59.00 0.00 3.00 166.10
55.00 22.00 1.00 4.00 172.56
59.00 30.00 0.00 5.00 184.76
54.00 59.00 1.00 2.00 81.50
18.00 56.00 0.00 4.00 135.93
13.00 16.00 1.00 4.00 79.32
36.00 23.00 1.00 2.00 158.36
53.00 36.00 1.00 5.00 52.32
55.00 52.00 0.00 5.00 119.31
51.00 56.00 1.00 3.00 171.20
57.00 50.00 0.00 2.00 119.12
57.00 52.00 0.00 2.00 150.93
56.00 51.00 0.00 3.00 142.14
17.00 56.00 0.00 3.00 197.35
52.00 58.00 1.00 5.00 184.90
14.00 54.00 0.00 4.00 72.08
57.00 29.00 0.00 1.00 153.36
46.00 9.00 0.00 2.00 68.30
58.00 2.00 0.00 4.00 50.14
39.00 16.00 0.00 3.00 89.13
50.00 6.00 1.00 1.00 153.10
28.00 42.00 1.00 1.00 177.98
6.00 52.00 0.00 5.00 122.04
28.00 13.00 1.00 3.00 143.20
29.00 52.00 1.00 2.00 90.77
51.00 34.00 0.00 4.00 60.54
49.00 0.00 0.00 2.00 66.01
55.00 11.00 0.00 3.00 96.61
4.00 58.00 1.00 4.00 42.69
15.00 53.00 1.00 2.00 33.84
23.00 8.00 0.00 4.00 123.75
29.00 51.00 0.00 5.00 61.79
59.00 51.00 1.00 1.00 111.82
37.00 55.00 0.00 5.00 46.83
52.00 30.00 1.00 5.00 122.89
25.00 47.00 1.00 5.00 176.10
50.00 38.00 0.00 2.00 142.07
50.00 58.00 0.00 5.00 134.24
53.00 56.00 0.00 4.00 134.54
54.00 57.00 1.00 2.00 56.82
55.00 53.00 0.00 5.00 180.64
50.00 37.00 1.00 1.00 113.65
54.00 57.00 0.00 1.00 34.37
21.00 31.00 1.00 4.00 36.76
35.00 57.00 0.00 2.00 45.80
46.00 38.00 0.00 5.00 31.98
53.00 56.00 1.00 3.00 185.81
51.00 57.00 0.00 5.00 45.58
17.00 11.00 1.00 4.00 169.85
28.00 40.00 0.00 1.00 130.10
55.00 51.00 1.00 1.00 97.30
24.00 53.00 1.00 3.00 48.24
42.00 30.00 1.00 1.00 181.77
51.00 58.00 0.00 4.00 181.17
45.00 51.00 1.00 2.00 62.83
12.00 22.00 1.00 3.00 112.01
2.00 51.00 1.00 1.00 100.49
47.00 38.00 0.00 3.00 166.38
30.00 8.00 1.00 1.00 33.59
57.00 50.00 1.00 2.00 155.81
53.00 25.00 1.00 5.00 113.22
46.00 36.00 0.00 1.00 161.55
55.00 28.00 0.00 3.00 71.79
9.00 52.00 0.00 1.00 87.05
29.00 52.00 1.00 2.00 169.88
50.00 57.00 1.00 5.00 124.00
56.00 15.00 1.00 2.00 195.52
53.00 2.00 0.00 2.00 71.74
39.00 24.00 1.00 2.00 59.06
52.00 45.00 1.00 5.00 120.92
53.00 14.00 0.00 4.00 190.74
16.00 57.00 1.00 1.00 55.22
6.00 54.00 0.00 2.00 130.89
51.00 8.00 1.00 3.00 82.77
54.00 30.00 1.00 1.00 170.78
51.00 57.00 0.00 1.00 39.31
59.00 53.00 0.00 2.00 177.03
21.00 56.00 1.00 2.00 77.09
27.00 40.00 1.00 3.00 130.11
55.00 15.00 1.00 5.00 127.54
34.00 58.00 0.00 5.00 127.13
51.00 55.00 0.00 5.00 116.66
51.00 28.00 0.00 5.00 168.68
51.00 34.00 1.00 2.00 61.36
33.00 57.00 0.00 4.00 88.08
55.00 39.00 1.00 1.00 188.72
11.00 57.00 0.00 3.00 138.77
6.00 56.00 0.00 5.00 141.66
58.00 51.00 0.00 4.00 157.17
54.00 58.00 1.00 2.00 90.10
55.00 53.00 1.00 4.00 139.55
14.00 57.00 1.00 2.00 101.39
52.00 43.00 1.00 5.00 95.54
58.00 52.00 1.00 4.00 43.65
54.00 1.00 1.00 1.00 37.16
26.00 7.00 0.00 5.00 46.98
13.00 56.00 0.00 3.00 173.18
58.00 12.00 0.00 4.00 149.17
2.00 19.00 0.00 5.00 63.58
59.00 54.00 1.00 2.00 46.53
54.00 8.00 1.00 5.00 126.60
48.00 10.00 1.00 1.00 145.62
52.00 26.00 1.00 4.00 198.37
54.00 55.00 1.00 2.00 92.71
46.00 38.00 0.00 3.00 129.13
52.00 3.00 0.00 5.00 92.21
21.00 32.00 0.00 5.00 140.73
30.00 50.00 0.00 3.00 124.73
51.00 55.00 0.00 3.00 56.60
23.00 58.00 0.00 2.00 66.33
28.00 11.00 0.00 4.00 158.65
2.00 54.00 1.00 4.00 115.20
57.00 51.00 0.00 1.00 84.38
37.00 43.00 0.00 5.00 82.16
43.00 30.00 1.00 5.00 158.71
50.00 59.00 1.00 3.00 145.29
5.00 57.00 1.00 4.00 193.01
54.00 59.00 0.00 4.00 91.68
15.00 55.00 0.00 2.00 115.55
52.00 59.00 0.00 3.00 87.07
59.00 52.00 0.00 5.00 135.56
54.00 59.00 0.00 4.00 50.59
39.00 55.00 1.00 5.00 120.93
57.00 19.00 0.00 1.00 73.22
12.00 28.00 1.00 5.00 194.69
54.00 58.00 1.00 2.00 198.80
6.00 51.00 0.00 3.00 135.51
4.00 52.00 0.00 4.00 58.64
13.00 32.00 1.00 2.00 109.44
51.00 2.00 0.00 4.00 43.62
5.00 56.00 0.00 2.00 133.06
26.00 50.00 1.00 5.00 195.91
8.00 23.00 1.00 4.00 84.06
59.00 52.00 0.00 1.00 44.61
27.00 15.00 0.00 3.00 165.22
13.00 17.00 0.00 4.00 77.79
41.00 37.00 1.00 5.00 197.89
34.00 48.00 0.00 3.00 95.84
59.00 3.00 0.00 1.00 142.06
43.00 24.00 1.00 1.00 71.67
53.00 59.00 1.00 5.00 177.92
58.00 50.00 1.00 5.00 44.24
50.00 5.00 0.00 2.00 186.13
57.00 52.00 0.00 2.00 107.22
59.00 54.00 0.00 2.00 197.27
58.00 50.00 0.00 4.00 132.11
50.00 17.00 1.00 5.00 195.88
57.00 2.00 1.00 2.00 171.60
57.00 33.00 0.00 2.00 199.76
50.00 5.00 0.00 4.00 117.94
0.00 25.00 0.00 4.00 112.28
15.00 38.00 1.00 5.00 127.21
58.00 50.00 1.00 3.00 63.37
4.00 41.00 1.00 3.00 155.86
53.00 59.00 1.00 1.00 188.36
54.00 55.00 0.00 4.00 101.20
56.00 24.00 1.00 3.00 197.67
40.00 22.00 0.00 5.00 57.87
52.00 56.00 0.00 3.00 180.00
8.00 46.00 1.00 1.00 185.22
6.00 39.00 0.00 3.00 66.78
31.00 54.00 1.00 5.00 67.21
2.00 18.00 0.00 1.00 170.76
59.00 13.00 0.00 5.00 72.86
57.00 52.00 0.00 3.00 30.16
55.00 18.00 1.00 4.00 57.83
58.00 54.00 1.00 5.00 130.03
51.00 37.00 1.00 2.00 134.25
12.00 14.00 0.00 3.00 53.91
0.00 29.00 1.00 4.00 197.76
54.00 59.00 1.00 1.00 137.88
15.00 53.00 0.00 1.00 71.35
20.00 57.00 0.00 3.00 190.58
52.00 35.00 1.00 3.00 157.33
31.00 27.00 1.00 3.00 154.51
14.00 29.00 0.00 5.00 47.57
24.00 59.00 1.00 4.00 100.35
5.00 55.00 0.00 3.00 61.81
50.00 30.00 0.00 4.00 103.73
34.00 44.00 0.00 3.00 115.44
16.00 54.00 0.00 2.00 141.02
54.00 33.00 0.00 4.00 118.21
35.00 16.00 1.00 1.00 77.27
51.00 59.00 0.00 4.00 161.28
39.00 7.00 1.00 3.00 166.01
0.00 29.00 1.00 1.00 94.15
41.00 52.00 0.00 3.00 197.73
55.00 20.00 1.00 2.00 177.91
26.00 48.00 0.00 4.00 95.20
57.00 45.00 1.00 3.00 105.02
51.00 55.00 0.00 5.00 150.90
56.00 19.00 0.00 1.00 160.04
50.00 58.00 0.00 2.00 64.28
55.00 23.00 1.00 1.00 67.18
34.00 53.00 1.00 5.00 141.55
5.00 45.00 0.00 2.00 98.10
10.00 55.00 0.00 1.00 53.67
13.00 53.00 1.00 3.00 131.48
2.00 53.00 1.00 1.00 37.89
44.00 5.00 1.00 2.00 161.83
51.00 6.00 0.00 3.00 168.78
56.00 50.00 1.00 2.00 110.61
58.00 51.00 0.00 1.00 160.96
24.00 44.00 1.00 5.00 88.65
33.00 58.00 1.00 3.00 58.46
54.00 59.00 0.00 1.00 177.32
55.00 17.00 0.00 1.00 78.29
5.00 32.00 1.00 5.00 77.88
41.00 23.00 0.00 3.00 31.95
5.00 7.00 1.00 2.00 96.34
17.00 7.00 1.00 2.00 190.49
40.00 25.00 1.00 5.00 139.25
52.00 36.00 0.00 5.00 171.86
8.00 39.00 0.00 2.00 68.06
58.00 3.00 1.00 1.00 53.88
20.00 59.00 0.00 1.00 141.53
11.00 5.00 0.00 2.00 30.19
54.00 40.00 0.00 1.00 141.77
57.00 6.00 1.00 4.00 40.71
52.00 58.00 1.00 1.00 65.21
34.00 53.00 0.00 4.00 57.99
21.00 55.00 1.00 3.00 171.96
21.00 56.00 0.00 1.00 65.02
37.00 55.00 0.00 4.00 62.89
54.00 26.00 0.00 5.00 158.58
54.00 48.00 0.00 2.00 31.58
27.00 54.00 1.00 5.00 115.32
53.00 28.00 1.00 5.00 65.80
32.00 52.00 0.00 2.00 57.66
36.00 51.00 0.00 1.00 121.30
32.00 51.00 0.00 5.00 172.37
22.00 59.00 1.00 4.00 120.19
54.00 56.00 0.00 5.00 188.29
39.00 37.00 0.00 3.00 130.60
38.00 58.00 0.00 5.00 153.22
23.00 43.00 1.00 4.00 178.92
59.00 4.00 0.00 2.00 38.58
51.00 0.00 1.00 4.00 172.39
59.00 53.00 1.00 5.00 199.18
56.00 3.00 1.00 2.00 39.21
57.00 51.00 0.00 4.00 193.86
20.00 56.00 0.00 4.00 41.63
37.00 56.00 0.00 4.00 75.71
45.00 52.00 0.00 1.00 169.90
50.00 57.00 0.00 2.00 36.18
51.00 55.00 0.00 5.00 183.32
44.00 28.00 0.00 3.00 92.13
16.00 38.00 1.00 3.00 144.76
59.00 50.00 1.00 4.00 127.29
56.00 51.00 1.00 3.00 126.12
56.00 52.00 0.00 2.00 145.72
24.00 58.00 0.00 5.00 43.86
21.00 6.00 1.00 5.00 117.60
50.00 57.00 1.00 2.00 167.19
37.00 43.00 1.00 5.00 73.14
56.00 53.00 0.00 2.00 75.37
32.00 8.00 0.00 1.00 142.33
5.00 8.00 0.00 1.00 93.41
18.00 12.00 0.00 5.00 195.14
55.00 23.00 1.00 4.00 176.52
54.00 57.00 0.00 4.00 82.80
39.00 20.00 1.00 4.00 198.78
45.00 52.00 0.00 3.00 126.40
50.00 57.00 1.00 3.00 134.08
9.00 57.00 0.00 5.00 73.11
56.00 53.00 1.00 4.00 195.86
23.00 6.00 0.00 2.00 92.30
30.00 53.00 1.00 2.00 153.76
53.00 55.00 0.00 2.00 37.15
56.00 25.00 1.00 3.00 139.67
53.00 46.00 1.00 4.00 88.22
51.00 58.00 0.00 5.00 93.85
5.00 27.00 0.00 5.00 174.75
29.00 53.00 1.00 2.00 193.45
12.00 54.00 0.00 1.00 30.79
58.00 54.00 1.00 5.00 83.94
5.00 51.00 0.00 2.00 75.79
57.00 50.00 0.00 3.00 148.42
52.00 56.00 0.00 5.00 59.02
19.00 28.00 1.00 1.00 65.68
56.00 50.00 0.00 3.00 172.77
18.00 57.00 1.00 5.00 68.42
50.00 48.00 1.00 1.00 121.60
54.00 56.00 0.00 2.00 83.21
49.00 53.00 1.00 3.00 139.39
50.00 17.00 0.00 5.00 188.83
58.00 51.00 0.00 4.00 89.94
55.00 52.00 1.00 2.00 146.66
51.00 59.00 0.00 1.00 189.18
56.00 54.00 1.00 2.00 100.69
41.00 53.00 1.00 2.00 86.83
45.00 39.00 1.00 1.00 90.38
54.00 59.00 0.00 3.00 76.52
17.00 6.00 1.00 4.00 117.36
28.00 47.00 1.00 3.00 158.66
59.00 53.00 0.00 3.00 129.31
7.00 21.00 0.00 2.00 122.49
51.00 58.00 1.00 2.00 48.04
50.00 57.00 0.00 3.00 127.72
32.00 13.00 0.00 3.00 67.88
25.00 53.00 0.00 2.00 63.56
25.00 55.00 0.00 2.00 58.36
59.00 4.00 0.00 2.00 158.25
59.00 50.00 1.00 1.00 195.90
2.00 52.00 1.00 5.00 57.97
3.00 51.00 1.00 4.00 134.42
22.00 29.00 1.00 5.00 174.93
57.00 54.00 0.00 4.00 34.93
21.00 56.00 0.00 2.00 151.18
58.00 50.00 1.00 4.00 165.08
59.00 22.00 1.00 1.00 171.65
55.00 51.00 0.00 2.00 86.53
54.00 28.00 0.00 4.00 127.43
6.00 42.00 0.00 2.00 83.94
25.00 57.00 1.00 3.00 139.50
48.00 51.00 1.00 3.00 152.80
59.00 50.00 0.00 1.00 191.29
31.00 54.00 1.00 2.00 125.34
57.00 15.00 0.00 3.00 130.08
59.00 50.00 1.00 5.00 79.91
56.00 52.00 1.00 1.00 156.33
11.00 19.00 0.00 1.00 97.00
58.00 37.00 1.00 3.00 83.60
4.00 41.00 0.00 1.00 166.18
51.00 57.00 1.00 3.00 158.30
54.00 20.00 1.00 4.00 121.81
33.00 45.00 0.00 1.00 170.49
53.00 5.00 0.00 2.00 165.60
33.00 22.00 1.00 2.00 155.33
4.00 53.00 0.00 1.00 121.06
6.00 17.00 1.00 1.00 151.84
23.00 48.00 0.00 4.00 53.01
31.00 2.00 1.00 2.00 79.30
53.00 49.00 0.00 2.00 126.30
56.00 52.00 0.00 4.00 176.05
16.00 2.00 0.00 2.00 157.50
58.00 21.00 0.00 2.00 97.05
40.00 39.00 1.00 5.00 54.82
51.00 59.00 1.00 1.00 115.21
49.00 35.00 1.00 2.00 37.58
22.00 58.00 1.00 5.00 94.72
53.00 55.00 0.00 5.00 132.15
57.00 24.00 0.00 3.00 81.32
58.00 48.00 0.00 5.00 132.91
23.00 56.00 1.00 5.00 179.35
22.00 13.00 1.00 4.00 133.17
56.00 12.00 1.00 1.00 193.19
28.00 13.00 1.00 5.00 54.38
55.00 6.00 1.00 1.00 170.85
54.00 46.00 0.00 1.00 30.65
17.00 56.00 1.00 5.00 170.71
10.00 40.00 0.00 5.00 103.91
33.00 22.00 1.00 1.00 152.61
52.00 45.00 0.00 2.00 95.39
54.00 56.00 1.00 1.00 81.55
58.00 54.00 0.00 3.00 164.28
44.00 51.00 1.00 2.00 59.25
40.00 23.00 1.00 5.00 45.95
26.00 59.00 0.00 4.00 190.75
51.00 7.00 0.00 3.00 74.18
51.00 56.00 1.00 4.00 184.52
58.00 54.00 1.00 5.00 165.51
54.00 56.00 1.00 3.00 153.75
51.00 55.00 1.00 3.00 120.02
2.00 54.00 1.00 3.00 90.82
6.00 52.00 0.00 2.00 53.54
14.00 52.00 0.00 2.00 153.50
53.00 56.00 1.00 4.00 184.67
43.00 12.00 1.00 1.00 73.29
14.00 3.00 0.00 1.00 104.02
40.00 50.00 0.00 5.00 127.63
32.00 2.00 1.00 1.00 195.70
50.00 33.00 0.00 3.00 49.65
55.00 52.00 1.00 1.00 151.55
39.00 25.00 0.00 3.00 35.41
59.00 46.00 1.00 1.00 176.27
59.00 23.00 0.00 2.00 179.01
30.00 12.00 1.00 5.00 96.38
59.00 54.00 1.00 1.00 56.01
16.00 13.00 1.00 1.00 155.75
59.00 53.00 1.00 2.00 89.26
54.00 32.00 0.00 1.00 56.04
27.00 57.00 1.00 1.00 114.39
45.00 58.00 0.00 2.00 88.99
43.00 24.00 1.00 5.00 125.59
57.00 50.00 1.00 5.00 175.28
37.00 5.00 0.00 5.00 160.53
8.00 27.00 1.00 3.00 178.57
51.00 57.00 0.00 2.00 70.02
5.00 53.00 0.00 4.00 134.12
53.00 58.00 1.00 4.00 104.74
44.00 13.00 1.00 4.00 156.86
56.00 21.00 1.00 5.00 42.67
58.00 50.00 1.00 5.00 198.48
59.00 53.00 1.00 1.00 101.33
46.00 51.00 0.00 1.00 168.15
59.00 50.00 0.00 3.00 59.88
49.00 5.00 0.00 4.00 187.63
53.00 1.00 0.00 4.00 102.94
21.00 34.00 1.00 1.00 175.73
28.00 54.00 1.00 2.00 148.06
41.00 34.00 1.00 2.00 140.23
53.00 55.00 0.00 1.00 139.96
57.00 50.00 1.00 1.00 64.64
6.00 56.00 0.00 2.00 197.69
59.00 51.00 0.00 3.00 58.01
9.00 58.00 1.00 4.00 132.84
7.00 40.00 1.00 1.00 163.58
53.00 42.00 1.00 5.00 189.84
27.00 59.00 1.00 5.00 186.50
39.00 58.00 0.00 2.00 156.71
2.00 15.00 0.00 1.00 94.77
56.00 6.00 0.00 2.00 62.43
30.00 59.00 1.00 4.00 96.38
54.00 56.00 0.00 4.00 88.69
36.00 16.00 0.00 4.00 148.44
59.00 53.00 0.00 3.00 63.23
14.00 52.00 1.00 5.00 98.96
37.00 21.00 0.00 2.00 151.83
57.00 35.00 0.00 5.00 140.68
3.00 51.00 1.00 4.00 195.34
23.00 37.00 0.00 4.00 189.34
56.00 22.00 1.00 1.00 108.08
14.00 59.00 0.00 4.00 95.24
13.00 56.00 0.00 5.00 39.38
51.00 59.00 0.00 5.00 107.10
42.00 52.00 1.00 3.00 106.21
55.00 3.00 1.00 2.00 171.21
2.00 51.00 1.00 2.00 136.27
33.00 50.00 1.00 5.00 135.66
38.00 41.00 1.00 2.00 188.76
50.00 55.00 1.00 1.00 91.47
28.00 11.00 1.00 1.00 148.37
47.00 50.00 0.00 5.00 84.29
53.00 59.00 1.00 3.00 104.90
56.00 38.00 0.00 2.00 191.07
54.00 56.00 0.00 2.00 127.78
1.00 53.00 1.00 1.00 63.83
52.00 57.00 0.00 2.00 141.03
55.00 25.00 1.00 3.00 141.82
1.00 59.00 0.00 1.00 98.34
4.00 25.00 0.00 5.00 75.11
37.00 55.00 1.00 5.00 195.57
25.00 44.00 0.00 4.00 141.27
24.00 17.00 1.00 4.00 156.89
23.00 29.00 1.00 3.00 71.07
18.00 24.00 0.00 4.00 149.52
3.00 50.00 0.00 1.00 105.61
52.00 9.00 0.00 3.00 132.74
58.00 50.00 1.00 5.00 108.16
26.00 10.00 0.00 3.00 70.38
36.00 56.00 0.00 4.00 189.17
22.00 44.00 0.00 4.00 107.39
50.00 56.00 0.00 2.00 100.10
57.00 23.00 0.00 4.00 104.11
15.00 58.00 1.00 1.00 103.84
39.00 54.00 1.00 5.00 91.43
49.00 59.00 1.00 1.00 175.49
2.00 50.00 0.00 5.00 100.32
59.00 29.00 1.00 4.00 146.22
56.00 8.00 0.00 5.00 71.64
41.00 52.00 1.00 5.00 167.78
29.00 53.00 1.00 3.00 156.61
55.00 54.00 1.00 4.00 123.12
0.00 29.00 1.00 4.00 92.94
13.00 22.00 1.00 1.00 52.30
35.00 59.00 1.00 4.00 172.47
2.00 54.00 0.00 1.00 168.81
7.00 56.00 0.00 5.00 93.98
9.00 51.00 0.00 4.00 189.44
11.00 59.00 0.00 1.00 148.40
58.00 7.00 0.00 5.00 34.07
56.00 9.00 1.00 4.00 122.67
50.00 59.00 1.00 4.00 148.52
6.00 53.00 0.00 5.00 173.84
54.00 37.00 1.00 5.00 157.39
55.00 9.00 0.00 2.00 149.82
8.00 58.00 0.00 4.00 58.79
56.00 11.00 0.00 4.00 125.21
52.00 55.00 1.00 4.00 172.15
31.00 18.00 0.00 1.00 59.14
56.00 38.00 0.00 3.00 113.11
4.00 27.00 0.00 4.00 116.15
51.00 56.00 0.00 2.00 77.67
46.00 53.00 1.00 1.00 174.88
20.00 4.00 1.00 2.00 154.09
54.00 33.00 0.00 2.00 163.84
13.00 41.00 0.00 1.00 140.94
27.00 56.00 1.00 3.00 74.23
55.00 5.00 0.00 5.00 182.91
32.00 58.00 0.00 4.00 162.87
52.00 55.00 1.00 4.00 118.49
57.00 51.00 1.00 5.00 185.45
53.00 58.00 1.00 2.00 73.64
57.00 50.00 1.00 3.00 193.25
28.00 52.00 1.00 2.00 43.17
51.00 5.00 0.00 4.00 147.53
58.00 4.00 1.00 5.00 102.61
58.00 21.00 1.00 2.00 83.69
56.00 9.00 0.00 1.00 114.44
52.00 43.00 0.00 1.00 124.23
32.00 53.00 0.00 1.00 42.07
54.00 30.00 0.00 5.00 104.18
59.00 8.00 0.00 3.00 154.92
58.00 24.00 1.00 4.00 39.08
50.00 55.00 1.00 5.00 76.82
58.00 4.00 0.00 3.00 81.72
3.00 55.00 0.00 2.00 109.11
29.00 56.00 0.00 4.00 86.36
53.00 43.00 1.00 1.00 130.52
56.00 14.00 0.00 4.00 76.20
55.00 17.00 1.00 2.00 69.34
20.00 57.00 1.00 1.00 179.54
59.00 15.00 1.00 1.00 91.37
52.00 7.00 1.00 5.00 97.93
29.00 3.00 0.00 2.00 51.62
57.00 53.00 0.00 4.00 159.94
54.00 40.00 1.00 3.00 61.52
2.00 52.00 0.00 5.00 176.54
53.00 43.00 0.00 5.00 85.92
59.00 51.00 0.00 4.00 150.49
58.00 53.00 0.00 5.00 106.80
59.00 49.00 1.00 3.00 39.35
59.00 45.00 0.00 3.00 61.66
57.00 12.00 0.00 3.00 105.01
56.00 0.00 1.00 3.00 191.79
59.00 51.00 0.00 4.00 112.01
58.00 31.00 0.00 2.00 96.99
52.00 57.00 1.00 4.00 144.87
56.00 50.00 1.00 4.00 73.21
54.00 16.00 1.00 4.00 112.94
57.00 22.00 1.00 3.00 72.62
52.00 55.00 1.00 1.00 95.77
56.00 1.00 1.00 1.00 130.65
54.00 1.00 0.00 1.00 181.33
28.00 53.00 0.00 5.00 90.53
23.00 13.00 1.00 5.00 144.80
15.00 56.00 0.00 4.00 73.59
38.00 58.00 0.00 5.00 38.36
53.00 40.00 0.00 5.00 75.28
54.00 58.00 1.00 4.00 127.63
56.00 3.00 0.00 1.00 197.09
25.00 43.00 0.00 2.00 132.57
17.00 1.00 1.00 2.00 162.68
55.00 54.00 0.00 1.00 79.82
57.00 28.00 1.00 2.00 77.78
40.00 36.00 1.00 1.00 130.35
6.00 49.00 1.00 2.00 52.82
54.00 45.00 0.00 5.00 53.63
57.00 51.00 1.00 3.00 164.54
40.00 51.00 0.00 4.00 57.56
50.00 59.00 1.00 3.00 175.95
51.00 8.00 1.00 2.00 158.85
30.00 50.00 0.00 1.00 51.53
52.00 9.00 0.00 3.00 54.10
4.00 47.00 1.00 4.00 130.83
13.00 18.00 0.00 3.00 183.56
41.00 2.00 1.00 5.00 170.50
3.00 53.00 1.00 5.00 94.44
43.00 35.00 0.00 3.00 192.04
51.00 59.00 1.00 2.00 131.51
33.00 20.00 1.00 5.00 196.24
6.00 56.00 0.00 4.00 166.36
58.00 9.00 0.00 5.00 31.32
56.00 52.00 0.00 4.00 185.89
28.00 40.00 0.00 5.00 187.66
51.00 56.00 0.00 4.00 138.10
50.00 55.00 0.00 2.00 72.17
54.00 58.00 0.00 3.00 141.02
30.00 57.00 1.00 2.00 108.68
31.00 59.00 0.00 1.00 174.59
14.00 29.00 0.00 5.00 185.50
35.00 44.00 1.00 2.00 141.29
50.00 57.00 1.00 4.00 33.75
52.00 57.00 1.00 5.00 77.56
57.00 23.00 1.00 3.00 168.37
50.00 58.00 0.00 2.00 94.19
6.00 21.00 1.00 5.00 92.38
13.00 55.00 0.00 1.00 132.06
51.00 1.00 1.00 1.00 165.44
54.00 57.00 1.00 4.00 135.61
22.00 28.00 0.00 3.00 167.80
55.00 53.00 0.00 4.00 144.53
54.00 46.00 0.00 4.00 72.29
59.00 7.00 1.00 5.00 93.45
54.00 59.00 0.00 5.00 66.31
28.00 58.00 0.00 3.00 179.21
13.00 42.00 1.00 1.00 59.29
50.00 10.00 0.00 4.00 45.71
57.00 54.00 0.00 5.00 193.65
50.00 59.00 1.00 2.00 178.67
45.00 53.00 1.00 4.00 182.51
58.00 51.00 0.00 4.00 86.66
9.00 59.00 0.00 4.00 91.30
29.00 4.00 1.00 1.00 99.00
47.00 28.00 0.00 5.00 105.32
13.00 47.00 1.00 3.00 89.67
24.00 59.00 0.00 3.00 131.61
46.00 50.00 0.00 4.00 89.13
58.00 19.00 1.00 1.00 44.93
40.00 12.00 0.00 4.00 107.48
57.00 4.00 1.00 5.00 154.13
23.00 55.00 1.00 4.00 37.27
20.00 4.00 0.00 1.00 31.39
55.00 53.00 1.00 4.00 107.76
58.00 22.00 0.00 5.00 96.80
41.00 37.00 1.00 4.00 178.71
53.00 25.00 0.00 4.00 88.30
52.00 57.00 0.00 1.00 87.74
36.00 5.00 1.00 3.00 155.26
42.00 52.00 1.00 1.00 33.86
56.00 54.00 0.00 4.00 196.97
40.00 7.00 0.00 3.00 45.91
51.00 55.00 0.00 3.00 189.40
51.00 58.00 1.00 2.00 43.55
50.00 59.00 0.00 2.00 185.53
56.00 50.00 1.00 3.00 41.27
7.00 41.00 1.00 4.00 71.05
27.00 51.00 1.00 2.00 80.51
51.00 4.00 0.00 4.00 48.92
52.00 57.00 0.00 1.00 35.56
11.00 27.00 0.00 3.00 61.09
51.00 59.00 0.00 3.00 118.66
59.00 20.00 1.00 4.00 103.98
27.00 31.00 1.00 2.00 171.94
30.00 5.00 1.00 1.00 87.31
10.00 43.00 0.00 5.00 196.25
54.00 56.00 1.00 3.00 41.56
58.00 52.00 0.00 4.00 150.61
57.00 31.00 0.00 2.00 106.79
51.00 28.00 1.00 5.00 149.50
39.00 56.00 0.00 4.00 158.44
34.00 50.00 0.00 4.00 181.87
27.00 51.00 1.00 5.00 171.39
32.00 17.00 0.00 5.00 182.85
58.00 21.00 0.00 3.00 170.48
2.00 18.00 1.00 2.00 100.40
52.00 14.00 1.00 4.00 84.88
27.00 51.00 0.00 2.00 102.16
25.00 52.00 0.00 5.00 88.81
44.00 14.00 1.00 4.00 184.30
11.00 16.00 0.00 5.00 116.80
52.00 36.00 1.00 1.00 147.73
53.00 59.00 1.00 2.00 74.72
6.00 46.00 0.00 1.00 185.04
53.00 58.00 1.00 4.00 165.99
53.00 0.00 1.00 1.00 123.26
51.00 28.00 0.00 5.00 129.01
50.00 31.00 1.00 2.00 129.57
25.00 53.00 1.00 2.00 174.46
58.00 52.00 1.00 4.00 101.10
21.00 1.00 0.00 4.00 98.55
56.00 18.00 1.00 2.00 76.93
52.00 2.00 1.00 3.00 125.20
53.00 58.00 1.00 3.00 188.25
52.00 55.00 1.00 5.00 101.28
33.00 30.00 0.00 5.00 132.23
48.00 54.00 1.00 1.00 191.72
53.00 43.00 0.00 5.00 168.09
6.00 21.00 1.00 1.00 44.96
44.00 0.00 1.00 5.00 197.06
55.00 35.00 1.00 5.00 160.12
12.00 46.00 0.00 5.00 168.10
59.00 50.00 0.00 4.00 118.32
56.00 52.00 0.00 2.00 198.90
55.00 50.00 0.00 2.00 137.72
54.00 11.00 0.00 5.00 45.53
57.00 51.00 1.00 4.00 51.06
5.00 19.00 0.00 1.00 131.83
32.00 54.00 1.00 3.00 86.27
14.00 2.00 1.00 4.00 157.27
4.00 51.00 0.00 2.00 81.71
48.00 51.00 0.00 3.00 69.43
55.00 54.00 0.00 1.00 177.89
46.00 59.00 0.00 4.00 48.58
58.00 52.00 1.00 2.00 198.23
50.00 55.00 0.00 3.00 160.14
36.00 4.00 0.00 5.00 50.09
50.00 58.00 1.00 1.00 59.23
59.00 34.00 0.00 3.00 135.26
28.00 13.00 1.00 3.00 167.03
57.00 38.00 1.00 3.00 159.33
59.00 50.00 1.00 4.00 103.72
53.00 4.00 0.00 1.00 67.10
15.00 59.00 1.00 3.00 189.54
31.00 10.00 0.00 3.00 151.53
58.00 53.00 0.00 5.00 97.75
37.00 50.00 1.00 2.00 139.91
53.00 28.00 1.00 3.00 54.52
21.00 5.00 0.00 4.00 78.39
4.00 53.00 0.00 1.00 66.18
56.00 51.00 1.00 4.00 45.16
4.00 23.00 1.00 5.00 79.43
56.00 0.00 1.00 3.00 65.82
29.00 57.00 0.00 5.00 191.09
13.00 26.00 0.00 2.00 33.09
46.00 58.00 1.00 3.00 103.78
59.00 50.00 1.00 2.00 81.51
52.00 55.00 0.00 4.00 31.60
53.00 56.00 0.00 4.00 144.31
57.00 52.00 1.00 5.00 155.76
53.00 7.00 1.00 4.00 47.19
50.00 26.00 0.00 3.00 78.26
56.00 52.00 1.00 5.00 193.24
18.00 59.00 1.00 1.00 78.57
30.00 0.00 0.00 2.00 56.79
44.00 38.00 0.00 1.00 164.96
50.00 55.00 0.00 3.00 178.57
