53.00 26.00 0.00 3.00 50.64
59.00 50.00 1.00 3.00 173.56
52.00 58.00 1.00 2.00 134.28
45.00 54.00 1.00 1.00 118.15
21.00 48.00 0.00 3.00 119.64
14.00 3.00 0.00 1.00 174.98
53.00 56.00 0.00 4.00 75.43
5.00 50.00 0.00 1.00 101.26
6.00 44.00 1.00 2.00 157.84
55.00 33.00 1.00 4.00 144.98
50.00 59.00 1.00 5.00 44.22
53.00 58.00 0.00 3.00 180.00
23.00 11.00 1.00 2.00 69.39
31.00 38.00 0.00 3.00 98.57
53.00 59.00 0.00 4.00 43.67
33.00 16.00 1.00 2.00 66.05
32.00 12.00 1.00 4.00 46.26
49.00 1.00 0.00 4.00 67.83
4.00 53.00 0.00 4.00 191.60
58.00 8.00 1.00 4.00 105.96
56.00 50.00 0.00 4.00 136.22
54.00 41.00 0.00 5.00 143.53
55.00 15.00 0.00 2.00 67.40
14.00 33.00 0.00 5.00 82.71
10.00 41.00 1.00 5.00 118.07
14.00 58.00 1.00 1.00 179.40
46.00 58.00 1.00 3.00 37.02
57.00 1.00 1.00 1.00 113.47
59.00 20.00 0.00 4.00 116.85
54.00 4.00 0.00 3.00 67.17
2.00 57.00 0.00 2.00 70.94
53.00 58.00 0.00 2.00 161.14
59.00 52.00 1.00 2.00 191.29
52.00 46.00 0.00 1.00 181.72
54.00 31.00 0.00 5.00 147.73
56.00 11.00 0.00 4.00 119.53
18.00 9.00 1.00 1.00 126.90
40.00 35.00 0.00 2.00 127.73
3.00 55.00 1.00 3.00 132.42
59.00 18.00 1.00 4.00 188.11
43.00 28.00 0.00 2.00 131.37
5.00 7.00 1.00 3.00 108.93
40.00 23.00 1.00 4.00 191.36
7.00 46.00 0.00 1.00 189.45
42.00 0.00 0.00 5.00 165.57
54.00 55.00 0.00 3.00 128.86
55.00 51.00 1.00 3.00 174.05
29.00 22.00 1.00 2.00 46.43
3.00 18.00 1.00 3.00 162.58
53.00 59.00 0.00 3.00 65.27
31.00 20.00 1.00 3.00 39.47
41.00 50.00 0.00 2.00 169.10
58.00 53.00 0.00 5.00 49.65
53.00 36.00 1.00 5.00 111.41
56.00 28.00 0.00 3.00 122.40
51.00 57.00 1.00 2.00 133.99
54.00 55.00 1.00 3.00 122.91
41.00 28.00 0.00 2.00 127.32
57.00 30.00 1.00 3.00 130.27
53.00 57.00 1.00 1.00 39.20
26.00 19.00 0.00 4.00 142.00
54.00 37.00 1.00 5.00 113.72
19.00 24.00 1.00 1.00 70.92
37.00 38.00 1.00 4.00 146.90
34.00 52.00 1.00 3.00 55.41
55.00 22.00 1.00 5.00 140.08
53.00 57.00 1.00 3.00 91.97
2.00 59.00 1.00 1.00 56.23
55.00 11.00 1.00 3.00 131.41
1.00 45.00 1.00 4.00 180.25
52.00 55.00 1.00 2.00 160.85
8.00 58.00 1.00 4.00 56.45
51.00 55.00 1.00 1.00 171.76
22.00 38.00 1.00 5.00 151.32
51.00 56.00 1.00 2.00 173.06
40.00 54.00 1.00 3.00 100.97
56.00 52.00 0.00 5.00 45.09
55.00 1.00 0.00 4.00 165.98
55.00 51.00 0.00 3.00 135.35
43.00 53.00 0.00 3.00 169.65
59.00 30.00 0.00 5.00 197.43
36.00 50.00 0.00 4.00 188.85
54.00 14.00 0.00 1.00 194.90
50.00 55.00 1.00 2.00 148.11
54.00 58.00 0.00 4.00 66.29
54.00 14.00 0.00 4.00 109.61
11.00 56.00 1.00 3.00 104.09
5.00 8.00 1.00 4.00 53.57
53.00 55.00 1.00 1.00 84.71
51.00 57.00 1.00 4.00 142.78
3.00 40.00 1.00 5.00 165.67
54.00 39.00 0.00 3.00 189.63
24.00 29.00 0.00 3.00 42.78
56.00 51.00 1.00 5.00 76.30
54.00 58.00 1.00 5.00 187.55
49.00 20.00 1.00 3.00 157.00
48.00 21.00 0.00 1.00 150.51
48.00 20.00 1.00 3.00 34.60
57.00 23.00 0.00 2.00 107.22
28.00 48.00 1.00 2.00 178.53
50.00 6.00 0.00 1.00 193.17
18.00 9.00 0.00 1.00 107.28
33.00 57.00 0.00 5.00 43.47
30.00 57.00 0.00 5.00 51.05
33.00 51.00 1.00 4.00 176.25
0.00 22.00 1.00 3.00 187.66
55.00 54.00 1.00 2.00 93.31
52.00 59.00 0.00 5.00 195.71
29.00 38.00 1.00 2.00 179.33
33.00 32.00 0.00 1.00 41.48
40.00 50.00 1.00 4.00 85.28
0.00 17.00 0.00 4.00 190.65
24.00 54.00 1.00 2.00 71.72
52.00 13.00 1.00 2.00 141.39
30.00 4.00 0.00 3.00 48.15
32.00 52.00 0.00 5.00 121.93
9.00 28.00 0.00 2.00 30.65
6.00 49.00 1.00 1.00 57.21
13.00 53.00 0.00 4.00 81.34
8.00 30.00 1.00 2.00 144.89
54.00 56.00 0.00 5.00 152.83
57.00 10.00 1.00 5.00 163.32
40.00 52.00 0.00 3.00 136.80
56.00 51.00 0.00 2.00 123.39
1.00 59.00 0.00 1.00 131.57
27.00 52.00 1.00 5.00 68.95
26.00 19.00 0.00 5.00 66.06
52.00 56.00 1.00 4.00 73.51
57.00 53.00 0.00 3.00 158.84
56.00 53.00 0.00 5.00 117.97
16.00 58.00 0.00 4.00 50.77
55.00 50.00 0.00 4.00 59.76
53.00 55.00 0.00 5.00 170.79
52.00 7.00 0.00 3.00 47.87
27.00 42.00 1.00 4.00 103.51
3.00 41.00 0.00 3.00 166.86
52.00 55.00 1.00 3.00 196.36
57.00 30.00 1.00 1.00 30.86
50.00 48.00 1.00 5.00 142.98
16.00 33.00 0.00 1.00 151.59
52.00 10.00 1.00 4.00 135.38
48.00 58.00 1.00 2.00 124.18
23.00 44.00 1.00 4.00 148.89
1.00 50.00 0.00 3.00 98.61
25.00 52.00 0.00 4.00 74.16
35.00 44.00 1.00 1.00 146.37
53.00 39.00 1.00 4.00 183.12
52.00 57.00 1.00 3.00 112.42
53.00 32.00 0.00 3.00 114.10
39.00 56.00 1.00 3.00 118.01
9.00 17.00 1.00 5.00 133.34
55.00 26.00 0.00 1.00 140.67
51.00 12.00 1.00 3.00 114.41
56.00 53.00 0.00 5.00 158.59
38.00 44.00 0.00 5.00 188.58
11.00 53.00 0.00 5.00 180.19
53.00 9.00 0.00 4.00 91.89
27.00 54.00 0.00 4.00 50.40
50.00 42.00 1.00 3.00 187.26
55.00 53.00 1.00 5.00 80.67
58.00 7.00 0.00 5.00 172.17
28.00 59.00 0.00 1.00 81.63
55.00 12.00 0.00 3.00 156.31
59.00 18.00 0.00 5.00 144.94
8.00 49.00 0.00 4.00 88.15
11.00 59.00 1.00 3.00 119.83
28.00 25.00 0.00 1.00 80.09
28.00 21.00 0.00 1.00 113.96
58.00 15.00 1.00 2.00 42.81
57.00 52.00 1.00 4.00 128.08
19.00 6.00 0.00 1.00 91.32
50.00 30.00 1.00 2.00 165.65
58.00 51.00 1.00 4.00 185.90
50.00 58.00 1.00 5.00 165.08
18.00 58.00 0.00 4.00 59.55
1.00 52.00 1.00 2.00 186.34
52.00 48.00 1.00 5.00 152.64
40.00 27.00 0.00 2.00 103.80
56.00 20.00 0.00 3.00 89.06
7.00 54.00 1.00 5.00 122.58
54.00 7.00 0.00 4.00 48.07
29.00 50.00 0.00 4.00 32.25
57.00 28.00 0.00 2.00 163.07
40.00 11.00 0.00 5.00 74.39
56.00 33.00 0.00 2.00 58.87
55.00 27.00 1.00 2.00 50.75
57.00 50.00 1.00 4.00 178.43
40.00 54.00 0.00 3.00 190.18
58.00 16.00 1.00 4.00 78.93
52.00 56.00 0.00 2.00 153.16
54.00 56.00 0.00 3.00 154.02
56.00 50.00 0.00 3.00 162.70
34.00 58.00 0.00 1.00 65.29
59.00 13.00 0.00 1.00 87.29
0.00 58.00 1.00 1.00 175.01
7.00 57.00 0.00 2.00 138.21
39.00 19.00 1.00 4.00 168.87
37.00 44.00 0.00 5.00 169.28
17.00 59.00 0.00 3.00 133.48
11.00 56.00 1.00 1.00 42.93
57.00 18.00 1.00 4.00 131.00
54.00 3.00 0.00 1.00 70.60
54.00 56.00 1.00 1.00 58.04
10.00 50.00 1.00 2.00 74.19
52.00 59.00 0.00 5.00 142.14
29.00 43.00 0.00 3.00 104.36
43.00 27.00 1.00 1.00 106.44
13.00 57.00 0.00 4.00 92.48
41.00 4.00 1.00 1.00 146.72
13.00 28.00 1.00 1.00 77.23
52.00 56.00 1.00 3.00 98.78
31.00 50.00 1.00 3.00 195.98
5.00 56.00 0.00 2.00 147.90
50.00 28.00 1.00 3.00 199.05
27.00 55.00 0.00 3.00 108.74
54.00 57.00 1.00 3.00 43.27
30.00 50.00 1.00 1.00 158.68
28.00 52.00 1.00 3.00 35.13
36.00 41.00 0.00 5.00 96.29
57.00 50.00 0.00 4.00 112.19
25.00 42.00 1.00 2.00 120.63
10.00 51.00 0.00 4.00 32.96
54.00 55.00 1.00 4.00 128.83
28.00 21.00 0.00 3.00 160.05
19.00 9.00 0.00 2.00 77.03
20.00 56.00 1.00 2.00 112.34
20.00 41.00 1.00 5.00 86.66
6.00 18.00 0.00 3.00 180.30
21.00 56.00 0.00 3.00 72.45
53.00 3.00 1.00 2.00 72.95
3.00 27.00 1.00 1.00 70.83
54.00 3.00 1.00 4.00 170.40
53.00 58.00 0.00 2.00 102.24
59.00 49.00 1.00 1.00 119.33
43.00 50.00 0.00 1.00 107.51
57.00 51.00 0.00 2.00 34.70
56.00 35.00 0.00 3.00 165.95
12.00 50.00 0.00 5.00 63.10
15.00 3.00 0.00 1.00 168.84
24.00 27.00 1.00 1.00 171.68
56.00 9.00 1.00 3.00 137.70
52.00 11.00 1.00 2.00 131.31
28.00 48.00 1.00 1.00 125.22
14.00 4.00 0.00 4.00 123.64
58.00 16.00 1.00 3.00 190.48
25.00 57.00 1.00 3.00 151.68
59.00 50.00 1.00 5.00 177.72
14.00 5.00 0.00 5.00 165.45
56.00 23.00 0.00 2.00 184.71
58.00 50.00 1.00 5.00 155.56
59.00 53.00 1.00 3.00 129.10
46.00 59.00 1.00 4.00 106.54
57.00 52.00 1.00 2.00 92.84
58.00 14.00 0.00 2.00 133.65
25.00 43.00 0.00 5.00 167.73
59.00 1.00 1.00 1.00 34.07
54.00 36.00 0.00 3.00 176.06
59.00 53.00 1.00 3.00 180.90
53.00 26.00 0.00 1.00 120.35
40.00 26.00 1.00 4.00 109.30
59.00 12.00 1.00 3.00 78.20
3.00 57.00 0.00 2.00 126.15
46.00 30.00 0.00 5.00 149.31
25.00 44.00 1.00 1.00 121.02
52.00 58.00 1.00 2.00 180.68
35.00 40.00 1.00 3.00 188.99
53.00 32.00 0.00 1.00 186.14
48.00 52.00 1.00 3.00 87.72
56.00 36.00 1.00 1.00 77.91
4.00 27.00 0.00 3.00 190.56
16.00 6.00 1.00 5.00 164.45
31.00 51.00 0.00 4.00 86.87
55.00 23.00 0.00 5.00 141.77
9.00 18.00 1.00 1.00 49.44
58.00 53.00 1.00 4.00 189.61
36.00 46.00 0.00 3.00 181.90
42.00 52.00 0.00 4.00 80.92
25.00 59.00 0.00 2.00 42.57
24.00 5.00 0.00 2.00 171.91
35.00 44.00 1.00 2.00 180.54
4.00 42.00 1.00 2.00 49.95
57.00 18.00 0.00 3.00 126.09
22.00 57.00 0.00 2.00 67.26
12.00 46.00 1.00 2.00 100.83
52.00 58.00 1.00 5.00 113.39
58.00 54.00 0.00 4.00 56.09
54.00 35.00 0.00 4.00 161.35
37.00 54.00 1.00 4.00 133.20
59.00 22.00 0.00 4.00 145.96
56.00 17.00 1.00 4.00 65.81
29.00 57.00 0.00 1.00 94.76
3.00 59.00 0.00 1.00 35.71
54.00 0.00 1.00 5.00 141.46
13.00 17.00 0.00 1.00 145.93
59.00 7.00 0.00 3.00 155.51
53.00 56.00 1.00 4.00 88.57
9.00 27.00 1.00 5.00 151.52
52.00 59.00 0.00 2.00 120.25
56.00 54.00 1.00 1.00 60.70
28.00 54.00 0.00 2.00 140.99
40.00 38.00 0.00 4.00 98.24
34.00 57.00 0.00 5.00 94.42
53.00 8.00 0.00 1.00 181.65
58.00 52.00 0.00 1.00 181.35
51.00 2.00 1.00 3.00 72.63
53.00 35.00 1.00 5.00 91.19
50.00 30.00 1.00 5.00 166.72
43.00 34.00 0.00 3.00 82.28
51.00 26.00 1.00 1.00 198.53
55.00 51.00 1.00 3.00 78.43
7.00 58.00 1.00 4.00 191.39
46.00 53.00 1.00 1.00 96.10
27.00 15.00 0.00 5.00 39.01
6.00 45.00 1.00 1.00 171.34
54.00 56.00 0.00 5.00 154.31
6.00 53.00 1.00 5.00 170.88
53.00 57.00 0.00 2.00 53.26
1.00 58.00 0.00 1.00 192.27
5.00 53.00 0.00 3.00 69.38
12.00 55.00 1.00 5.00 90.95
21.00 33.00 1.00 3.00 43.35
9.00 58.00 0.00 1.00 67.46
55.00 52.00 1.00 5.00 106.03
50.00 56.00 0.00 1.00 150.19
50.00 55.00 1.00 1.00 73.09
52.00 29.00 0.00 3.00 98.71
26.00 1.00 1.00 4.00 98.77
33.00 51.00 0.00 4.00 126.92
57.00 52.00 1.00 1.00 54.01
38.00 51.00 1.00 2.00 99.18
56.00 18.00 0.00 5.00 172.23
59.00 52.00 0.00 3.00 176.80
7.00 22.00 1.00 4.00 66.79
14.00 2.00 1.00 5.00 119.70
4.00 26.00 0.00 2.00 98.93
4.00 42.00 0.00 1.00 47.62
15.00 59.00 0.00 5.00 164.54
47.00 38.00 1.00 2.00 189.97
58.00 32.00 0.00 1.00 193.81
8.00 0.00 1.00 2.00 135.18
39.00 55.00 0.00 4.00 68.71
31.00 26.00 0.00 1.00 37.72
48.00 54.00 1.00 5.00 142.97
54.00 57.00 1.00 3.00 121.23
27.00 53.00 0.00 4.00 154.43
41.00 50.00 1.00 4.00 40.30
50.00 58.00 1.00 2.00 33.42
27.00 52.00 1.00 5.00 149.38
54.00 58.00 1.00 4.00 186.85
50.00 17.00 1.00 2.00 195.88
59.00 18.00 0.00 3.00 192.56
55.00 50.00 0.00 2.00 134.00
56.00 54.00 0.00 3.00 103.23
4.00 49.00 1.00 1.00 163.69
56.00 33.00 1.00 1.00 124.01
51.00 58.00 0.00 2.00 49.96
50.00 57.00 0.00 1.00 92.08
8.00 51.00 1.00 5.00 32.69
54.00 37.00 1.00 3.00 64.42
52.00 33.00 0.00 5.00 105.42
52.00 59.00 1.00 2.00 173.94
2.00 58.00 0.00 1.00 159.63
53.00 12.00 0.00 4.00 72.43
53.00 55.00 0.00 3.00 151.18
51.00 37.00 1.00 4.00 127.35
22.00 59.00 0.00 1.00 151.66
9.00 26.00 0.00 3.00 50.53
21.00 42.00 1.00 2.00 116.66
55.00 52.00 1.00 2.00 134.62
24.00 28.00 0.00 5.00 59.65
39.00 50.00 1.00 1.00 102.35
50.00 59.00 1.00 5.00 99.09
28.00 56.00 1.00 1.00 67.76
56.00 51.00 1.00 3.00 62.57
6.00 45.00 1.00 4.00 81.92
40.00 8.00 0.00 2.00 122.31
58.00 53.00 1.00 5.00 53.53
53.00 13.00 1.00 2.00 198.32
7.00 19.00 0.00 2.00 199.46
54.00 3.00 0.00 1.00 101.18
29.00 4.00 1.00 4.00 199.48
41.00 54.00 0.00 3.00 82.06
51.00 34.00 0.00 3.00 157.65
51.00 32.00 1.00 4.00 88.19
57.00 54.00 0.00 3.00 138.83
56.00 52.00 1.00 3.00 42.38
19.00 30.00 1.00 4.00 141.70
56.00 24.00 1.00 4.00 46.42
55.00 54.00 0.00 1.00 144.15
19.00 41.00 0.00 4.00 100.60
4.00 36.00 0.00 4.00 68.85
56.00 53.00 1.00 4.00 51.43
8.00 53.00 1.00 5.00 57.86
17.00 11.00 1.00 3.00 123.11
32.00 59.00 1.00 2.00 190.50
45.00 35.00 1.00 5.00 57.88
58.00 52.00 0.00 4.00 47.80
1.00 27.00 0.00 1.00 106.35
59.00 52.00 1.00 4.00 135.17
27.00 54.00 0.00 2.00 168.60
59.00 51.00 1.00 3.00 156.94
25.00 58.00 1.00 5.00 81.93
19.00 57.00 0.00 5.00 52.33
51.00 32.00 1.00 5.00 111.13
58.00 52.00 1.00 4.00 89.02
58.00 52.00 1.00 3.00 56.29
57.00 50.00 0.00 1.00 52.34
53.00 59.00 1.00 5.00 88.83
52.00 55.00 0.00 3.00 47.95
56.00 11.00 1.00 5.00 193.09
52.00 57.00 0.00 2.00 167.87
52.00 56.00 0.00 2.00 188.41
13.00 15.00 0.00 1.00 121.48
35.00 15.00 0.00 4.00 159.49
16.00 55.00 1.00 4.00 142.26
19.00 36.00 1.00 1.00 87.17
58.00 38.00 1.00 4.00 192.03
59.00 45.00 1.00 3.00 181.12
58.00 24.00 1.00 3.00 99.41
53.00 0.00 1.00 1.00 163.79
57.00 5.00 1.00 2.00 198.26
8.00 53.00 0.00 1.00 52.13
56.00 53.00 0.00 1.00 111.17
59.00 8.00 1.00 2.00 147.03
56.00 53.00 1.00 1.00 87.73
33.00 58.00 0.00 2.00 67.27
11.00 53.00 1.00 3.00 84.78
43.00 0.00 0.00 3.00 95.51
15.00 12.00 0.00 5.00 146.87
54.00 1.00 0.00 3.00 118.25
4.00 15.00 0.00 2.00 40.96
50.00 56.00 0.00 1.00 189.09
56.00 52.00 0.00 3.00 139.96
57.00 18.00 1.00 4.00 123.31
41.00 22.00 1.00 4.00 73.00
50.00 56.00 1.00 2.00 139.89
30.00 19.00 1.00 3.00 35.85
12.00 39.00 1.00 2.00 190.02
2.00 46.00 0.00 5.00 180.42
31.00 27.00 0.00 1.00 95.03
50.00 57.00 0.00 3.00 45.10
55.00 19.00 1.00 5.00 46.31
53.00 45.00 1.00 4.00 109.32
56.00 8.00 0.00 3.00 164.60
39.00 59.00 1.00 5.00 175.77
1.00 45.00 1.00 1.00 140.69
28.00 58.00 1.00 4.00 164.56
52.00 57.00 1.00 3.00 172.42
34.00 53.00 1.00 2.00 45.47
54.00 11.00 1.00 2.00 71.59
53.00 59.00 1.00 3.00 183.02
59.00 17.00 0.00 3.00 146.63
1.00 40.00 0.00 5.00 129.82
6.00 40.00 1.00 3.00 155.94
22.00 58.00 1.00 4.00 159.68
47.00 54.00 0.00 2.00 136.03
32.00 54.00 0.00 1.00 59.76
59.00 8.00 1.00 3.00 131.84
57.00 51.00 1.00 4.00 185.66
6.00 53.00 0.00 1.00 180.37
51.00 58.00 1.00 4.00 83.96
40.00 33.00 0.00 3.00 155.05
51.00 55.00 1.00 1.00 55.92
53.00 56.00 0.00 5.00 117.02
3.00 50.00 0.00 2.00 150.30
53.00 55.00 1.00 5.00 89.13
36.00 46.00 0.00 5.00 103.77
9.00 29.00 1.00 4.00 154.86
52.00 40.00 0.00 2.00 54.61
58.00 51.00 1.00 5.00 187.17
54.00 56.00 1.00 3.00 149.62
52.00 56.00 0.00 3.00 147.12
51.00 59.00 1.00 5.00 68.54
58.00 22.00 1.00 4.00 104.87
2.00 15.00 1.00 5.00 144.17
37.00 55.00 1.00 3.00 82.45
56.00 51.00 0.00 3.00 47.17
58.00 20.00 1.00 5.00 195.88
59.00 54.00 0.00 1.00 194.97
3.00 53.00 0.00 1.00 196.23
51.00 46.00 1.00 4.00 78.95
50.00 37.00 0.00 5.00 122.67
29.00 44.00 1.00 3.00 48.32
53.00 34.00 0.00 2.00 69.58
56.00 27.00 1.00 5.00 83.10
35.00 50.00 0.00 4.00 188.55
51.00 5.00 1.00 4.00 104.83
56.00 26.00 0.00 1.00 54.92
52.00 55.00 0.00 4.00 111.52
25.00 51.00 1.00 1.00 129.86
28.00 52.00 1.00 4.00 110.57
54.00 49.00 1.00 4.00 63.18
10.00 53.00 0.00 4.00 188.91
12.00 29.00 1.00 4.00 140.54
34.00 54.00 0.00 4.00 115.90
7.00 58.00 0.00 4.00 181.94
29.00 51.00 0.00 5.00 152.10
3.00 55.00 0.00 1.00 184.32
3.00 22.00 0.00 1.00 133.03
58.00 52.00 0.00 1.00 126.34
57.00 6.00 1.00 3.00 38.36
55.00 9.00 1.00 2.00 142.68
59.00 54.00 0.00 2.00 193.27
34.00 53.00 1.00 5.00 85.62
52.00 34.00 1.00 2.00 124.13
9.00 57.00 0.00 2.00 56.96
21.00 55.00 0.00 3.00 61.47
6.00 45.00 1.00 3.00 124.57
1.00 55.00 1.00 3.00 156.08
58.00 23.00 1.00 5.00 99.31
58.00 1.00 1.00 4.00 50.32
50.00 58.00 0.00 3.00 34.07
43.00 50.00 1.00 5.00 92.63
29.00 15.00 0.00 4.00 108.81
9.00 50.00 1.00 5.00 63.36
49.00 51.00 1.00 5.00 171.08
9.00 56.00 0.00 2.00 188.60
54.00 10.00 1.00 5.00 188.01
0.00 58.00 1.00 5.00 100.20
27.00 55.00 0.00 2.00 144.19
55.00 6.00 1.00 1.00 134.29
59.00 51.00 1.00 2.00 85.69
25.00 26.00 1.00 4.00 199.83
12.00 50.00 0.00 1.00 66.92
55.00 0.00 0.00 2.00 122.70
37.00 18.00 0.00 1.00 104.99
53.00 59.00 0.00 3.00 107.45
51.00 2.00 1.00 5.00 52.14
40.00 36.00 1.00 4.00 109.14
59.00 52.00 0.00 3.00 129.20
29.00 19.00 0.00 3.00 95.97
56.00 18.00 0.00 2.00 165.83
52.00 57.00 0.00 5.00 63.07
54.00 59.00 1.00 3.00 59.09
35.00 50.00 0.00 2.00 85.79
20.00 59.00 1.00 5.00 37.48
54.00 32.00 0.00 5.00 115.78
52.00 9.00 1.00 4.00 110.57
18.00 59.00 1.00 4.00 142.25
56.00 50.00 1.00 4.00 49.38
12.00 22.00 1.00 4.00 167.09
57.00 53.00 0.00 4.00 35.12
23.00 43.00 0.00 1.00 158.42
52.00 9.00 0.00 4.00 129.75
57.00 19.00 1.00 1.00 194.37
23.00 56.00 0.00 5.00 170.99
55.00 54.00 0.00 3.00 182.45
52.00 3.00 0.00 4.00 102.98
58.00 51.00 0.00 4.00 119.39
28.00 51.00 0.00 3.00 84.87
50.00 10.00 0.00 1.00 94.37
12.00 19.00 1.00 3.00 31.86
53.00 16.00 1.00 1.00 81.49
29.00 54.00 0.00 5.00 133.56
51.00 58.00 1.00 5.00 66.80
40.00 13.00 1.00 1.00 187.77
52.00 58.00 0.00 3.00 56.13
47.00 13.00 1.00 4.00 88.03
39.00 52.00 0.00 3.00 42.67
4.00 52.00 1.00 3.00 160.66
47.00 50.00 1.00 4.00 74.24
57.00 51.00 1.00 2.00 139.06
59.00 24.00 1.00 4.00 42.27
31.00 50.00 0.00 5.00 120.20
27.00 1.00 0.00 5.00 93.11
20.00 48.00 1.00 5.00 158.20
56.00 54.00 1.00 5.00 182.82
28.00 47.00 0.00 5.00 83.23
59.00 52.00 0.00 1.00 47.69
57.00 51.00 1.00 2.00 153.76
55.00 54.00 0.00 5.00 136.65
58.00 26.00 0.00 3.00 71.07
59.00 19.00 1.00 3.00 39.27
51.00 56.00 1.00 5.00 92.78
58.00 8.00 1.00 1.00 99.24
37.00 54.00 0.00 4.00 51.85
52.00 55.00 1.00 3.00 55.11
53.00 56.00 0.00 1.00 199.78
30.00 39.00 0.00 1.00 64.41
57.00 51.00 0.00 4.00 97.52
51.00 56.00 0.00 1.00 91.21
30.00 44.00 0.00 2.00 71.02
47.00 1.00 0.00 4.00 181.00
59.00 2.00 0.00 1.00 169.96
51.00 8.00 0.00 2.00 65.69
14.00 55.00 1.00 3.00 112.19
52.00 56.00 0.00 1.00 55.10
51.00 32.00 0.00 4.00 155.46
59.00 51.00 1.00 5.00 30.72
37.00 21.00 0.00 2.00 81.01
51.00 55.00 1.00 3.00 49.99
50.00 56.00 0.00 1.00 176.81
2.00 42.00 0.00 1.00 122.08
51.00 49.00 0.00 1.00 120.30
7.00 55.00 1.00 3.00 165.79
39.00 8.00 1.00 1.00 56.71
13.00 50.00 0.00 4.00 188.91
59.00 11.00 1.00 5.00 104.27
50.00 55.00 0.00 5.00 114.69
11.00 52.00 1.00 5.00 57.81
5.00 53.00 0.00 5.00 37.56
19.00 33.00 1.00 1.00 84.73
24.00 54.00 0.00 3.00 197.37
58.00 17.00 1.00 2.00 54.21
51.00 32.00 1.00 3.00 169.52
54.00 33.00 1.00 5.00 49.94
57.00 53.00 1.00 1.00 157.18
52.00 6.00 1.00 3.00 197.19
50.00 56.00 0.00 3.00 160.53
49.00 1.00 0.00 2.00 172.20
4.00 36.00 1.00 1.00 139.44
31.00 50.00 1.00 2.00 186.75
14.00 33.00 0.00 2.00 31.24
2.00 46.00 0.00 2.00 112.14
37.00 39.00 0.00 4.00 145.91
52.00 8.00 0.00 5.00 77.74
51.00 59.00 1.00 4.00 72.49
17.00 58.00 0.00 5.00 192.87
36.00 47.00 1.00 1.00 62.07
54.00 59.00 1.00 4.00 49.42
27.00 22.00 1.00 3.00 178.90
50.00 56.00 0.00 1.00 140.63
52.00 0.00 0.00 2.00 91.81
56.00 50.00 0.00 3.00 190.35
59.00 54.00 1.00 5.00 184.73
50.00 9.00 0.00 1.00 182.19
5.00 59.00 0.00 4.00 148.10
22.00 57.00 1.00 2.00 74.62
49.00 12.00 1.00 3.00 181.19
54.00 56.00 1.00 5.00 33.04
31.00 19.00 0.00 1.00 144.30
56.00 20.00 0.00 2.00 187.98
28.00 55.00 1.00 4.00 91.82
56.00 5.00 1.00 5.00 33.10
58.00 52.00 1.00 1.00 93.63
20.00 43.00 0.00 2.00 178.89
37.00 52.00 1.00 5.00 182.33
52.00 56.00 1.00 2.00 199.32
59.00 21.00 0.00 5.00 165.68
5.00 19.00 0.00 2.00 48.51
30.00 57.00 1.00 4.00 81.14
52.00 31.00 0.00 3.00 100.29
1.00 20.00 0.00 5.00 79.97
58.00 26.00 0.00 4.00 38.22
54.00 59.00 0.00 3.00 89.68
24.00 56.00 0.00 3.00 92.02
50.00 55.00 1.00 2.00 65.47
57.00 53.00 1.00 2.00 163.62
51.00 59.00 1.00 3.00 148.73
32.00 58.00 0.00 3.00 40.97
42.00 53.00 0.00 1.00 72.98
58.00 53.00 1.00 1.00 62.15
42.00 54.00 0.00 2.00 43.37
58.00 50.00 1.00 2.00 156.36
5.00 56.00 0.00 3.00 50.94
5.00 47.00 0.00 3.00 157.28
58.00 53.00 0.00 5.00 74.34
15.00 26.00 1.00 3.00 71.29
34.00 17.00 0.00 5.00 88.57
24.00 34.00 0.00 1.00 183.46
43.00 36.00 0.00 2.00 113.52
36.00 57.00 0.00 2.00 109.18
55.00 8.00 0.00 4.00 70.40
55.00 54.00 0.00 4.00 144.61
7.00 38.00 0.00 5.00 167.47
22.00 55.00 0.00 2.00 76.12
58.00 53.00 0.00 1.00 107.48
12.00 54.00 1.00 1.00 170.06
55.00 50.00 0.00 2.00 73.15
19.00 57.00 0.00 5.00 192.81
47.00 51.00 1.00 5.00 157.75
51.00 58.00 1.00 5.00 83.93
57.00 33.00 0.00 1.00 42.38
7.00 17.00 1.00 4.00 152.15
55.00 53.00 1.00 2.00 77.53
51.00 56.00 1.00 2.00 111.98
55.00 0.00 1.00 1.00 120.90
38.00 29.00 1.00 2.00 119.12
48.00 52.00 0.00 1.00 142.31
59.00 17.00 0.00 3.00 102.07
54.00 6.00 0.00 2.00 144.46
53.00 12.00 0.00 1.00 150.52
57.00 1.00 0.00 4.00 189.38
52.00 31.00 0.00 3.00 159.33
53.00 10.00 1.00 2.00 96.19
36.00 17.00 1.00 3.00 54.50
55.00 51.00 0.00 4.00 106.44
31.00 54.00 1.00 2.00 83.32
51.00 59.00 1.00 3.00 151.57
27.00 59.00 0.00 5.00 54.86
11.00 47.00 0.00 3.00 63.61
58.00 50.00 1.00 1.00 61.48
49.00 10.00 1.00 1.00 36.15
5.00 55.00 1.00 2.00 116.13
17.00 0.00 1.00 4.00 185.70
20.00 55.00 1.00 3.00 148.71
54.00 58.00 1.00 3.00 176.31
54.00 55.00 1.00 2.00 36.95
14.00 4.00 1.00 5.00 97.72
13.00 55.00 0.00 4.00 30.04
53.00 58.00 1.00 2.00 39.30
42.00 54.00 1.00 5.00 111.67
51.00 55.00 1.00 1.00 108.04
10.00 40.00 0.00 3.00 160.29
55.00 20.00 0.00 2.00 164.89
35.00 57.00 1.00 2.00 81.00
51.00 39.00 0.00 5.00 128.38
50.00 57.00 0.00 1.00 130.63
31.00 57.00 1.00 4.00 198.52
0.00 58.00 0.00 3.00 75.95
51.00 55.00 1.00 1.00 129.10
57.00 1.00 0.00 2.00 54.33
55.00 52.00 0.00 1.00 36.96
25.00 58.00 0.00 1.00 181.73
53.00 31.00 0.00 5.00 79.47
31.00 59.00 0.00 2.00 198.46
57.00 30.00 0.00 5.00 181.47
52.00 45.00 0.00 1.00 178.25
56.00 4.00 0.00 2.00 129.79
3.00 54.00 1.00 5.00 93.36
9.00 59.00 0.00 4.00 184.22
53.00 58.00 1.00 5.00 164.51
52.00 55.00 1.00 4.00 152.00
51.00 29.00 0.00 3.00 117.08
3.00 19.00 1.00 3.00 140.20
54.00 34.00 1.00 2.00 45.55
51.00 1.00 1.00 3.00 88.69
55.00 50.00 1.00 1.00 79.13
31.00 27.00 0.00 1.00 165.33
54.00 28.00 1.00 3.00 118.84
5.00 55.00 1.00 2.00 71.56
59.00 50.00 1.00 2.00 133.49
54.00 35.00 0.00 5.00 78.67
10.00 16.00 0.00 4.00 59.59
44.00 2.00 0.00 1.00 76.51
4.00 23.00 0.00 3.00 193.76
54.00 46.00 1.00 3.00 96.94
36.00 51.00 1.00 1.00 58.09
3.00 43.00 1.00 4.00 132.81
56.00 51.00 0.00 3.00 135.99
16.00 4.00 0.00 1.00 164.84
12.00 21.00 0.00 1.00 98.11
59.00 32.00 0.00 3.00 92.65
31.00 53.00 1.00 4.00 194.54
57.00 15.00 1.00 5.00 36.39
29.00 59.00 1.00 5.00 73.96
46.00 10.00 1.00 5.00 144.68
52.00 44.00 1.00 1.00 44.71
51.00 59.00 0.00 5.00 77.11
59.00 36.00 0.00 5.00 126.57
48.00 54.00 1.00 5.00 106.18
58.00 52.00 0.00 5.00 123.82
4.00 51.00 0.00 5.00 116.14
50.00 59.00 1.00 3.00 77.65
39.00 50.00 1.00 3.00 59.27
50.00 56.00 0.00 1.00 135.65
35.00 17.00 1.00 5.00 54.20
41.00 25.00 1.00 2.00 68.06
57.00 53.00 1.00 5.00 184.99
49.00 33.00 0.00 2.00 43.71
46.00 51.00 1.00 1.00 111.23
27.00 47.00 1.00 5.00 91.32
19.00 57.00 1.00 1.00 180.48
51.00 57.00 1.00 3.00 123.83
54.00 3.00 1.00 2.00 150.47
38.00 55.00 0.00 2.00 65.23
52.00 31.00 0.00 4.00 76.90
24.00 56.00 1.00 2.00 109.74
2.00 53.00 1.00 1.00 193.63
53.00 5.00 1.00 5.00 30.48
57.00 53.00 0.00 1.00 188.19
2.00 52.00 0.00 2.00 51.78
3.00 57.00 0.00 3.00 59.92
51.00 55.00 0.00 5.00 189.69
23.00 59.00 0.00 1.00 40.15
57.00 11.00 1.00 5.00 114.29
28.00 25.00 1.00 1.00 185.48
3.00 56.00 0.00 1.00 78.29
54.00 58.00 1.00 5.00 118.79
55.00 20.00 0.00 4.00 117.75
8.00 55.00 0.00 5.00 102.26
51.00 29.00 1.00 4.00 53.06
37.00 47.00 0.00 3.00 176.36
50.00 39.00 0.00 4.00 54.08
56.00 34.00 1.00 1.00 41.37
54.00 11.00 0.00 4.00 116.79
53.00 25.00 0.00 4.00 80.14
50.00 58.00 0.00 4.00 125.56
57.00 50.00 1.00 4.00 177.77
20.00 3.00 0.00 5.00 192.15
51.00 56.00 1.00 3.00 84.09
36.00 22.00 1.00 2.00 35.66
57.00 13.00 0.00 1.00 148.49
51.00 14.00 1.00 2.00 182.23
50.00 5.00 0.00 2.00 58.57
38.00 15.00 0.00 2.00 74.08
30.00 59.00 1.00 5.00 95.93
53.00 58.00 1.00 1.00 153.40
54.00 13.00 0.00 3.00 162.69
21.00 28.00 1.00 2.00 50.51
56.00 50.00 1.00 5.00 115.29
5.00 47.00 1.00 3.00 69.18
35.00 44.00 1.00 3.00 124.00
10.00 56.00 0.00 5.00 157.68
59.00 1.00 0.00 5.00 75.54
24.00 4.00 0.00 3.00 147.65
0.00 59.00 0.00 2.00 50.74
3.00 30.00 0.00 4.00 126.49
13.00 16.00 1.00 3.00 104.28
45.00 1.00 1.00 5.00 156.69
43.00 50.00 1.00 1.00 189.80
41.00 37.00 0.00 2.00 80.35
9.00 44.00 0.00 2.00 65.86
37.00 59.00 1.00 4.00 165.51
13.00 16.00 0.00 4.00 196.03
51.00 12.00 0.00 4.00 124.91
50.00 58.00 0.00 5.00 139.79
38.00 12.00 1.00 3.00 66.72
37.00 42.00 1.00 1.00 179.04
13.00 16.00 1.00 3.00 187.17
41.00 51.00 1.00 4.00 184.84
4.00 47.00 1.00 2.00 138.89
47.00 27.00 1.00 2.00 105.39
54.00 31.00 0.00 2.00 176.76
14.00 27.00 1.00 1.00 199.52
57.00 52.00 0.00 5.00 41.78
44.00 50.00 0.00 2.00 196.52
54.00 55.00 1.00 3.00 75.15
0.00 42.00 1.00 4.00 60.97
26.00 51.00 1.00 2.00 85.03
4.00 53.00 1.00 4.00 80.33
47.00 8.00 1.00 3.00 140.08
52.00 46.00 1.00 1.00 141.86
51.00 5.00 1.00 3.00 94.55
44.00 32.00 1.00 3.00 96.30
42.00 54.00 0.00 2.00 113.53
43.00 12.00 0.00 2.00 142.01
53.00 38.00 1.00 3.00 84.78
15.00 55.00 0.00 4.00 45.08
12.00 30.00 0.00 3.00 68.18
55.00 51.00 1.00 4.00 92.74
28.00 55.00 1.00 5.00 51.33
1.00 54.00 1.00 3.00 122.20
21.00 59.00 1.00 3.00 105.09
59.00 54.00 0.00 5.00 136.87
45.00 3.00 0.00 1.00 85.51
43.00 52.00 1.00 2.00 78.56
45.00 11.00 1.00 1.00 174.85
4.00 42.00 0.00 2.00 141.71
59.00 52.00 1.00 2.00 119.81
32.00 4.00 0.00 3.00 105.02
54.00 56.00 1.00 2.00 139.31
56.00 37.00 1.00 5.00 37.42
26.00 9.00 1.00 1.00 92.45
56.00 53.00 1.00 5.00 142.25
22.00 34.00 0.00 2.00 52.46
54.00 15.00 0.00 4.00 63.81
31.00 1.00 1.00 3.00 164.55
6.00 39.00 1.00 2.00 128.74
13.00 43.00 1.00 2.00 99.94
59.00 45.00 1.00 3.00 75.81
45.00 5.00 0.00 3.00 97.75
28.00 9.00 0.00 5.00 121.07
53.00 56.00 0.00 3.00 133.31
24.00 58.00 0.00 2.00 78.71
55.00 12.00 1.00 5.00 119.19
51.00 13.00 0.00 4.00 132.49
58.00 1.00 1.00 3.00 71.52
51.00 48.00 0.00 2.00 76.82
11.00 51.00 1.00 1.00 104.92
53.00 40.00 1.00 5.00 103.84
39.00 22.00 0.00 5.00 114.35
51.00 40.00 0.00 4.00 67.66
10.00 54.00 0.00 1.00 162.51
55.00 13.00 0.00 5.00 79.91
54.00 56.00 1.00 3.00 114.88
33.00 54.00 0.00 1.00 180.93
38.00 50.00 0.00 4.00 108.50
55.00 53.00 1.00 5.00 147.48
50.00 59.00 0.00 5.00 140.41
59.00 52.00 1.00 5.00 151.25
47.00 53.00 1.00 2.00 98.14
44.00 11.00 0.00 5.00 132.75
50.00 55.00 0.00 5.00 85.66
8.00 54.00 0.00 4.00 198.46
52.00 56.00 1.00 2.00 162.30
58.00 15.00 1.00 3.00 36.02
13.00 54.00 0.00 5.00 35.27
59.00 9.00 1.00 4.00 131.52
58.00 28.00 0.00 4.00 156.84
50.00 56.00 0.00 3.00 133.70
11.00 54.00 0.00 2.00 33.38
59.00 51.00 0.00 3.00 155.54
30.00 11.00 1.00 3.00 48.11
52.00 8.00 1.00 1.00 65.88
2.00 46.00 1.00 2.00 120.10
22.00 57.00 0.00 2.00 181.92
45.00 53.00 0.00 4.00 33.10
53.00 45.00 1.00 1.00 85.34
53.00 58.00 1.00 4.00 150.47
59.00 51.00 1.00 2.00 154.23
12.00 15.00 1.00 3.00 147.00
56.00 39.00 0.00 4.00 163.76
24.00 56.00 1.00 5.00 149.76
50.00 46.00 1.00 4.00 115.77
50.00 59.00 1.00 1.00 76.31
0.00 53.00 0.00 2.00 39.92
55.00 52.00 1.00 1.00 131.25
50.00 29.00 1.00 4.00 174.98
37.00 23.00 0.00 3.00 45.92
56.00 16.00 0.00 2.00 130.87
23.00 58.00 0.00 1.00 175.66
51.00 56.00 0.00 5.00 43.92
54.00 5.00 1.00 1.00 81.40
29.00 51.00 1.00 1.00 38.76
36.00 21.00 0.00 3.00 31.83
35.00 52.00 0.00 3.00 79.89
39.00 52.00 1.00 5.00 38.88
58.00 51.00 0.00 2.00 57.71
56.00 26.00 0.00 3.00 58.55
31.00 50.00 0.00 3.00 92.82
51.00 10.00 0.00 1.00 129.91
56.00 52.00 1.00 2.00 193.06
54.00 47.00 0.00 4.00 188.87
42.00 25.00 0.00 5.00 63.06
32.00 52.00 1.00 2.00 152.08
48.00 3.00 0.00 3.00 92.64
58.00 53.00 0.00 3.00 109.01
55.00 52.00 1.00 3.00 109.93
8.00 51.00 0.00 5.00 193.71
38.00 51.00 0.00 1.00 76.62
21.00 40.00 1.00 4.00 180.63
3.00 52.00 0.00 5.00 92.62
13.00 57.00 1.00 1.00 192.70
57.00 6.00 0.00 2.00 151.96
58.00 53.00 1.00 5.00 194.45
32.00 52.00 1.00 5.00 86.33
53.00 35.00 1.00 3.00 109.29
3.00 50.00 1.00 1.00 34.74
54.00 58.00 0.00 2.00 185.81
46.00 58.00 1.00 1.00 67.70
43.00 31.00 0.00 4.00 32.04
13.00 43.00 0.00 5.00 146.08
35.00 21.00 0.00 5.00 70.46
2.00 59.00 0.00 1.00 32.74
34.00 40.00 0.00 2.00 141.69
52.00 48.00 0.00 3.00 90.04
12.00 28.00 1.00 4.00 68.92
57.00 53.00 1.00 5.00 137.71
50.00 56.00 0.00 5.00 48.68
50.00 35.00 0.00 2.00 121.34
57.00 37.00 1.00 5.00 90.44
8.00 59.00 1.00 3.00 178.42
54.00 47.00 0.00 3.00 99.27
59.00 52.00 1.00 3.00 198.07
50.00 27.00 0.00 4.00 83.82
51.00 56.00 1.00 3.00 190.22
52.00 31.00 1.00 2.00 80.43
46.00 30.00 0.00 1.00 53.76
54.00 58.00 1.00 5.00 129.08
52.00 59.00 1.00 4.00 176.54
20.00 29.00 1.00 2.00 91.81
50.00 55.00 0.00 5.00 194.43
12.00 46.00 1.00 1.00 40.97
53.00 59.00 1.00 4.00 184.29
51.00 57.00 1.00 4.00 45.47
56.00 24.00 0.00 5.00 62.71
39.00 22.00 1.00 5.00 173.47
52.00 42.00 1.00 3.00 177.89
38.00 3.00 0.00 3.00 54.63
37.00 52.00 0.00 1.00 37.69
8.00 46.00 0.00 1.00 93.16
8.00 49.00 0.00 5.00 131.46
58.00 51.00 0.00 4.00 121.03
53.00 59.00 0.00 2.00 136.14
54.00 32.00 1.00 1.00 52.25
51.00 39.00 1.00 2.00 186.77
53.00 48.00 1.00 5.00 114.03
58.00 50.00 0.00 3.00 194.90
1.00 57.00 1.00 3.00 30.05
56.00 18.00 1.00 1.00 51.82
56.00 50.00 0.00 4.00 97.87
57.00 25.00 1.00 5.00 133.59
55.00 19.00 0.00 4.00 35.27
39.00 25.00 1.00 2.00 86.99
59.00 13.00 0.00 3.00 110.96
25.00 56.00 0.00 5.00 121.76
53.00 55.00 0.00 2.00 42.04
43.00 35.00 0.00 3.00 38.88
47.00 53.00 1.00 1.00 195.48
50.00 57.00 0.00 2.00 167.25
51.00 27.00 1.00 5.00 66.87
50.00 59.00 0.00 1.00 60.04
56.00 53.00 0.00 2.00 63.93
54.00 58.00 1.00 1.00 56.01
0.00 18.00 0.00 3.00 162.51
54.00 55.00 1.00 1.00 193.17
58.00 54.00 1.00 4.00 197.56
18.00 24.00 1.00 3.00 196.48
31.00 12.00 0.00 3.00 73.09
50.00 57.00 0.00 5.00 160.25
54.00 55.00 1.00 3.00 69.29
51.00 25.00 0.00 5.00 179.10
16.00 54.00 1.00 1.00 181.53
52.00 10.00 1.00 1.00 167.08
50.00 43.00 1.00 5.00 145.28
40.00 25.00 0.00 5.00 143.40
55.00 37.00 1.00 3.00 68.14
57.00 6.00 0.00 1.00 48.01
58.00 32.00 1.00 4.00 48.94
28.00 14.00 1.00 2.00 85.44
59.00 52.00 0.00 2.00 71.81
54.00 56.00 0.00 5.00 160.18
38.00 58.00 1.00 2.00 165.20
53.00 58.00 0.00 2.00 122.22
53.00 56.00 0.00 5.00 164.65
32.00 24.00 0.00 2.00 168.66
50.00 59.00 0.00 3.00 58.83
39.00 9.00 1.00 2.00 98.09
54.00 25.00 1.00 1.00 136.58
50.00 30.00 1.00 5.00 48.52
59.00 23.00 0.00 5.00 148.82
32.00 52.00 0.00 2.00 195.52
30.00 10.00 1.00 4.00 79.61
46.00 53.00 0.00 4.00 65.33
5.00 20.00 0.00 5.00 140.65
52.00 7.00 1.00 3.00 68.19
58.00 53.00 1.00 3.00 46.98
23.00 58.00 0.00 1.00 194.52
14.00 0.00 1.00 2.00 127.60
25.00 55.00 1.00 2.00 57.96
52.00 37.00 0.00 3.00 178.36
20.00 55.00 0.00 2.00 183.45
17.00 38.00 1.00 5.00 56.14
27.00 45.00 1.00 4.00 45.05
54.00 4.00 0.00 5.00 140.45
15.00 33.00 0.00 3.00 126.12
57.00 54.00 0.00 4.00 108.76
1.00 49.00 1.00 4.00 139.91
7.00 23.00 1.00 5.00 81.67
55.00 53.00 0.00 1.00 177.18
42.00 4.00 1.00 3.00 134.46
1.00 59.00 0.00 3.00 151.01
38.00 51.00 0.00 2.00 99.64
53.00 56.00 0.00 1.00 159.54
40.00 51.00 1.00 4.00 141.01
59.00 51.00 1.00 2.00 55.48
39.00 13.00 1.00 2.00 45.88
53.00 47.00 0.00 3.00 138.44
59.00 54.00 0.00 4.00 82.09
57.00 5.00 1.00 4.00 63.61
54.00 32.00 0.00 5.00 45.14
51.00 55.00 0.00 3.00 124.64
52.00 58.00 0.00 4.00 146.71
14.00 5.00 0.00 3.00 35.98
50.00 55.00 1.00 3.00 88.01
51.00 9.00 0.00 1.00 50.31
56.00 9.00 0.00 4.00 171.05
55.00 50.00 1.00 2.00 84.89
59.00 46.00 1.00 5.00 79.70
55.00 53.00 1.00 2.00 146.55
52.00 39.00 1.00 2.00 116.15
57.00 53.00 1.00 3.00 193.88
47.00 6.00 1.00 1.00 94.92
15.00 29.00 0.00 2.00 183.31
18.00 57.00 0.00 5.00 65.31
40.00 50.00 0.00 2.00 121.27
25.00 52.00 1.00 2.00 115.71
32.00 1.00 0.00 3.00 43.89
58.00 54.00 1.00 3.00 189.10
50.00 34.00 0.00 5.00 97.05
50.00 57.00 1.00 3.00 33.66
26.00 54.00 1.00 1.00 56.93
0.00 59.00 1.00 2.00 40.18
56.00 51.00 1.00 2.00 96.88
52.00 46.00 0.00 4.00 83.20
7.00 51.00 0.00 4.00 105.34
7.00 50.00 0.00 4.00 174.92
9.00 57.00 0.00 3.00 44.28
39.00 52.00 0.00 2.00 47.83
59.00 50.00 0.00 4.00 144.90
41.00 22.00 0.00 1.00 105.02
57.00 53.00 1.00 1.00 78.28
52.00 25.00 0.00 2.00 197.51
25.00 30.00 0.00 1.00 119.82
21.00 39.00 0.00 4.00 59.98
22.00 13.00 1.00 3.00 130.50
33.00 32.00 1.00 1.00 177.88
56.00 21.00 1.00 1.00 98.20
25.00 51.00 0.00 3.00 85.20
56.00 52.00 1.00 3.00 152.36
29.00 11.00 0.00 2.00 122.78
56.00 13.00 0.00 2.00 110.92
26.00 8.00 0.00 4.00 133.86
58.00 54.00 0.00 2.00 67.53
59.00 48.00 1.00 1.00 70.77
59.00 50.00 1.00 1.00 62.50
16.00 55.00 1.00 1.00 140.28
53.00 55.00 1.00 1.00 188.62
58.00 54.00 1.00 1.00 60.93
