53.00 56.00 1.00 3.00 144.09
52.00 1.00 0.00 5.00 32.86
57.00 34.00 0.00 5.00 74.22
53.00 7.00 1.00 4.00 198.06
17.00 30.00 1.00 1.00 54.44
56.00 14.00 1.00 5.00 120.53
59.00 32.00 1.00 1.00 45.72
53.00 57.00 1.00 2.00 114.71
45.00 52.00 1.00 1.00 112.41
59.00 26.00 0.00 1.00 73.17
21.00 32.00 1.00 2.00 108.99
58.00 50.00 1.00 2.00 80.07
55.00 38.00 0.00 3.00 90.15
58.00 22.00 0.00 2.00 160.58
57.00 10.00 0.00 4.00 178.76
54.00 56.00 1.00 1.00 122.89
51.00 59.00 1.00 3.00 96.54
50.00 29.00 1.00 4.00 39.51
1.00 49.00 0.00 1.00 163.48
41.00 54.00 0.00 5.00 31.00
58.00 53.00 0.00 1.00 42.96
4.00 54.00 1.00 2.00 100.67
52.00 55.00 1.00 2.00 116.22
39.00 18.00 0.00 5.00 140.42
50.00 32.00 0.00 3.00 176.08
54.00 4.00 0.00 2.00 95.94
34.00 17.00 0.00 4.00 148.15
51.00 56.00 1.00 3.00 173.14
58.00 1.00 1.00 3.00 153.82
46.00 9.00 1.00 2.00 86.78
50.00 55.00 1.00 2.00 116.17
52.00 58.00 0.00 3.00 129.41
54.00 37.00 0.00 1.00 110.15
52.00 58.00 1.00 3.00 61.07
56.00 50.00 0.00 1.00 160.79
0.00 56.00 0.00 4.00 45.69
53.00 55.00 0.00 5.00 38.88
11.00 51.00 0.00 4.00 174.20
53.00 59.00 1.00 4.00 68.06
56.00 27.00 1.00 4.00 35.83
53.00 59.00 1.00 1.00 193.82
59.00 50.00 1.00 1.00 73.55
25.00 26.00 1.00 2.00 69.96
52.00 9.00 1.00 2.00 74.61
34.00 44.00 0.00 5.00 47.14
50.00 55.00 0.00 2.00 133.76
52.00 35.00 1.00 2.00 126.99
15.00 58.00 0.00 5.00 90.23
58.00 54.00 1.00 4.00 88.49
57.00 30.00 0.00 1.00 121.31
50.00 58.00 1.00 3.00 81.23
15.00 10.00 1.00 3.00 112.86
25.00 59.00 1.00 2.00 101.11
38.00 24.00 0.00 4.00 63.41
59.00 16.00 0.00 1.00 82.42
50.00 42.00 0.00 3.00 96.12
28.00 58.00 0.00 1.00 66.15
39.00 46.00 0.00 5.00 93.43
2.00 52.00 1.00 4.00 79.89
4.00 22.00 0.00 5.00 160.10
8.00 27.00 0.00 3.00 68.88
49.00 38.00 1.00 4.00 89.08
55.00 39.00 1.00 5.00 50.82
59.00 52.00 1.00 5.00 121.74
42.00 7.00 0.00 2.00 127.73
56.00 54.00 1.00 5.00 181.25
52.00 57.00 0.00 1.00 177.72
58.00 2.00 0.00 3.00 105.26
52.00 31.00 1.00 4.00 83.04
54.00 38.00 0.00 3.00 80.46
55.00 15.00 1.00 3.00 135.61
48.00 33.00 0.00 3.00 50.75
51.00 59.00 0.00 5.00 140.84
56.00 53.00 1.00 3.00 103.26
59.00 50.00 0.00 1.00 128.10
33.00 47.00 0.00 2.00 104.37
51.00 28.00 1.00 3.00 103.16
28.00 50.00 1.00 2.00 177.90
53.00 25.00 1.00 2.00 113.58
51.00 25.00 1.00 2.00 119.28
55.00 50.00 1.00 1.00 126.85
53.00 41.00 1.00 1.00 112.68
58.00 51.00 0.00 5.00 49.96
55.00 6.00 0.00 2.00 143.53
59.00 24.00 1.00 1.00 44.30
21.00 6.00 0.00 4.00 120.03
8.00 40.00 0.00 5.00 64.24
22.00 41.00 0.00 2.00 174.53
56.00 23.00 0.00 1.00 108.09
17.00 34.00 0.00 3.00 53.11
35.00 59.00 1.00 2.00 105.36
43.00 51.00 1.00 3.00 89.57
57.00 54.00 0.00 4.00 125.67
27.00 52.00 1.00 3.00 103.85
54.00 57.00 1.00 4.00 166.99
44.00 13.00 0.00 4.00 162.60
35.00 56.00 0.00 3.00 118.35
2.00 29.00 1.00 2.00 86.76
55.00 53.00 1.00 4.00 69.15
55.00 53.00 1.00 1.00 125.43
55.00 0.00 1.00 2.00 131.29
51.00 1.00 0.00 2.00 83.90
33.00 45.00 1.00 1.00 141.35
59.00 51.00 0.00 1.00 126.07
55.00 52.00 0.00 2.00 174.59
7.00 51.00 0.00 5.00 141.44
9.00 53.00 0.00 5.00 106.55
34.00 32.00 0.00 5.00 194.01
0.00 53.00 1.00 3.00 181.55
59.00 49.00 1.00 1.00 33.68
58.00 54.00 1.00 1.00 103.69
52.00 58.00 1.00 2.00 67.94
26.00 16.00 0.00 1.00 46.33
19.00 56.00 1.00 3.00 110.88
55.00 36.00 1.00 4.00 167.37
50.00 56.00 1.00 2.00 68.76
57.00 54.00 1.00 4.00 90.51
50.00 59.00 1.00 2.00 95.99
52.00 57.00 1.00 2.00 173.10
8.00 27.00 0.00 3.00 96.20
45.00 35.00 0.00 4.00 122.86
5.00 37.00 0.00 1.00 51.25
11.00 33.00 0.00 2.00 126.07
25.00 52.00 1.00 3.00 183.47
34.00 48.00 0.00 4.00 37.04
51.00 55.00 0.00 5.00 72.49
52.00 59.00 1.00 4.00 174.92
0.00 24.00 1.00 2.00 48.05
59.00 50.00 1.00 3.00 95.43
11.00 29.00 1.00 4.00 109.24
32.00 59.00 0.00 2.00 52.85
55.00 19.00 1.00 4.00 124.47
38.00 30.00 0.00 4.00 110.15
3.00 20.00 1.00 1.00 97.01
4.00 8.00 0.00 2.00 96.70
17.00 56.00 1.00 5.00 141.66
56.00 13.00 0.00 2.00 116.33
20.00 0.00 0.00 4.00 139.37
34.00 22.00 0.00 5.00 123.23
53.00 26.00 0.00 2.00 32.73
30.00 53.00 0.00 1.00 180.74
50.00 9.00 0.00 4.00 33.36
38.00 54.00 0.00 1.00 128.92
43.00 54.00 1.00 1.00 126.90
58.00 27.00 0.00 5.00 125.18
54.00 56.00 1.00 3.00 169.60
12.00 41.00 1.00 2.00 120.18
59.00 17.00 0.00 3.00 55.83
44.00 24.00 1.00 3.00 142.89
59.00 25.00 1.00 2.00 168.41
57.00 34.00 1.00 4.00 174.53
59.00 8.00 1.00 1.00 158.09
50.00 56.00 1.00 2.00 84.91
5.00 57.00 1.00 2.00 190.73
3.00 17.00 1.00 2.00 92.75
38.00 56.00 0.00 1.00 35.60
12.00 59.00 0.00 1.00 176.15
52.00 9.00 0.00 2.00 60.72
33.00 17.00 1.00 1.00 42.46
29.00 41.00 1.00 2.00 76.65
25.00 52.00 0.00 1.00 41.98
59.00 54.00 1.00 2.00 116.32
53.00 35.00 1.00 5.00 87.75
8.00 39.00 0.00 2.00 125.07
59.00 54.00 0.00 4.00 61.04
58.00 50.00 0.00 4.00 141.53
0.00 49.00 1.00 3.00 97.98
50.00 59.00 1.00 1.00 33.54
52.00 38.00 0.00 3.00 57.59
54.00 56.00 0.00 5.00 159.98
40.00 13.00 1.00 1.00 85.90
15.00 59.00 1.00 2.00 89.32
41.00 5.00 1.00 5.00 132.32
57.00 52.00 1.00 2.00 106.71
50.00 2.00 1.00 5.00 87.28
47.00 29.00 1.00 2.00 76.38
39.00 51.00 0.00 3.00 142.74
52.00 3.00 0.00 3.00 147.36
43.00 34.00 0.00 1.00 184.24
55.00 53.00 1.00 3.00 111.34
29.00 56.00 0.00 5.00 180.95
35.00 55.00 0.00 3.00 135.52
51.00 29.00 1.00 3.00 40.88
50.00 55.00 0.00 1.00 87.33
55.00 37.00 0.00 1.00 91.35
54.00 57.00 1.00 3.00 153.80
17.00 55.00 1.00 2.00 128.07
18.00 58.00 0.00 4.00 196.71
50.00 59.00 1.00 4.00 32.26
1.00 30.00 1.00 5.00 42.84
49.00 53.00 0.00 5.00 162.22
2.00 55.00 1.00 4.00 62.24
53.00 45.00 1.00 3.00 124.40
56.00 17.00 0.00 1.00 158.76
50.00 57.00 1.00 1.00 163.12
50.00 58.00 0.00 1.00 111.62
9.00 53.00 0.00 3.00 149.52
39.00 52.00 1.00 4.00 140.21
57.00 29.00 1.00 1.00 129.92
34.00 41.00 0.00 4.00 141.46
51.00 13.00 0.00 1.00 62.42
51.00 41.00 0.00 3.00 181.48
58.00 50.00 0.00 5.00 31.26
5.00 54.00 0.00 4.00 64.76
51.00 57.00 0.00 2.00 180.90
1.00 15.00 0.00 4.00 137.96
4.00 45.00 0.00 1.00 92.49
59.00 17.00 0.00 4.00 63.29
54.00 58.00 0.00 4.00 135.77
58.00 19.00 0.00 5.00 140.11
58.00 51.00 0.00 4.00 109.64
58.00 53.00 1.00 4.00 48.73
13.00 54.00 1.00 5.00 101.37
2.00 51.00 0.00 2.00 136.09
58.00 51.00 1.00 5.00 132.10
57.00 34.00 0.00 2.00 122.51
52.00 43.00 0.00 4.00 95.97
53.00 58.00 0.00 1.00 122.86
19.00 59.00 1.00 4.00 101.36
42.00 11.00 1.00 2.00 30.02
33.00 57.00 1.00 1.00 155.21
46.00 28.00 1.00 4.00 196.44
45.00 57.00 0.00 2.00 141.13
58.00 38.00 1.00 2.00 123.52
11.00 56.00 1.00 3.00 101.51
0.00 32.00 1.00 2.00 149.72
52.00 57.00 1.00 4.00 97.28
52.00 59.00 0.00 3.00 90.67
59.00 3.00 0.00 2.00 187.11
1.00 58.00 1.00 4.00 135.88
20.00 58.00 1.00 3.00 158.94
34.00 40.00 0.00 5.00 162.45
54.00 28.00 0.00 1.00 81.92
36.00 22.00 0.00 2.00 138.40
54.00 56.00 1.00 1.00 90.76
7.00 57.00 0.00 1.00 37.76
32.00 38.00 0.00 2.00 98.39
50.00 58.00 0.00 3.00 181.86
56.00 54.00 1.00 5.00 154.28
50.00 40.00 1.00 2.00 162.08
17.00 59.00 0.00 2.00 190.52
59.00 16.00 0.00 1.00 119.03
50.00 42.00 1.00 3.00 147.09
17.00 30.00 0.00 5.00 36.35
47.00 50.00 0.00 4.00 59.27
57.00 24.00 0.00 3.00 96.81
53.00 33.00 1.00 3.00 43.29
46.00 33.00 1.00 5.00 46.71
17.00 33.00 0.00 2.00 126.30
2.00 57.00 1.00 1.00 163.34
16.00 56.00 0.00 4.00 170.26
53.00 15.00 1.00 3.00 135.15
49.00 54.00 0.00 5.00 55.08
40.00 54.00 0.00 2.00 66.84
41.00 8.00 0.00 4.00 76.00
19.00 9.00 0.00 5.00 99.47
29.00 17.00 0.00 5.00 116.80
15.00 38.00 0.00 3.00 148.97
50.00 29.00 1.00 3.00 89.82
12.00 58.00 0.00 2.00 94.82
21.00 57.00 0.00 5.00 68.24
50.00 57.00 1.00 1.00 32.81
59.00 33.00 1.00 5.00 116.97
14.00 59.00 1.00 2.00 126.76
38.00 57.00 0.00 1.00 117.08
1.00 51.00 0.00 4.00 74.39
19.00 58.00 0.00 5.00 44.18
58.00 0.00 0.00 5.00 143.05
35.00 55.00 0.00 3.00 69.24
28.00 58.00 1.00 5.00 82.57
56.00 28.00 1.00 5.00 118.65
56.00 0.00 0.00 4.00 32.24
55.00 6.00 0.00 4.00 166.03
57.00 21.00 0.00 5.00 40.27
39.00 55.00 1.00 1.00 198.53
0.00 16.00 0.00 1.00 124.58
55.00 8.00 1.00 2.00 156.30
56.00 51.00 0.00 4.00 157.01
6.00 52.00 1.00 1.00 76.06
9.00 19.00 1.00 2.00 99.97
59.00 51.00 0.00 5.00 199.53
39.00 56.00 0.00 5.00 40.46
48.00 4.00 0.00 4.00 179.46
26.00 5.00 0.00 3.00 146.66
50.00 56.00 1.00 1.00 147.56
55.00 52.00 0.00 5.00 145.27
59.00 9.00 1.00 1.00 180.07
51.00 55.00 0.00 2.00 160.08
57.00 51.00 0.00 4.00 199.11
27.00 22.00 1.00 2.00 56.16
40.00 9.00 0.00 5.00 149.76
59.00 13.00 1.00 2.00 36.16
53.00 38.00 0.00 2.00 145.42
17.00 56.00 1.00 5.00 142.31
20.00 26.00 1.00 4.00 55.14
1.00 51.00 1.00 4.00 82.70
42.00 54.00 1.00 4.00 64.33
57.00 25.00 0.00 2.00 90.13
15.00 1.00 1.00 1.00 40.54
59.00 53.00 1.00 1.00 189.34
52.00 55.00 1.00 5.00 125.92
33.00 18.00 0.00 4.00 69.09
52.00 28.00 1.00 2.00 74.54
14.00 43.00 0.00 2.00 155.18
54.00 55.00 0.00 2.00 73.83
9.00 26.00 1.00 4.00 108.72
41.00 12.00 1.00 1.00 34.30
50.00 56.00 1.00 1.00 137.66
45.00 3.00 0.00 1.00 41.12
58.00 14.00 0.00 3.00 86.03
53.00 2.00 0.00 1.00 75.74
58.00 54.00 0.00 1.00 89.51
59.00 3.00 1.00 1.00 83.11
52.00 59.00 0.00 5.00 144.74
54.00 31.00 0.00 2.00 61.51
51.00 46.00 0.00 4.00 148.71
15.00 56.00 1.00 4.00 192.99
58.00 24.00 0.00 3.00 150.54
51.00 55.00 0.00 3.00 110.59
38.00 56.00 1.00 5.00 77.82
57.00 33.00 0.00 3.00 183.37
37.00 55.00 0.00 2.00 34.10
7.00 22.00 1.00 1.00 162.11
56.00 51.00 0.00 1.00 75.46
19.00 1.00 1.00 5.00 30.68
36.00 39.00 1.00 3.00 110.55
28.00 58.00 0.00 1.00 177.59
55.00 52.00 1.00 2.00 82.01
55.00 28.00 1.00 4.00 157.26
53.00 55.00 0.00 3.00 138.48
54.00 16.00 0.00 5.00 195.56
53.00 55.00 1.00 3.00 91.53
57.00 52.00 0.00 4.00 56.80
54.00 33.00 1.00 1.00 78.78
16.00 59.00 1.00 4.00 47.62
48.00 12.00 0.00 3.00 38.69
3.00 17.00 0.00 2.00 134.15
13.00 57.00 1.00 1.00 56.97
54.00 49.00 1.00 5.00 97.50
42.00 38.00 0.00 4.00 96.00
3.00 51.00 0.00 1.00 142.99
56.00 50.00 1.00 4.00 68.12
22.00 34.00 1.00 2.00 114.18
7.00 55.00 0.00 3.00 173.12
53.00 56.00 0.00 4.00 192.69
50.00 56.00 1.00 4.00 183.85
38.00 50.00 1.00 4.00 163.17
37.00 18.00 1.00 5.00 39.89
57.00 21.00 1.00 1.00 136.31
57.00 29.00 0.00 3.00 172.83
59.00 45.00 0.00 2.00 43.41
57.00 54.00 1.00 1.00 124.00
56.00 52.00 1.00 5.00 120.07
31.00 13.00 0.00 4.00 160.00
55.00 18.00 1.00 4.00 119.38
11.00 58.00 1.00 2.00 156.74
8.00 54.00 0.00 4.00 177.29
12.00 57.00 0.00 5.00 77.66
47.00 52.00 1.00 1.00 80.22
3.00 47.00 0.00 4.00 142.27
56.00 50.00 0.00 3.00 59.88
53.00 37.00 1.00 3.00 130.16
53.00 24.00 1.00 2.00 116.73
13.00 50.00 0.00 4.00 71.69
20.00 43.00 1.00 2.00 31.17
0.00 14.00 1.00 5.00 146.14
57.00 50.00 1.00 3.00 194.84
51.00 26.00 0.00 3.00 144.20
54.00 29.00 1.00 2.00 118.57
53.00 5.00 0.00 3.00 87.40
50.00 58.00 0.00 2.00 149.14
53.00 9.00 0.00 1.00 83.72
52.00 6.00 1.00 3.00 141.16
58.00 46.00 1.00 5.00 117.98
55.00 5.00 0.00 3.00 164.22
51.00 6.00 0.00 5.00 188.13
36.00 59.00 1.00 4.00 59.12
37.00 23.00 0.00 1.00 36.59
2.00 49.00 0.00 1.00 109.29
43.00 4.00 1.00 1.00 159.69
53.00 28.00 0.00 5.00 123.51
55.00 50.00 1.00 2.00 147.95
58.00 52.00 1.00 5.00 121.47
38.00 20.00 0.00 4.00 46.98
52.00 38.00 0.00 3.00 94.63
22.00 59.00 1.00 1.00 173.85
33.00 56.00 1.00 2.00 174.22
34.00 59.00 0.00 5.00 174.04
46.00 54.00 1.00 1.00 82.33
3.00 23.00 0.00 1.00 157.32
38.00 55.00 0.00 3.00 100.96
14.00 59.00 0.00 3.00 154.19
56.00 53.00 1.00 2.00 55.37
22.00 28.00 0.00 2.00 78.98
50.00 13.00 1.00 4.00 52.84
58.00 53.00 0.00 3.00 32.19
18.00 8.00 1.00 1.00 114.68
19.00 55.00 1.00 4.00 100.98
58.00 32.00 1.00 5.00 36.02
5.00 53.00 0.00 3.00 45.81
35.00 19.00 1.00 4.00 182.10
58.00 50.00 1.00 2.00 123.86
51.00 56.00 1.00 3.00 193.92
58.00 29.00 1.00 3.00 91.21
22.00 59.00 0.00 3.00 183.77
6.00 55.00 0.00 4.00 55.27
55.00 53.00 0.00 1.00 197.45
56.00 5.00 1.00 4.00 169.05
58.00 51.00 0.00 4.00 177.29
35.00 54.00 0.00 4.00 196.65
53.00 58.00 1.00 2.00 54.37
10.00 58.00 0.00 2.00 72.98
16.00 39.00 1.00 2.00 48.86
52.00 27.00 1.00 1.00 119.92
28.00 14.00 1.00 4.00 96.16
32.00 58.00 1.00 2.00 39.54
57.00 54.00 1.00 1.00 138.30
59.00 52.00 1.00 5.00 146.61
17.00 27.00 0.00 1.00 135.87
55.00 0.00 1.00 2.00 39.42
53.00 59.00 0.00 1.00 108.82
32.00 21.00 1.00 3.00 107.52
34.00 44.00 0.00 5.00 137.32
6.00 16.00 0.00 3.00 137.19
57.00 53.00 1.00 2.00 74.64
56.00 53.00 0.00 2.00 117.47
0.00 29.00 1.00 4.00 49.75
7.00 54.00 1.00 2.00 131.98
56.00 28.00 0.00 5.00 142.95
15.00 27.00 1.00 3.00 80.33
52.00 55.00 1.00 3.00 50.64
53.00 33.00 0.00 2.00 189.70
15.00 39.00 0.00 1.00 128.11
51.00 58.00 1.00 4.00 188.53
34.00 17.00 0.00 5.00 32.04
57.00 1.00 1.00 2.00 171.84
4.00 59.00 0.00 2.00 66.72
10.00 28.00 1.00 2.00 178.41
43.00 5.00 0.00 5.00 129.90
51.00 56.00 1.00 3.00 105.20
52.00 45.00 1.00 4.00 75.65
52.00 58.00 1.00 3.00 97.87
45.00 58.00 0.00 1.00 146.83
57.00 12.00 1.00 1.00 82.94
53.00 59.00 1.00 4.00 101.77
46.00 51.00 1.00 5.00 128.95
53.00 58.00 0.00 3.00 54.48
56.00 5.00 1.00 1.00 94.42
24.00 59.00 1.00 3.00 166.22
59.00 52.00 0.00 4.00 78.72
48.00 12.00 1.00 5.00 31.77
55.00 14.00 1.00 5.00 170.95
45.00 51.00 0.00 2.00 132.22
55.00 19.00 1.00 4.00 88.14
33.00 48.00 1.00 4.00 70.92
9.00 40.00 1.00 3.00 174.47
47.00 9.00 1.00 2.00 148.69
10.00 57.00 0.00 1.00 105.98
55.00 12.00 0.00 1.00 117.82
4.00 58.00 0.00 1.00 109.38
59.00 51.00 1.00 3.00 58.46
55.00 8.00 1.00 1.00 76.11
51.00 48.00 0.00 2.00 175.43
28.00 50.00 1.00 2.00 68.38
49.00 3.00 1.00 4.00 141.47
37.00 3.00 1.00 2.00 72.12
39.00 50.00 1.00 2.00 74.44
38.00 54.00 1.00 5.00 64.18
22.00 7.00 0.00 1.00 185.49
36.00 19.00 0.00 2.00 73.64
58.00 24.00 0.00 3.00 121.10
13.00 56.00 1.00 1.00 73.17
37.00 58.00 0.00 3.00 141.19
52.00 58.00 0.00 2.00 62.29
41.00 51.00 1.00 4.00 76.37
5.00 14.00 1.00 3.00 105.61
57.00 53.00 0.00 3.00 193.10
54.00 29.00 0.00 5.00 129.81
52.00 59.00 1.00 3.00 165.25
30.00 42.00 0.00 3.00 30.42
51.00 47.00 1.00 4.00 60.65
52.00 0.00 0.00 3.00 58.25
3.00 44.00 0.00 4.00 72.63
56.00 22.00 1.00 2.00 177.29
3.00 50.00 0.00 5.00 136.79
50.00 57.00 1.00 1.00 124.97
57.00 52.00 0.00 4.00 180.49
10.00 39.00 0.00 4.00 107.33
59.00 14.00 0.00 4.00 82.31
21.00 30.00 0.00 4.00 30.61
55.00 52.00 0.00 2.00 83.18
58.00 11.00 0.00 4.00 127.21
57.00 15.00 0.00 5.00 65.73
52.00 58.00 1.00 2.00 74.29
59.00 31.00 1.00 4.00 92.13
56.00 2.00 1.00 2.00 74.95
15.00 3.00 0.00 3.00 96.42
47.00 51.00 0.00 1.00 86.24
53.00 28.00 0.00 3.00 72.08
6.00 58.00 0.00 2.00 122.21
4.00 52.00 0.00 1.00 168.92
52.00 15.00 1.00 5.00 108.18
44.00 13.00 1.00 3.00 48.14
20.00 32.00 1.00 4.00 37.08
23.00 59.00 0.00 4.00 43.37
18.00 58.00 0.00 5.00 116.47
53.00 8.00 0.00 2.00 139.63
58.00 48.00 1.00 1.00 69.25
24.00 43.00 0.00 1.00 37.94
6.00 58.00 0.00 5.00 110.02
55.00 5.00 1.00 1.00 79.22
50.00 59.00 1.00 1.00 139.05
54.00 58.00 1.00 3.00 65.95
58.00 54.00 1.00 2.00 161.01
59.00 27.00 1.00 4.00 118.55
51.00 35.00 0.00 1.00 172.45
51.00 57.00 1.00 1.00 133.72
36.00 22.00 0.00 5.00 91.85
35.00 52.00 1.00 1.00 76.02
52.00 49.00 1.00 4.00 46.24
56.00 19.00 0.00 2.00 109.89
51.00 56.00 0.00 3.00 126.46
43.00 50.00 0.00 2.00 41.56
1.00 57.00 0.00 4.00 113.14
39.00 54.00 1.00 1.00 63.31
54.00 55.00 0.00 5.00 49.58
55.00 50.00 1.00 1.00 37.25
7.00 57.00 1.00 5.00 133.08
59.00 6.00 1.00 1.00 89.06
20.00 55.00 0.00 2.00 193.69
35.00 50.00 1.00 1.00 92.30
57.00 13.00 1.00 4.00 55.72
19.00 36.00 1.00 4.00 107.57
24.00 34.00 1.00 5.00 121.35
9.00 51.00 1.00 5.00 120.37
55.00 53.00 1.00 3.00 102.22
58.00 3.00 1.00 2.00 139.30
30.00 51.00 0.00 4.00 50.78
40.00 54.00 1.00 3.00 161.33
53.00 55.00 1.00 5.00 43.98
51.00 58.00 1.00 5.00 177.59
58.00 33.00 1.00 1.00 51.19
35.00 40.00 0.00 3.00 188.80
32.00 54.00 0.00 5.00 76.39
47.00 3.00 0.00 5.00 101.75
53.00 56.00 1.00 4.00 178.36
59.00 53.00 1.00 5.00 116.75
59.00 54.00 1.00 5.00 42.03
10.00 53.00 1.00 1.00 101.04
53.00 59.00 1.00 2.00 52.63
54.00 57.00 1.00 5.00 65.44
56.00 52.00 0.00 4.00 35.98
56.00 53.00 0.00 3.00 171.38
15.00 58.00 1.00 2.00 93.88
5.00 47.00 1.00 1.00 146.66
30.00 50.00 1.00 4.00 57.48
58.00 50.00 1.00 5.00 77.30
48.00 23.00 0.00 4.00 80.35
53.00 55.00 0.00 5.00 59.73
25.00 40.00 1.00 3.00 34.87
56.00 53.00 1.00 4.00 39.17
39.00 55.00 1.00 4.00 70.87
18.00 9.00 1.00 4.00 156.71
55.00 14.00 1.00 4.00 130.76
17.00 50.00 1.00 4.00 105.97
58.00 39.00 1.00 1.00 109.75
30.00 17.00 0.00 3.00 197.00
53.00 24.00 0.00 3.00 46.62
16.00 59.00 1.00 2.00 198.27
10.00 56.00 0.00 2.00 170.51
24.00 5.00 1.00 1.00 191.16
59.00 10.00 0.00 5.00 64.51
34.00 56.00 1.00 3.00 188.65
4.00 56.00 0.00 2.00 169.01
53.00 55.00 1.00 3.00 188.48
52.00 55.00 1.00 4.00 136.09
32.00 17.00 1.00 5.00 185.99
50.00 55.00 1.00 1.00 81.36
54.00 47.00 1.00 5.00 166.75
7.00 18.00 0.00 3.00 120.44
52.00 56.00 1.00 5.00 194.09
51.00 25.00 0.00 2.00 166.19
11.00 55.00 0.00 5.00 146.56
26.00 50.00 0.00 4.00 176.60
17.00 29.00 1.00 3.00 44.35
16.00 59.00 1.00 1.00 47.88
32.00 2.00 0.00 1.00 126.75
41.00 18.00 1.00 2.00 53.77
22.00 7.00 0.00 3.00 135.75
54.00 55.00 0.00 2.00 44.41
55.00 0.00 0.00 2.00 153.80
40.00 33.00 0.00 2.00 57.17
7.00 51.00 1.00 5.00 192.17
29.00 38.00 1.00 2.00 191.55
52.00 55.00 1.00 2.00 195.15
59.00 50.00 0.00 5.00 157.63
5.00 56.00 0.00 3.00 136.08
9.00 56.00 0.00 2.00 52.86
41.00 51.00 1.00 3.00 69.16
53.00 58.00 0.00 4.00 60.11
7.00 58.00 0.00 5.00 157.23
50.00 56.00 1.00 2.00 134.15
28.00 43.00 0.00 1.00 83.46
55.00 26.00 1.00 4.00 67.09
25.00 55.00 1.00 3.00 168.75
56.00 53.00 0.00 1.00 148.56
47.00 10.00 0.00 3.00 44.52
48.00 52.00 1.00 1.00 32.85
22.00 30.00 1.00 5.00 155.63
14.00 57.00 0.00 5.00 143.16
54.00 48.00 1.00 1.00 38.14
58.00 50.00 0.00 5.00 150.11
59.00 25.00 0.00 1.00 177.63
3.00 47.00 1.00 4.00 136.94
50.00 9.00 1.00 5.00 108.78
37.00 52.00 1.00 1.00 198.65
7.00 42.00 0.00 1.00 81.14
24.00 33.00 1.00 2.00 167.20
52.00 59.00 0.00 2.00 156.29
59.00 45.00 0.00 3.00 70.31
58.00 39.00 1.00 5.00 60.75
7.00 56.00 0.00 1.00 127.75
14.00 0.00 1.00 5.00 92.74
16.00 13.00 1.00 4.00 148.39
49.00 12.00 1.00 1.00 136.55
54.00 14.00 0.00 1.00 142.23
54.00 13.00 0.00 2.00 94.90
38.00 21.00 0.00 5.00 62.40
42.00 5.00 0.00 2.00 125.82
34.00 16.00 1.00 2.00 39.25
43.00 50.00 1.00 3.00 148.01
43.00 54.00 0.00 2.00 151.42
25.00 53.00 1.00 3.00 173.16
15.00 10.00 0.00 4.00 140.05
58.00 52.00 0.00 5.00 169.12
33.00 52.00 1.00 3.00 182.35
13.00 18.00 1.00 3.00 125.86
32.00 51.00 0.00 2.00 96.20
50.00 57.00 0.00 5.00 143.34
59.00 53.00 1.00 3.00 192.75
55.00 20.00 0.00 4.00 58.29
50.00 58.00 1.00 2.00 36.33
36.00 22.00 0.00 2.00 118.83
53.00 59.00 1.00 1.00 59.43
13.00 48.00 0.00 3.00 51.40
58.00 18.00 0.00 2.00 182.55
58.00 52.00 0.00 5.00 115.52
0.00 56.00 0.00 1.00 31.65
35.00 59.00 0.00 2.00 146.10
25.00 26.00 0.00 5.00 116.04
34.00 23.00 0.00 2.00 76.14
45.00 50.00 0.00 4.00 44.52
18.00 56.00 1.00 1.00 48.51
54.00 59.00 1.00 1.00 62.97
29.00 50.00 0.00 1.00 77.78
20.00 56.00 0.00 5.00 105.66
54.00 36.00 1.00 4.00 164.92
44.00 10.00 0.00 1.00 147.95
51.00 30.00 1.00 3.00 139.40
9.00 59.00 1.00 3.00 131.11
51.00 55.00 1.00 3.00 195.66
59.00 30.00 0.00 3.00 107.91
6.00 46.00 1.00 2.00 130.69
55.00 33.00 0.00 3.00 110.18
33.00 32.00 0.00 3.00 46.23
5.00 51.00 1.00 2.00 118.74
54.00 36.00 0.00 2.00 124.44
58.00 53.00 1.00 2.00 48.31
42.00 53.00 0.00 5.00 174.15
50.00 10.00 1.00 2.00 142.04
55.00 51.00 0.00 3.00 144.16
25.00 47.00 1.00 4.00 126.63
6.00 58.00 1.00 1.00 76.85
27.00 54.00 0.00 1.00 44.94
24.00 56.00 1.00 1.00 78.96
30.00 19.00 1.00 1.00 145.76
45.00 53.00 0.00 1.00 94.12
38.00 24.00 0.00 5.00 197.39
59.00 50.00 0.00 1.00 176.34
12.00 47.00 0.00 3.00 199.66
54.00 58.00 0.00 2.00 107.11
14.00 38.00 0.00 2.00 130.23
20.00 58.00 0.00 4.00 120.55
57.00 50.00 1.00 3.00 130.11
57.00 28.00 0.00 1.00 41.94
47.00 12.00 1.00 3.00 146.98
59.00 26.00 1.00 4.00 31.32
34.00 54.00 0.00 1.00 108.29
57.00 24.00 0.00 4.00 153.33
54.00 39.00 0.00 1.00 110.67
56.00 13.00 0.00 1.00 83.44
57.00 54.00 0.00 3.00 72.09
15.00 59.00 0.00 3.00 48.27
58.00 45.00 1.00 4.00 64.94
56.00 13.00 1.00 1.00 61.28
58.00 50.00 1.00 4.00 32.92
33.00 56.00 0.00 2.00 115.40
50.00 58.00 0.00 2.00 197.12
47.00 6.00 1.00 2.00 77.50
57.00 50.00 0.00 4.00 69.61
58.00 51.00 0.00 4.00 52.09
50.00 33.00 0.00 5.00 174.63
30.00 50.00 1.00 5.00 73.09
53.00 57.00 1.00 2.00 171.83
25.00 56.00 0.00 4.00 127.33
59.00 22.00 1.00 4.00 146.62
58.00 10.00 0.00 4.00 91.94
59.00 51.00 0.00 4.00 68.79
52.00 39.00 1.00 5.00 183.31
5.00 56.00 0.00 5.00 164.40
29.00 44.00 0.00 4.00 115.06
22.00 57.00 0.00 4.00 90.68
18.00 48.00 1.00 5.00 101.28
55.00 54.00 1.00 5.00 91.61
48.00 34.00 0.00 3.00 158.52
43.00 26.00 0.00 1.00 65.60
27.00 12.00 0.00 1.00 44.55
56.00 35.00 0.00 3.00 183.53
23.00 44.00 1.00 3.00 149.78
57.00 53.00 0.00 4.00 136.28
51.00 58.00 1.00 5.00 36.23
51.00 6.00 0.00 3.00 39.53
56.00 11.00 1.00 5.00 145.77
37.00 19.00 1.00 5.00 97.81
53.00 1.00 0.00 4.00 84.54
59.00 9.00 1.00 4.00 105.92
16.00 11.00 1.00 2.00 46.77
13.00 53.00 1.00 4.00 147.07
46.00 52.00 1.00 3.00 54.58
52.00 49.00 1.00 5.00 155.70
53.00 34.00 1.00 2.00 169.41
2.00 31.00 0.00 3.00 144.17
59.00 53.00 1.00 3.00 193.73
53.00 55.00 1.00 1.00 178.92
14.00 54.00 1.00 5.00 152.77
51.00 57.00 0.00 4.00 66.44
10.00 52.00 1.00 4.00 141.57
51.00 36.00 0.00 3.00 186.01
43.00 24.00 1.00 4.00 55.49
59.00 52.00 0.00 4.00 162.15
56.00 38.00 0.00 3.00 122.32
5.00 57.00 1.00 5.00 159.04
24.00 57.00 1.00 2.00 199.73
50.00 57.00 0.00 1.00 53.76
15.00 4.00 0.00 5.00 120.86
58.00 12.00 1.00 3.00 50.36
50.00 57.00 1.00 2.00 165.74
27.00 53.00 0.00 5.00 81.59
50.00 57.00 1.00 3.00 141.11
44.00 52.00 0.00 5.00 165.40
51.00 36.00 1.00 1.00 51.28
27.00 52.00 1.00 1.00 112.88
35.00 51.00 1.00 1.00 135.03
52.00 58.00 0.00 4.00 38.45
57.00 7.00 0.00 5.00 174.48
58.00 12.00 0.00 1.00 139.96
53.00 0.00 0.00 2.00 186.32
59.00 26.00 0.00 3.00 61.59
3.00 59.00 0.00 4.00 166.61
28.00 20.00 0.00 1.00 153.71
37.00 51.00 0.00 4.00 117.22
7.00 16.00 0.00 2.00 85.48
36.00 40.00 1.00 5.00 46.08
24.00 18.00 1.00 5.00 49.06
38.00 54.00 0.00 5.00 31.87
46.00 29.00 1.00 4.00 67.17
33.00 51.00 1.00 2.00 152.84
57.00 51.00 0.00 5.00 62.74
1.00 30.00 1.00 3.00 88.92
21.00 55.00 0.00 4.00 37.27
11.00 15.00 1.00 2.00 105.43
57.00 51.00 1.00 5.00 111.07
50.00 55.00 1.00 1.00 73.14
54.00 4.00 0.00 3.00 131.23
48.00 52.00 0.00 3.00 93.18
42.00 8.00 1.00 1.00 90.55
54.00 36.00 1.00 1.00 64.38
51.00 4.00 0.00 2.00 72.95
52.00 59.00 0.00 5.00 82.21
59.00 27.00 1.00 3.00 131.01
50.00 58.00 1.00 5.00 142.97
52.00 46.00 0.00 4.00 41.63
32.00 59.00 0.00 3.00 96.27
51.00 56.00 0.00 3.00 52.10
34.00 50.00 1.00 5.00 171.48
50.00 48.00 1.00 5.00 175.52
59.00 50.00 1.00 5.00 132.94
44.00 53.00 1.00 4.00 150.39
50.00 59.00 0.00 3.00 115.20
57.00 7.00 1.00 1.00 142.38
42.00 9.00 1.00 3.00 115.52
42.00 54.00 1.00 2.00 109.00
38.00 50.00 0.00 2.00 147.93
36.00 52.00 0.00 2.00 171.74
58.00 0.00 1.00 2.00 92.39
34.00 58.00 0.00 5.00 112.87
59.00 48.00 0.00 4.00 71.68
44.00 12.00 1.00 5.00 140.32
40.00 53.00 1.00 2.00 62.82
59.00 12.00 1.00 2.00 186.41
54.00 59.00 0.00 2.00 177.88
0.00 17.00 0.00 5.00 87.59
6.00 53.00 0.00 5.00 64.90
25.00 58.00 1.00 1.00 124.00
6.00 49.00 0.00 3.00 91.73
5.00 9.00 1.00 5.00 162.90
54.00 58.00 0.00 4.00 142.29
59.00 54.00 1.00 3.00 91.78
28.00 51.00 1.00 4.00 100.29
59.00 51.00 1.00 2.00 175.73
53.00 10.00 0.00 1.00 188.55
58.00 51.00 0.00 4.00 121.38
42.00 33.00 1.00 5.00 139.12
55.00 52.00 0.00 2.00 65.57
21.00 59.00 0.00 3.00 159.35
51.00 59.00 0.00 5.00 123.55
31.00 19.00 0.00 3.00 195.80
17.00 6.00 0.00 1.00 46.14
44.00 52.00 0.00 1.00 60.60
16.00 1.00 0.00 5.00 92.40
28.00 53.00 1.00 3.00 60.58
43.00 50.00 0.00 5.00 132.95
24.00 47.00 0.00 5.00 67.10
56.00 52.00 1.00 2.00 117.93
41.00 28.00 1.00 3.00 127.02
21.00 1.00 0.00 4.00 91.51
55.00 52.00 0.00 3.00 195.60
50.00 57.00 0.00 4.00 44.06
51.00 35.00 0.00 5.00 137.88
58.00 52.00 0.00 5.00 53.64
53.00 58.00 1.00 2.00 93.86
0.00 18.00 0.00 2.00 102.43
12.00 30.00 1.00 1.00 44.17
58.00 24.00 0.00 3.00 86.58
36.00 51.00 1.00 2.00 130.41
0.00 50.00 0.00 3.00 163.31
57.00 54.00 1.00 3.00 41.51
32.00 51.00 0.00 4.00 127.30
51.00 6.00 0.00 2.00 49.34
53.00 58.00 1.00 1.00 34.76
40.00 13.00 0.00 1.00 173.78
16.00 53.00 1.00 5.00 41.39
56.00 54.00 1.00 5.00 142.29
57.00 54.00 0.00 1.00 176.49
23.00 58.00 0.00 1.00 94.81
52.00 33.00 0.00 5.00 59.15
1.00 19.00 1.00 1.00 64.92
33.00 41.00 1.00 5.00 137.14
36.00 3.00 1.00 1.00 133.40
56.00 50.00 1.00 5.00 47.38
22.00 13.00 0.00 4.00 149.79
10.00 45.00 0.00 3.00 73.98
32.00 50.00 0.00 3.00 66.90
51.00 41.00 1.00 2.00 77.84
6.00 17.00 0.00 3.00 95.22
26.00 56.00 0.00 2.00 93.72
8.00 43.00 0.00 3.00 127.64
51.00 55.00 1.00 2.00 85.95
21.00 42.00 0.00 5.00 64.84
30.00 52.00 1.00 1.00 105.92
51.00 58.00 0.00 5.00 83.92
52.00 57.00 1.00 2.00 131.24
53.00 15.00 0.00 4.00 77.55
28.00 54.00 1.00 3.00 172.99
54.00 56.00 1.00 1.00 174.38
19.00 56.00 1.00 4.00 51.82
32.00 44.00 1.00 1.00 169.57
39.00 43.00 1.00 5.00 171.26
55.00 28.00 1.00 1.00 150.94
37.00 59.00 0.00 2.00 160.83
53.00 55.00 1.00 1.00 151.25
59.00 51.00 0.00 1.00 111.24
25.00 51.00 0.00 4.00 37.88
58.00 54.00 1.00 1.00 72.56
10.00 19.00 0.00 1.00 144.87
50.00 3.00 0.00 5.00 143.39
51.00 55.00 1.00 4.00 49.06
11.00 32.00 1.00 4.00 166.94
12.00 57.00 0.00 2.00 118.61
14.00 58.00 0.00 3.00 155.31
52.00 38.00 1.00 1.00 163.04
16.00 26.00 1.00 3.00 123.57
55.00 20.00 0.00 2.00 197.90
58.00 54.00 1.00 2.00 30.90
57.00 54.00 1.00 2.00 43.40
59.00 50.00 1.00 1.00 186.67
56.00 28.00 1.00 5.00 44.11
5.00 14.00 1.00 2.00 194.22
54.00 47.00 0.00 4.00 41.32
53.00 10.00 0.00 4.00 52.63
9.00 51.00 1.00 4.00 51.12
6.00 40.00 0.00 1.00 138.66
55.00 21.00 1.00 5.00 129.27
3.00 59.00 0.00 2.00 52.79
35.00 53.00 0.00 3.00 50.84
52.00 58.00 0.00 5.00 88.42
58.00 32.00 1.00 3.00 193.62
51.00 34.00 1.00 5.00 75.07
51.00 57.00 0.00 5.00 121.30
54.00 5.00 1.00 5.00 176.82
41.00 25.00 1.00 4.00 101.01
52.00 33.00 0.00 2.00 122.10
40.00 54.00 1.00 1.00 124.07
50.00 58.00 1.00 5.00 126.47
49.00 50.00 0.00 5.00 161.99
58.00 52.00 1.00 5.00 127.45
58.00 8.00 1.00 4.00 171.31
54.00 55.00 1.00 1.00 148.79
13.00 57.00 1.00 2.00 136.92
54.00 10.00 0.00 4.00 108.59
21.00 57.00 1.00 4.00 120.47
58.00 29.00 1.00 1.00 60.18
39.00 52.00 1.00 1.00 56.98
56.00 21.00 0.00 4.00 31.89
25.00 56.00 1.00 1.00 148.76
6.00 57.00 1.00 2.00 194.74
59.00 53.00 0.00 2.00 147.59
13.00 51.00 1.00 5.00 85.44
50.00 48.00 1.00 5.00 69.20
27.00 44.00 1.00 1.00 85.10
49.00 50.00 1.00 5.00 76.08
30.00 4.00 0.00 1.00 56.39
22.00 56.00 0.00 3.00 51.14
27.00 55.00 1.00 3.00 85.22
35.00 54.00 0.00 4.00 166.28
14.00 51.00 0.00 2.00 53.19
44.00 2.00 0.00 1.00 99.82
55.00 53.00 0.00 4.00 98.52
14.00 27.00 1.00 1.00 96.23
11.00 57.00 1.00 4.00 177.90
55.00 52.00 0.00 5.00 117.53
53.00 57.00 1.00 2.00 74.18
9.00 57.00 0.00 4.00 47.70
59.00 54.00 1.00 1.00 70.64
53.00 36.00 1.00 1.00 88.40
36.00 4.00 1.00 2.00 30.90
52.00 41.00 1.00 1.00 136.53
12.00 17.00 1.00 5.00 86.42
33.00 52.00 0.00 5.00 76.17
14.00 56.00 1.00 4.00 157.21
54.00 58.00 1.00 2.00 58.43
3.00 16.00 1.00 1.00 114.80
59.00 51.00 1.00 2.00 52.75
37.00 44.00 1.00 3.00 65.36
33.00 56.00 0.00 5.00 84.64
54.00 2.00 1.00 3.00 35.93
20.00 19.00 0.00 4.00 158.18
52.00 58.00 0.00 5.00 122.90
58.00 12.00 0.00 2.00 128.93
54.00 9.00 1.00 5.00 116.61
54.00 33.00 1.00 2.00 111.67
53.00 32.00 0.00 3.00 103.76
57.00 50.00 0.00 3.00 151.06
38.00 20.00 1.00 4.00 148.11
30.00 33.00 1.00 4.00 91.02
25.00 54.00 1.00 4.00 109.34
52.00 9.00 0.00 4.00 42.69
14.00 59.00 0.00 3.00 188.47
53.00 59.00 1.00 1.00 164.83
53.00 57.00 1.00 2.00 169.64
22.00 37.00 1.00 2.00 170.86
35.00 20.00 1.00 3.00 107.02
35.00 50.00 0.00 3.00 181.51
35.00 52.00 0.00 3.00 54.76
53.00 58.00 0.00 4.00 61.54
39.00 52.00 1.00 1.00 93.30
39.00 53.00 0.00 5.00 109.70
57.00 51.00 1.00 5.00 143.12
37.00 57.00 0.00 3.00 163.94
1.00 26.00 1.00 2.00 173.00
20.00 49.00 1.00 1.00 95.05
54.00 12.00 1.00 3.00 117.57
57.00 54.00 1.00 1.00 193.76
25.00 52.00 0.00 4.00 171.30
58.00 0.00 1.00 1.00 198.89
59.00 25.00 0.00 3.00 85.80
1.00 14.00 0.00 3.00 140.00
31.00 22.00 1.00 3.00 154.77
52.00 56.00 0.00 5.00 70.01
32.00 22.00 0.00 3.00 43.67
55.00 20.00 0.00 5.00 115.27
50.00 12.00 1.00 1.00 73.41
10.00 50.00 0.00 5.00 138.51
29.00 51.00 0.00 4.00 63.53
54.00 37.00 0.00 2.00 187.91
43.00 31.00 0.00 3.00 194.14
55.00 52.00 1.00 4.00 141.20
5.00 59.00 0.00 5.00 156.27
52.00 56.00 0.00 5.00 78.50
51.00 58.00 1.00 4.00 65.90
49.00 33.00 1.00 3.00 125.28
29.00 5.00 1.00 4.00 147.47
52.00 46.00 1.00 5.00 91.41
40.00 35.00 1.00 5.00 51.26
59.00 11.00 0.00 2.00 119.35
50.00 38.00 0.00 2.00 98.34
26.00 23.00 1.00 2.00 54.89
55.00 11.00 0.00 4.00 58.04
3.00 20.00 0.00 1.00 198.17
45.00 51.00 1.00 2.00 175.72
15.00 54.00 1.00 2.00 196.62
23.00 5.00 1.00 3.00 62.10
51.00 59.00 1.00 5.00 65.82
38.00 55.00 1.00 4.00 63.43
52.00 55.00 0.00 5.00 196.22
27.00 55.00 1.00 5.00 81.62
38.00 52.00 1.00 5.00 190.69
53.00 55.00 0.00 3.00 51.03
52.00 0.00 1.00 1.00 63.59
27.00 45.00 1.00 2.00 167.05
0.00 53.00 0.00 2.00 154.28
42.00 9.00 0.00 4.00 156.02
50.00 58.00 0.00 4.00 36.99
39.00 8.00 0.00 2.00 121.10
41.00 50.00 0.00 2.00 62.21
51.00 26.00 0.00 3.00 103.83
31.00 54.00 1.00 1.00 130.53
56.00 52.00 1.00 4.00 37.23
25.00 54.00 1.00 4.00 117.14
13.00 50.00 1.00 4.00 191.78
52.00 56.00 0.00 2.00 197.18
58.00 52.00 1.00 3.00 88.22
0.00 29.00 1.00 2.00 138.88
31.00 54.00 1.00 2.00 167.55
41.00 52.00 0.00 4.00 30.78
56.00 54.00 1.00 5.00 121.01
57.00 15.00 0.00 2.00 94.06
51.00 29.00 1.00 4.00 189.59
15.00 54.00 1.00 5.00 148.01
41.00 28.00 1.00 4.00 93.14
5.00 51.00 0.00 1.00 94.42
41.00 54.00 1.00 5.00 151.70
48.00 27.00 0.00 2.00 147.74
24.00 57.00 1.00 2.00 35.87
51.00 55.00 1.00 3.00 91.91
43.00 32.00 0.00 5.00 68.52
52.00 30.00 0.00 1.00 118.04
56.00 52.00 0.00 2.00 134.60
23.00 48.00 1.00 1.00 109.10
55.00 50.00 0.00 5.00 126.35
11.00 48.00 0.00 4.00 33.15
58.00 50.00 0.00 2.00 161.71
52.00 26.00 0.00 5.00 65.96
58.00 52.00 1.00 1.00 98.44
2.00 21.00 1.00 4.00 46.32
30.00 0.00 1.00 5.00 126.51
6.00 42.00 0.00 4.00 115.74
8.00 53.00 1.00 1.00 144.22
1.00 21.00 0.00 1.00 102.44
9.00 39.00 1.00 2.00 90.42
52.00 55.00 0.00 3.00 109.70
50.00 30.00 0.00 3.00 63.94
31.00 52.00 1.00 4.00 59.25
37.00 56.00 1.00 1.00 73.88
29.00 52.00 1.00 4.00 33.69
53.00 59.00 1.00 1.00 52.37
58.00 50.00 0.00 5.00 64.87
50.00 59.00 0.00 3.00 96.03
50.00 26.00 1.00 5.00 59.88
6.00 41.00 1.00 3.00 162.36
59.00 51.00 1.00 5.00 91.61
34.00 24.00 0.00 5.00 31.83
8.00 52.00 1.00 1.00 194.52
50.00 57.00 1.00 3.00 183.17
55.00 54.00 1.00 2.00 44.57
53.00 40.00 0.00 1.00 99.40
50.00 7.00 0.00 2.00 142.10
48.00 39.00 0.00 5.00 63.45
59.00 21.00 1.00 4.00 186.53
52.00 42.00 0.00 4.00 185.52
51.00 0.00 1.00 1.00 71.36
56.00 13.00 1.00 2.00 45.53
56.00 51.00 1.00 5.00 109.12
31.00 50.00 0.00 4.00 156.82
22.00 10.00 1.00 4.00 192.25
30.00 18.00 1.00 5.00 115.66
56.00 52.00 0.00 4.00 88.49
35.00 57.00 1.00 3.00 37.05
52.00 58.00 1.00 5.00 177.67
56.00 54.00 1.00 3.00 34.47
6.00 53.00 0.00 1.00 159.15
51.00 57.00 1.00 4.00 49.56
48.00 2.00 1.00 5.00 157.74
35.00 50.00 0.00 4.00 100.42
54.00 10.00 1.00 3.00 164.69
19.00 55.00 0.00 1.00 188.34
38.00 7.00 1.00 5.00 163.34
38.00 21.00 0.00 3.00 79.57
40.00 6.00 1.00 2.00 101.98
57.00 31.00 1.00 5.00 117.84
37.00 19.00 1.00 1.00 93.38
59.00 11.00 0.00 1.00 171.66
32.00 50.00 1.00 5.00 172.53
32.00 53.00 0.00 4.00 152.08
22.00 56.00 0.00 2.00 110.57
36.00 53.00 0.00 2.00 114.38
30.00 0.00 0.00 5.00 109.37
32.00 20.00 1.00 4.00 111.35
7.00 41.00 0.00 5.00 175.67
37.00 52.00 0.00 4.00 31.01
57.00 0.00 1.00 5.00 86.99
7.00 39.00 1.00 2.00 50.11
54.00 0.00 0.00 2.00 98.90
29.00 50.00 0.00 2.00 54.43
58.00 54.00 1.00 5.00 80.01
24.00 55.00 1.00 1.00 78.44
50.00 58.00 0.00 3.00 112.29
57.00 54.00 0.00 4.00 140.79
51.00 6.00 1.00 2.00 144.26
16.00 7.00 0.00 3.00 170.68
58.00 26.00 1.00 1.00 167.25
51.00 2.00 0.00 5.00 198.31
11.00 59.00 0.00 5.00 93.85
53.00 11.00 0.00 3.00 110.11
44.00 14.00 1.00 3.00 114.58
51.00 56.00 0.00 1.00 52.90
11.00 51.00 1.00 2.00 93.10
34.00 43.00 1.00 3.00 67.99
55.00 52.00 1.00 4.00 45.29
48.00 58.00 1.00 4.00 75.78
51.00 56.00 1.00 3.00 158.05
0.00 22.00 0.00 1.00 182.41
50.00 12.00 1.00 4.00 106.07
55.00 53.00 0.00 2.00 37.73
59.00 53.00 1.00 4.00 181.41
57.00 20.00 0.00 1.00 138.44
54.00 41.00 1.00 3.00 135.19
40.00 9.00 0.00 4.00 43.19
23.00 59.00 0.00 2.00 116.97
58.00 21.00 0.00 1.00 189.33
11.00 48.00 0.00 2.00 98.79
33.00 50.00 0.00 3.00 195.71
1.00 51.00 1.00 3.00 178.49
6.00 58.00 1.00 4.00 112.99
6.00 47.00 0.00 3.00 75.39
2.00 32.00 0.00 2.00 45.15
59.00 54.00 0.00 5.00 34.27
15.00 26.00 0.00 5.00 199.35
55.00 1.00 0.00 5.00 114.76
7.00 39.00 0.00 2.00 112.78
18.00 49.00 0.00 4.00 95.73
34.00 56.00 1.00 3.00 199.43
58.00 54.00 1.00 5.00 60.39
29.00 19.00 0.00 4.00 30.15
59.00 7.00 1.00 2.00 136.60
56.00 52.00 0.00 3.00 52.73
58.00 38.00 1.00 4.00 180.40
11.00 51.00 1.00 1.00 32.14
26.00 54.00 1.00 3.00 113.11
56.00 50.00 1.00 4.00 100.63
