3.00 58.00 1.00 5.00 43.98
48.00 1.00 0.00 2.00 143.11
59.00 51.00 1.00 3.00 151.41
43.00 53.00 1.00 5.00 184.61
7.00 26.00 0.00 3.00 137.49
55.00 53.00 1.00 3.00 120.17
9.00 52.00 1.00 5.00 44.08
56.00 26.00 0.00 5.00 184.26
50.00 59.00 0.00 3.00 127.53
0.00 59.00 0.00 2.00 117.50
6.00 54.00 1.00 3.00 41.71
24.00 57.00 1.00 5.00 69.65
39.00 24.00 1.00 1.00 121.06
28.00 57.00 1.00 2.00 32.20
57.00 53.00 1.00 3.00 199.01
52.00 46.00 0.00 1.00 89.53
17.00 13.00 1.00 5.00 163.01
26.00 45.00 0.00 1.00 53.21
11.00 56.00 0.00 3.00 58.96
56.00 14.00 0.00 5.00 86.18
53.00 58.00 0.00 2.00 188.65
50.00 58.00 1.00 4.00 115.10
53.00 34.00 1.00 3.00 154.46
53.00 9.00 1.00 2.00 99.71
16.00 39.00 1.00 2.00 177.55
56.00 18.00 1.00 5.00 70.39
0.00 51.00 1.00 5.00 158.92
5.00 21.00 0.00 5.00 50.58
55.00 17.00 0.00 3.00 90.96
59.00 52.00 0.00 5.00 85.24
2.00 55.00 0.00 3.00 122.69
16.00 35.00 0.00 3.00 88.90
50.00 6.00 0.00 5.00 36.74
51.00 56.00 1.00 4.00 152.07
52.00 46.00 1.00 1.00 63.80
53.00 8.00 0.00 1.00 189.50
56.00 53.00 1.00 5.00 138.39
20.00 42.00 1.00 5.00 117.82
28.00 57.00 1.00 1.00 170.42
19.00 58.00 0.00 4.00 141.99
8.00 55.00 1.00 2.00 128.53
50.00 58.00 0.00 3.00 82.43
36.00 16.00 0.00 2.00 114.49
59.00 33.00 0.00 1.00 52.16
28.00 20.00 0.00 3.00 115.76
46.00 51.00 1.00 3.00 116.13
10.00 50.00 1.00 3.00 41.30
28.00 11.00 1.00 5.00 150.24
52.00 34.00 0.00 4.00 37.66
43.00 51.00 0.00 1.00 144.27
55.00 23.00 0.00 5.00 108.00
44.00 52.00 0.00 5.00 87.72
59.00 30.00 1.00 4.00 192.39
46.00 12.00 0.00 5.00 121.24
57.00 52.00 1.00 5.00 116.69
5.00 56.00 1.00 5.00 112.40
55.00 38.00 1.00 1.00 151.44
15.00 54.00 0.00 3.00 69.57
53.00 59.00 1.00 4.00 197.49
11.00 29.00 0.00 2.00 172.68
54.00 57.00 1.00 1.00 153.64
29.00 58.00 1.00 1.00 195.03
15.00 35.00 1.00 3.00 100.22
24.00 56.00 1.00 4.00 172.57
28.00 10.00 1.00 1.00 176.38
52.00 59.00 0.00 1.00 164.72
51.00 49.00 0.00 3.00 104.62
54.00 35.00 1.00 3.00 188.24
15.00 57.00 1.00 2.00 32.87
53.00 56.00 1.00 3.00 65.52
55.00 53.00 0.00 1.00 146.23
51.00 56.00 0.00 5.00 144.70
46.00 2.00 1.00 4.00 159.21
57.00 34.00 0.00 2.00 96.94
22.00 35.00 1.00 1.00 117.04
50.00 46.00 0.00 2.00 198.32
50.00 0.00 0.00 3.00 198.91
50.00 55.00 1.00 4.00 39.82
56.00 51.00 0.00 1.00 109.21
58.00 53.00 0.00 3.00 49.01
59.00 54.00 1.00 5.00 101.32
50.00 5.00 1.00 5.00 94.01
30.00 51.00 0.00 5.00 83.89
43.00 4.00 1.00 1.00 100.90
50.00 7.00 1.00 2.00 44.26
59.00 35.00 1.00 4.00 69.95
38.00 22.00 0.00 4.00 33.51
51.00 5.00 1.00 3.00 55.42
31.00 23.00 1.00 3.00 114.82
57.00 0.00 0.00 1.00 76.69
51.00 59.00 0.00 5.00 199.08
1.00 21.00 0.00 2.00 65.40
35.00 59.00 1.00 5.00 93.97
46.00 52.00 0.00 1.00 111.31
30.00 5.00 1.00 1.00 150.53
31.00 58.00 0.00 4.00 45.40
56.00 36.00 1.00 2.00 40.84
8.00 52.00 0.00 4.00 52.43
52.00 1.00 1.00 1.00 184.97
42.00 26.00 1.00 1.00 58.80
48.00 58.00 1.00 2.00 144.48
59.00 30.00 1.00 4.00 34.40
59.00 54.00 1.00 1.00 119.52
31.00 57.00 0.00 3.00 31.98
51.00 10.00 1.00 5.00 170.42
16.00 39.00 0.00 5.00 31.65
54.00 12.00 1.00 1.00 80.51
54.00 12.00 1.00 2.00 148.68
33.00 59.00 0.00 4.00 81.49
58.00 9.00 1.00 5.00 153.21
58.00 51.00 0.00 3.00 152.16
30.00 4.00 1.00 5.00 196.57
47.00 51.00 1.00 2.00 88.63
52.00 39.00 1.00 4.00 101.13
3.00 36.00 0.00 2.00 106.91
50.00 13.00 0.00 4.00 69.05
58.00 46.00 0.00 4.00 156.40
51.00 4.00 0.00 2.00 129.44
37.00 39.00 1.00 3.00 38.93
19.00 56.00 0.00 3.00 46.21
53.00 55.00 1.00 4.00 155.10
2.00 49.00 1.00 3.00 181.96
3.00 54.00 1.00 4.00 146.11
43.00 52.00 0.00 3.00 192.14
29.00 23.00 1.00 3.00 73.20
57.00 28.00 0.00 4.00 113.42
41.00 52.00 1.00 3.00 119.53
53.00 42.00 1.00 5.00 186.42
50.00 56.00 1.00 5.00 145.99
54.00 15.00 0.00 1.00 187.44
56.00 23.00 0.00 5.00 78.34
59.00 38.00 1.00 4.00 42.83
34.00 18.00 1.00 3.00 81.53
54.00 15.00 1.00 2.00 194.38
50.00 56.00 1.00 5.00 120.49
52.00 56.00 0.00 4.00 195.12
58.00 50.00 0.00 1.00 138.63
50.00 39.00 1.00 4.00 176.27
15.00 0.00 0.00 1.00 31.11
58.00 30.00 0.00 2.00 155.97
57.00 0.00 1.00 5.00 147.61
50.00 49.00 0.00 4.00 184.87
55.00 54.00 1.00 2.00 134.89
11.00 53.00 1.00 5.00 141.56
29.00 52.00 1.00 4.00 32.26
28.00 51.00 1.00 5.00 129.07
36.00 58.00 0.00 5.00 49.93
20.00 3.00 0.00 4.00 44.47
57.00 50.00 0.00 4.00 177.91
54.00 2.00 0.00 3.00 146.85
54.00 58.00 1.00 5.00 67.01
58.00 54.00 1.00 5.00 189.32
58.00 54.00 1.00 5.00 75.58
53.00 57.00 1.00 2.00 92.42
38.00 53.00 0.00 3.00 144.09
52.00 56.00 0.00 1.00 140.92
40.00 3.00 1.00 5.00 109.93
51.00 55.00 1.00 1.00 112.05
51.00 55.00 1.00 5.00 166.68
27.00 57.00 1.00 5.00 107.50
35.00 50.00 1.00 4.00 59.68
52.00 58.00 1.00 1.00 170.17
48.00 51.00 1.00 5.00 123.89
15.00 52.00 0.00 2.00 137.79
34.00 43.00 1.00 3.00 144.38
50.00 55.00 0.00 1.00 86.08
19.00 55.00 0.00 1.00 114.48
59.00 38.00 1.00 5.00 65.06
44.00 52.00 1.00 4.00 140.14
30.00 24.00 0.00 3.00 78.81
5.00 53.00 0.00 2.00 160.13
46.00 58.00 0.00 3.00 173.98
30.00 12.00 0.00 5.00 118.36
59.00 33.00 0.00 4.00 132.75
16.00 54.00 0.00 1.00 90.93
26.00 55.00 0.00 3.00 54.86
2.00 58.00 1.00 5.00 34.37
26.00 18.00 0.00 5.00 193.25
55.00 9.00 0.00 3.00 111.23
54.00 38.00 1.00 5.00 45.10
26.00 55.00 1.00 5.00 147.74
44.00 0.00 1.00 5.00 138.89
50.00 57.00 0.00 5.00 133.47
0.00 50.00 0.00 4.00 122.27
3.00 58.00 0.00 1.00 32.78
45.00 58.00 0.00 1.00 170.11
55.00 54.00 1.00 4.00 93.87
11.00 42.00 1.00 1.00 184.34
34.00 42.00 0.00 3.00 135.32
55.00 50.00 0.00 1.00 120.51
24.00 55.00 0.00 5.00 159.44
53.00 3.00 1.00 1.00 64.04
13.00 27.00 1.00 3.00 170.69
50.00 4.00 0.00 3.00 197.55
50.00 57.00 0.00 1.00 141.90
52.00 1.00 0.00 1.00 193.21
28.00 20.00 1.00 5.00 109.92
50.00 41.00 1.00 4.00 91.45
2.00 53.00 0.00 5.00 136.10
36.00 19.00 0.00 5.00 117.25
55.00 54.00 0.00 1.00 91.44
35.00 44.00 1.00 2.00 194.10
23.00 33.00 1.00 3.00 190.90
50.00 3.00 1.00 1.00 44.11
51.00 56.00 1.00 4.00 134.92
42.00 52.00 1.00 5.00 187.76
8.00 49.00 0.00 3.00 120.84
50.00 57.00 0.00 3.00 175.41
2.00 54.00 0.00 1.00 180.34
22.00 27.00 1.00 1.00 140.31
58.00 15.00 1.00 5.00 30.15
39.00 8.00 1.00 4.00 111.06
50.00 59.00 1.00 2.00 196.95
50.00 56.00 0.00 1.00 173.65
57.00 52.00 1.00 5.00 173.80
58.00 54.00 1.00 5.00 80.68
43.00 54.00 0.00 5.00 186.08
22.00 58.00 1.00 2.00 123.20
57.00 36.00 0.00 5.00 38.59
58.00 31.00 1.00 4.00 87.51
26.00 59.00 1.00 3.00 120.13
46.00 58.00 1.00 3.00 148.86
56.00 51.00 0.00 2.00 183.40
56.00 16.00 0.00 2.00 101.08
59.00 53.00 0.00 3.00 133.20
22.00 58.00 0.00 3.00 198.39
57.00 51.00 1.00 4.00 115.32
56.00 11.00 0.00 4.00 195.75
51.00 59.00 0.00 1.00 91.81
50.00 9.00 1.00 2.00 139.75
59.00 6.00 1.00 2.00 188.19
14.00 54.00 0.00 4.00 116.67
12.00 58.00 1.00 5.00 130.11
5.00 53.00 1.00 3.00 32.23
54.00 32.00 1.00 5.00 152.05
47.00 0.00 0.00 3.00 131.76
27.00 48.00 1.00 3.00 143.12
56.00 33.00 1.00 2.00 152.88
30.00 3.00 1.00 2.00 35.74
22.00 56.00 0.00 4.00 66.41
53.00 7.00 0.00 5.00 60.73
52.00 56.00 0.00 4.00 157.07
19.00 32.00 1.00 3.00 184.62
31.00 2.00 1.00 1.00 181.63
50.00 34.00 0.00 2.00 49.02
56.00 50.00 0.00 4.00 52.20
6.00 46.00 0.00 3.00 89.06
18.00 57.00 0.00 1.00 158.25
57.00 54.00 0.00 4.00 154.15
56.00 51.00 1.00 2.00 39.60
59.00 52.00 1.00 4.00 119.73
1.00 52.00 1.00 5.00 122.79
3.00 42.00 1.00 1.00 45.21
32.00 8.00 1.00 4.00 69.22
51.00 59.00 0.00 5.00 161.87
14.00 52.00 1.00 1.00 53.41
59.00 6.00 0.00 4.00 41.69
50.00 55.00 1.00 4.00 84.65
31.00 53.00 1.00 2.00 126.49
53.00 55.00 1.00 3.00 130.14
2.00 56.00 0.00 5.00 138.68
53.00 56.00 0.00 3.00 81.94
53.00 37.00 1.00 1.00 50.80
4.00 55.00 1.00 3.00 159.89
59.00 52.00 0.00 1.00 109.44
31.00 59.00 1.00 2.00 133.29
5.00 50.00 1.00 1.00 147.68
56.00 9.00 0.00 1.00 131.72
53.00 41.00 0.00 1.00 103.77
16.00 0.00 0.00 5.00 53.70
56.00 37.00 1.00 4.00 62.23
57.00 52.00 0.00 3.00 143.69
57.00 52.00 0.00 3.00 64.02
54.00 55.00 0.00 3.00 80.25
59.00 54.00 1.00 5.00 69.04
51.00 34.00 0.00 3.00 131.05
58.00 13.00 1.00 2.00 139.40
51.00 9.00 0.00 4.00 160.55
58.00 53.00 1.00 2.00 160.07
52.00 58.00 1.00 1.00 181.11
41.00 22.00 0.00 3.00 157.91
27.00 5.00 0.00 2.00 82.91
56.00 6.00 1.00 5.00 43.79
41.00 53.00 1.00 5.00 123.83
52.00 58.00 0.00 3.00 147.30
35.00 44.00 1.00 4.00 115.11
49.00 21.00 0.00 5.00 98.38
55.00 54.00 0.00 4.00 197.21
27.00 52.00 1.00 1.00 165.58
50.00 13.00 0.00 1.00 146.08
14.00 33.00 0.00 4.00 159.77
35.00 49.00 0.00 2.00 119.17
56.00 51.00 0.00 5.00 160.05
54.00 28.00 0.00 3.00 48.54
39.00 13.00 0.00 2.00 33.39
51.00 39.00 1.00 2.00 125.84
5.00 26.00 0.00 3.00 59.14
26.00 19.00 1.00 5.00 93.42
8.00 55.00 0.00 3.00 87.75
59.00 27.00 1.00 5.00 72.41
58.00 33.00 1.00 3.00 43.31
59.00 53.00 1.00 1.00 125.65
4.00 32.00 0.00 2.00 196.66
30.00 58.00 1.00 2.00 188.02
41.00 4.00 0.00 4.00 87.62
1.00 50.00 0.00 4.00 32.96
53.00 34.00 1.00 1.00 72.12
57.00 53.00 1.00 2.00 181.56
52.00 59.00 0.00 5.00 116.59
51.00 57.00 1.00 5.00 121.72
10.00 56.00 1.00 2.00 44.96
0.00 29.00 0.00 1.00 154.22
5.00 15.00 0.00 4.00 104.16
43.00 51.00 0.00 5.00 173.86
11.00 52.00 0.00 5.00 186.41
51.00 56.00 0.00 5.00 145.42
52.00 41.00 0.00 3.00 70.15
29.00 4.00 1.00 2.00 32.40
6.00 52.00 1.00 1.00 159.61
30.00 1.00 0.00 4.00 60.80
37.00 17.00 1.00 4.00 189.71
58.00 8.00 0.00 5.00 195.26
15.00 27.00 1.00 4.00 55.65
59.00 51.00 1.00 1.00 94.19
31.00 13.00 1.00 4.00 49.16
11.00 31.00 1.00 2.00 40.22
4.00 57.00 1.00 5.00 40.16
52.00 55.00 0.00 1.00 47.93
35.00 56.00 1.00 5.00 49.74
37.00 4.00 1.00 4.00 171.78
30.00 22.00 1.00 3.00 90.17
54.00 1.00 1.00 4.00 196.25
54.00 44.00 1.00 2.00 106.71
11.00 54.00 1.00 2.00 89.63
53.00 58.00 0.00 5.00 195.05
25.00 56.00 1.00 1.00 90.99
59.00 51.00 0.00 5.00 55.58
58.00 53.00 0.00 1.00 171.53
35.00 23.00 1.00 4.00 30.93
54.00 34.00 0.00 1.00 143.75
58.00 19.00 0.00 1.00 33.38
57.00 50.00 1.00 2.00 127.94
38.00 42.00 0.00 1.00 169.01
53.00 13.00 0.00 5.00 30.61
58.00 37.00 1.00 5.00 104.91
52.00 37.00 1.00 4.00 47.04
54.00 57.00 1.00 5.00 72.34
53.00 59.00 1.00 3.00 72.44
54.00 26.00 1.00 2.00 61.04
58.00 31.00 0.00 4.00 128.83
57.00 51.00 1.00 5.00 101.78
59.00 53.00 0.00 5.00 165.66
32.00 51.00 0.00 4.00 69.87
59.00 14.00 0.00 2.00 96.33
3.00 30.00 1.00 4.00 83.37
58.00 27.00 0.00 4.00 51.15
18.00 56.00 1.00 3.00 71.71
58.00 51.00 1.00 2.00 62.93
50.00 38.00 1.00 3.00 70.75
44.00 52.00 1.00 4.00 190.51
52.00 29.00 0.00 1.00 117.41
26.00 9.00 1.00 1.00 165.53
54.00 24.00 1.00 1.00 182.78
30.00 58.00 0.00 3.00 77.58
45.00 3.00 1.00 4.00 103.44
26.00 50.00 1.00 3.00 159.45
54.00 27.00 1.00 5.00 111.75
52.00 59.00 0.00 1.00 62.19
56.00 12.00 1.00 5.00 137.62
57.00 34.00 1.00 5.00 163.42
47.00 36.00 0.00 5.00 122.71
51.00 13.00 1.00 3.00 124.50
57.00 27.00 0.00 1.00 49.25
54.00 57.00 1.00 3.00 85.74
57.00 14.00 0.00 1.00 164.86
58.00 34.00 0.00 3.00 90.01
0.00 42.00 0.00 3.00 125.29
2.00 29.00 0.00 4.00 186.64
12.00 28.00 1.00 5.00 90.43
59.00 50.00 1.00 2.00 150.97
57.00 13.00 0.00 4.00 48.46
56.00 9.00 0.00 4.00 62.40
15.00 4.00 0.00 3.00 53.05
55.00 50.00 0.00 1.00 131.92
50.00 55.00 1.00 1.00 184.67
56.00 11.00 0.00 3.00 87.34
51.00 56.00 0.00 1.00 150.68
42.00 54.00 1.00 3.00 120.86
58.00 51.00 0.00 5.00 144.07
56.00 38.00 1.00 5.00 193.86
3.00 56.00 0.00 1.00 99.60
16.00 27.00 1.00 5.00 98.76
51.00 58.00 1.00 3.00 198.93
51.00 59.00 0.00 5.00 114.12
56.00 52.00 1.00 2.00 141.61
37.00 22.00 1.00 1.00 148.02
59.00 54.00 1.00 4.00 160.20
55.00 50.00 1.00 3.00 174.24
59.00 51.00 1.00 2.00 192.07
32.00 59.00 1.00 1.00 142.60
15.00 4.00 0.00 4.00 92.63
1.00 21.00 0.00 3.00 68.55
30.00 13.00 1.00 3.00 185.00
47.00 54.00 1.00 3.00 108.23
53.00 55.00 1.00 1.00 67.62
54.00 55.00 1.00 4.00 179.08
51.00 58.00 0.00 4.00 97.50
57.00 52.00 1.00 2.00 68.50
57.00 33.00 0.00 5.00 59.12
15.00 53.00 1.00 5.00 37.73
51.00 40.00 0.00 4.00 90.70
55.00 25.00 0.00 4.00 68.49
33.00 54.00 0.00 5.00 125.51
59.00 3.00 1.00 4.00 178.70
50.00 55.00 0.00 3.00 68.56
19.00 0.00 1.00 4.00 56.18
4.00 15.00 0.00 2.00 41.89
55.00 51.00 0.00 2.00 68.71
50.00 5.00 0.00 2.00 41.80
58.00 11.00 1.00 2.00 168.74
38.00 53.00 1.00 2.00 123.31
54.00 58.00 1.00 5.00 161.53
28.00 51.00 0.00 3.00 199.56
9.00 50.00 1.00 3.00 77.34
15.00 52.00 1.00 5.00 38.25
16.00 12.00 1.00 4.00 72.65
52.00 46.00 1.00 4.00 61.53
21.00 58.00 0.00 1.00 47.43
58.00 53.00 1.00 3.00 63.68
57.00 18.00 0.00 5.00 138.32
1.00 42.00 0.00 3.00 128.96
52.00 58.00 0.00 5.00 175.04
21.00 37.00 0.00 5.00 176.77
45.00 59.00 1.00 2.00 117.11
59.00 52.00 1.00 3.00 151.04
57.00 54.00 1.00 5.00 91.44
45.00 28.00 0.00 1.00 109.56
58.00 50.00 1.00 1.00 162.81
52.00 31.00 1.00 2.00 177.20
9.00 42.00 1.00 5.00 199.34
59.00 49.00 0.00 4.00 162.29
54.00 56.00 0.00 1.00 119.65
15.00 56.00 0.00 4.00 155.05
44.00 7.00 1.00 4.00 148.63
13.00 45.00 0.00 4.00 79.71
55.00 54.00 1.00 2.00 131.58
54.00 55.00 0.00 1.00 39.74
43.00 37.00 1.00 4.00 103.01
1.00 56.00 0.00 4.00 145.51
22.00 34.00 1.00 2.00 40.85
24.00 58.00 0.00 3.00 119.64
0.00 51.00 0.00 3.00 111.76
50.00 58.00 1.00 1.00 171.84
53.00 57.00 0.00 5.00 170.69
56.00 51.00 1.00 2.00 140.31
24.00 58.00 0.00 2.00 139.82
51.00 57.00 1.00 5.00 125.24
37.00 50.00 1.00 3.00 47.84
0.00 58.00 0.00 5.00 186.92
13.00 56.00 1.00 1.00 164.45
33.00 41.00 1.00 4.00 75.28
57.00 33.00 1.00 4.00 104.31
59.00 50.00 0.00 5.00 66.57
57.00 23.00 1.00 5.00 32.18
23.00 0.00 1.00 2.00 43.07
21.00 56.00 1.00 2.00 38.40
51.00 35.00 0.00 1.00 69.66
18.00 2.00 1.00 4.00 57.53
29.00 51.00 1.00 3.00 168.66
15.00 56.00 1.00 4.00 62.39
20.00 58.00 0.00 4.00 60.79
50.00 5.00 1.00 3.00 118.38
55.00 20.00 0.00 2.00 84.54
11.00 45.00 0.00 3.00 44.38
38.00 55.00 0.00 4.00 36.62
54.00 57.00 1.00 4.00 184.42
47.00 9.00 0.00 3.00 99.31
52.00 41.00 1.00 5.00 137.46
10.00 51.00 1.00 2.00 163.63
52.00 31.00 1.00 5.00 86.02
3.00 58.00 0.00 4.00 71.18
26.00 56.00 0.00 2.00 141.40
52.00 26.00 1.00 4.00 189.60
50.00 58.00 1.00 5.00 176.29
52.00 58.00 1.00 2.00 146.12
57.00 35.00 1.00 3.00 34.42
42.00 53.00 1.00 5.00 121.84
53.00 40.00 0.00 3.00 43.76
7.00 43.00 0.00 4.00 122.11
56.00 20.00 1.00 4.00 164.24
1.00 40.00 0.00 2.00 165.98
55.00 51.00 1.00 5.00 173.90
30.00 16.00 1.00 5.00 155.13
58.00 50.00 1.00 5.00 110.86
21.00 43.00 0.00 5.00 168.68
47.00 51.00 0.00 1.00 91.28
51.00 38.00 1.00 2.00 178.86
12.00 29.00 0.00 5.00 149.80
54.00 56.00 1.00 4.00 148.49
49.00 52.00 0.00 5.00 66.87
12.00 54.00 1.00 3.00 176.45
52.00 58.00 1.00 2.00 86.53
37.00 54.00 0.00 3.00 102.33
23.00 55.00 1.00 1.00 132.12
34.00 52.00 0.00 1.00 113.45
37.00 42.00 1.00 5.00 166.99
25.00 27.00 0.00 5.00 40.41
51.00 59.00 0.00 5.00 79.32
27.00 58.00 0.00 4.00 96.77
28.00 50.00 0.00 4.00 183.52
55.00 0.00 0.00 2.00 160.44
39.00 21.00 0.00 4.00 103.40
2.00 28.00 1.00 2.00 177.93
51.00 56.00 0.00 5.00 122.13
1.00 40.00 1.00 1.00 134.61
57.00 54.00 1.00 1.00 156.21
56.00 50.00 1.00 2.00 88.94
54.00 56.00 1.00 5.00 68.21
32.00 38.00 0.00 3.00 160.20
4.00 23.00 0.00 1.00 83.76
58.00 51.00 1.00 1.00 159.36
58.00 54.00 1.00 3.00 33.93
57.00 50.00 0.00 4.00 155.64
52.00 56.00 0.00 4.00 69.52
56.00 52.00 1.00 5.00 169.57
40.00 28.00 1.00 4.00 105.12
53.00 59.00 1.00 4.00 31.44
58.00 5.00 0.00 1.00 178.72
1.00 28.00 0.00 2.00 152.87
1.00 15.00 0.00 4.00 38.95
57.00 26.00 1.00 2.00 78.28
49.00 0.00 1.00 1.00 104.25
32.00 12.00 1.00 5.00 75.35
6.00 53.00 0.00 5.00 158.00
56.00 25.00 0.00 4.00 69.48
57.00 54.00 1.00 1.00 112.77
38.00 51.00 0.00 3.00 123.96
58.00 54.00 0.00 3.00 38.45
56.00 7.00 1.00 2.00 76.31
5.00 41.00 1.00 3.00 149.50
39.00 45.00 1.00 3.00 67.23
26.00 53.00 0.00 5.00 55.83
59.00 51.00 1.00 1.00 60.80
24.00 44.00 0.00 5.00 103.27
58.00 35.00 0.00 3.00 129.56
51.00 58.00 0.00 2.00 157.14
52.00 15.00 0.00 1.00 184.05
23.00 6.00 1.00 1.00 50.10
56.00 53.00 0.00 4.00 146.45
25.00 59.00 1.00 1.00 64.58
14.00 58.00 0.00 1.00 179.79
19.00 58.00 0.00 2.00 70.86
59.00 50.00 0.00 5.00 163.35
51.00 28.00 1.00 4.00 190.46
56.00 50.00 0.00 4.00 113.24
41.00 8.00 0.00 3.00 153.00
50.00 57.00 0.00 3.00 165.16
52.00 55.00 1.00 2.00 138.71
51.00 58.00 0.00 5.00 163.91
3.00 56.00 0.00 4.00 79.59
39.00 58.00 1.00 4.00 136.85
58.00 48.00 0.00 4.00 129.45
50.00 26.00 1.00 1.00 115.70
8.00 46.00 0.00 1.00 81.44
55.00 23.00 0.00 3.00 82.09
57.00 25.00 0.00 4.00 135.93
48.00 20.00 1.00 3.00 177.49
0.00 54.00 1.00 4.00 40.24
59.00 9.00 1.00 5.00 123.02
31.00 51.00 0.00 4.00 51.78
55.00 54.00 1.00 3.00 93.39
29.00 52.00 1.00 5.00 106.71
55.00 50.00 0.00 1.00 65.36
57.00 52.00 1.00 2.00 88.95
56.00 50.00 0.00 5.00 74.62
5.00 58.00 0.00 5.00 118.88
32.00 51.00 1.00 1.00 103.35
35.00 19.00 0.00 4.00 189.23
25.00 4.00 0.00 1.00 167.82
50.00 41.00 1.00 4.00 153.73
44.00 38.00 1.00 3.00 157.42
37.00 44.00 1.00 3.00 109.63
31.00 44.00 1.00 1.00 51.09
50.00 57.00 1.00 4.00 65.25
57.00 52.00 0.00 1.00 78.01
56.00 25.00 0.00 5.00 120.28
56.00 22.00 1.00 2.00 34.15
4.00 50.00 0.00 4.00 62.93
59.00 54.00 1.00 3.00 109.54
50.00 55.00 1.00 3.00 182.30
51.00 31.00 0.00 5.00 70.38
45.00 53.00 1.00 5.00 69.00
54.00 2.00 0.00 1.00 126.39
57.00 52.00 1.00 3.00 175.65
0.00 51.00 1.00 5.00 33.44
33.00 20.00 0.00 1.00 41.39
52.00 58.00 1.00 2.00 84.93
55.00 51.00 1.00 5.00 75.11
11.00 27.00 1.00 3.00 52.19
29.00 52.00 1.00 4.00 193.94
7.00 26.00 1.00 1.00 106.51
58.00 52.00 0.00 2.00 128.70
58.00 53.00 0.00 1.00 117.80
50.00 56.00 1.00 2.00 79.70
38.00 47.00 0.00 5.00 193.29
43.00 31.00 1.00 1.00 162.20
32.00 58.00 1.00 3.00 97.21
35.00 52.00 1.00 1.00 34.01
16.00 33.00 0.00 2.00 100.52
54.00 24.00 1.00 2.00 71.68
2.00 51.00 0.00 3.00 44.81
56.00 52.00 1.00 2.00 158.82
49.00 22.00 0.00 1.00 101.66
57.00 29.00 0.00 2.00 144.27
54.00 55.00 1.00 1.00 162.19
20.00 55.00 0.00 3.00 76.28
59.00 54.00 0.00 2.00 161.79
17.00 11.00 1.00 5.00 194.84
57.00 51.00 0.00 4.00 75.73
56.00 54.00 0.00 4.00 182.08
51.00 4.00 0.00 2.00 43.45
34.00 55.00 1.00 4.00 173.14
57.00 16.00 1.00 3.00 125.86
41.00 52.00 1.00 3.00 72.06
56.00 51.00 0.00 5.00 139.55
24.00 55.00 0.00 2.00 33.19
6.00 23.00 0.00 3.00 82.81
55.00 52.00 1.00 1.00 70.10
51.00 55.00 0.00 1.00 30.68
56.00 54.00 1.00 1.00 152.02
52.00 47.00 0.00 2.00 77.84
53.00 29.00 1.00 3.00 96.36
53.00 49.00 1.00 2.00 173.39
13.00 58.00 0.00 4.00 43.79
57.00 14.00 1.00 1.00 60.97
58.00 7.00 0.00 1.00 178.12
1.00 32.00 1.00 5.00 143.83
5.00 49.00 0.00 5.00 49.24
12.00 26.00 1.00 3.00 188.44
21.00 35.00 1.00 5.00 162.84
55.00 3.00 1.00 5.00 107.68
50.00 59.00 1.00 1.00 123.94
38.00 47.00 0.00 5.00 131.08
53.00 1.00 1.00 2.00 166.07
52.00 56.00 1.00 2.00 94.88
13.00 20.00 1.00 2.00 149.46
49.00 59.00 0.00 1.00 103.30
50.00 6.00 0.00 2.00 90.74
53.00 58.00 1.00 5.00 155.02
23.00 59.00 1.00 3.00 147.91
14.00 43.00 0.00 1.00 132.93
57.00 50.00 1.00 5.00 118.04
55.00 21.00 0.00 4.00 109.78
57.00 37.00 1.00 2.00 191.64
51.00 1.00 0.00 2.00 185.65
10.00 59.00 0.00 5.00 155.10
55.00 51.00 1.00 3.00 84.97
54.00 58.00 0.00 4.00 89.01
16.00 0.00 0.00 2.00 175.79
55.00 54.00 1.00 5.00 65.38
54.00 55.00 0.00 1.00 66.53
0.00 40.00 0.00 5.00 124.19
59.00 50.00 1.00 2.00 41.71
52.00 2.00 0.00 1.00 91.44
6.00 56.00 0.00 4.00 150.79
30.00 22.00 0.00 4.00 141.54
54.00 48.00 0.00 3.00 57.56
51.00 58.00 0.00 5.00 135.10
58.00 28.00 0.00 1.00 129.21
2.00 15.00 1.00 2.00 40.14
56.00 14.00 1.00 5.00 138.97
50.00 47.00 0.00 3.00 180.29
56.00 17.00 0.00 5.00 134.88
9.00 52.00 1.00 3.00 171.95
26.00 1.00 0.00 1.00 133.74
50.00 58.00 0.00 2.00 186.63
19.00 30.00 1.00 5.00 151.30
58.00 21.00 0.00 3.00 77.25
23.00 59.00 1.00 3.00 149.45
59.00 10.00 0.00 4.00 182.25
1.00 54.00 1.00 5.00 129.14
43.00 54.00 1.00 1.00 136.38
50.00 13.00 0.00 3.00 194.17
59.00 22.00 0.00 1.00 69.61
59.00 53.00 1.00 2.00 193.52
49.00 12.00 0.00 1.00 50.30
50.00 56.00 1.00 3.00 191.86
10.00 55.00 1.00 5.00 163.70
54.00 55.00 1.00 1.00 155.12
55.00 53.00 0.00 2.00 36.68
58.00 54.00 1.00 5.00 98.45
21.00 35.00 1.00 2.00 51.25
55.00 53.00 0.00 2.00 143.33
2.00 59.00 0.00 5.00 58.99
53.00 30.00 1.00 3.00 120.00
9.00 57.00 1.00 2.00 65.30
40.00 51.00 1.00 2.00 126.80
20.00 54.00 0.00 4.00 157.33
50.00 36.00 1.00 5.00 87.24
52.00 57.00 0.00 4.00 92.58
54.00 56.00 1.00 4.00 69.57
56.00 8.00 0.00 4.00 33.70
25.00 52.00 0.00 4.00 193.08
23.00 55.00 0.00 4.00 101.96
53.00 59.00 0.00 4.00 37.15
1.00 50.00 1.00 2.00 105.27
45.00 27.00 0.00 4.00 172.63
7.00 40.00 1.00 1.00 164.11
11.00 41.00 1.00 1.00 67.29
59.00 1.00 1.00 1.00 95.04
1.00 39.00 0.00 2.00 128.23
56.00 51.00 1.00 3.00 90.76
57.00 23.00 1.00 5.00 160.60
1.00 15.00 0.00 1.00 181.46
51.00 46.00 0.00 2.00 162.80
52.00 55.00 1.00 4.00 199.91
52.00 27.00 0.00 3.00 59.79
33.00 16.00 1.00 1.00 48.35
53.00 56.00 1.00 5.00 115.58
1.00 57.00 1.00 1.00 141.77
34.00 54.00 1.00 1.00 127.23
56.00 51.00 0.00 4.00 51.00
15.00 58.00 1.00 5.00 72.96
56.00 14.00 1.00 4.00 104.02
43.00 36.00 0.00 4.00 52.58
56.00 54.00 0.00 1.00 145.38
57.00 53.00 0.00 4.00 48.60
51.00 55.00 1.00 3.00 137.13
59.00 27.00 0.00 4.00 194.02
22.00 37.00 1.00 5.00 78.46
15.00 54.00 1.00 1.00 198.26
59.00 50.00 0.00 5.00 108.39
29.00 53.00 0.00 3.00 183.69
52.00 57.00 1.00 5.00 182.24
53.00 42.00 0.00 2.00 199.77
47.00 9.00 1.00 2.00 55.51
57.00 51.00 1.00 5.00 102.49
2.00 50.00 1.00 5.00 153.20
35.00 19.00 1.00 5.00 181.38
52.00 11.00 1.00 5.00 161.40
57.00 0.00 1.00 2.00 156.01
50.00 59.00 0.00 1.00 152.10
53.00 55.00 0.00 4.00 192.48
57.00 26.00 0.00 2.00 192.28
55.00 28.00 0.00 2.00 48.63
56.00 51.00 1.00 3.00 36.28
14.00 39.00 1.00 2.00 39.19
54.00 32.00 0.00 1.00 79.61
58.00 12.00 0.00 2.00 50.27
51.00 58.00 1.00 2.00 192.85
53.00 55.00 1.00 1.00 148.19
42.00 50.00 1.00 4.00 151.03
54.00 55.00 0.00 5.00 122.25
44.00 6.00 1.00 2.00 49.43
7.00 39.00 0.00 2.00 62.48
30.00 52.00 0.00 5.00 133.24
59.00 53.00 1.00 5.00 169.47
58.00 54.00 0.00 5.00 35.04
55.00 19.00 0.00 2.00 152.16
16.00 59.00 0.00 5.00 190.70
1.00 54.00 1.00 5.00 89.76
51.00 36.00 0.00 5.00 169.16
56.00 54.00 0.00 1.00 30.89
55.00 15.00 1.00 1.00 71.94
35.00 50.00 0.00 2.00 36.01
59.00 53.00 0.00 3.00 73.98
7.00 21.00 1.00 2.00 80.22
52.00 39.00 1.00 3.00 146.25
3.00 44.00 0.00 3.00 85.18
50.00 1.00 1.00 2.00 128.17
20.00 43.00 0.00 2.00 59.81
57.00 54.00 1.00 3.00 121.77
37.00 18.00 0.00 1.00 159.00
56.00 1.00 1.00 2.00 67.79
53.00 57.00 1.00 1.00 194.34
26.00 31.00 1.00 4.00 46.91
17.00 58.00 0.00 3.00 33.37
54.00 42.00 0.00 2.00 197.78
35.00 23.00 1.00 5.00 132.35
16.00 55.00 0.00 1.00 76.15
56.00 53.00 1.00 4.00 81.88
56.00 13.00 0.00 4.00 44.01
20.00 54.00 0.00 4.00 54.82
56.00 36.00 1.00 3.00 108.00
35.00 54.00 0.00 5.00 81.40
7.00 23.00 1.00 4.00 116.80
5.00 45.00 1.00 1.00 147.06
54.00 41.00 0.00 4.00 50.57
37.00 43.00 0.00 2.00 73.24
1.00 51.00 1.00 1.00 176.55
53.00 59.00 0.00 3.00 112.47
53.00 58.00 0.00 3.00 70.73
26.00 55.00 1.00 4.00 86.90
36.00 52.00 0.00 4.00 197.87
0.00 57.00 1.00 1.00 111.73
15.00 54.00 0.00 2.00 122.23
56.00 54.00 1.00 5.00 176.54
52.00 56.00 1.00 4.00 51.41
56.00 51.00 0.00 2.00 94.01
11.00 32.00 1.00 5.00 86.38
55.00 53.00 0.00 2.00 190.95
10.00 58.00 0.00 5.00 39.02
27.00 1.00 1.00 3.00 192.53
59.00 52.00 1.00 3.00 55.13
58.00 52.00 0.00 4.00 192.15
3.00 58.00 0.00 1.00 143.87
13.00 54.00 1.00 1.00 38.22
48.00 52.00 1.00 3.00 156.59
14.00 54.00 1.00 4.00 102.01
59.00 52.00 0.00 2.00 174.12
51.00 33.00 1.00 5.00 176.92
38.00 19.00 0.00 1.00 193.25
58.00 21.00 1.00 2.00 105.54
57.00 52.00 1.00 4.00 86.94
55.00 17.00 0.00 5.00 157.18
48.00 53.00 0.00 1.00 81.33
1.00 58.00 1.00 2.00 151.71
2.00 55.00 1.00 3.00 132.36
22.00 55.00 1.00 1.00 162.55
58.00 54.00 1.00 5.00 83.64
59.00 39.00 1.00 4.00 43.50
23.00 5.00 0.00 3.00 36.12
44.00 30.00 0.00 3.00 174.15
58.00 25.00 1.00 1.00 57.12
16.00 35.00 1.00 2.00 61.24
54.00 31.00 1.00 1.00 168.09
42.00 52.00 1.00 5.00 155.39
52.00 9.00 1.00 2.00 176.29
4.00 59.00 0.00 4.00 54.09
39.00 55.00 1.00 3.00 178.59
59.00 52.00 0.00 5.00 107.70
43.00 54.00 1.00 1.00 35.84
58.00 54.00 1.00 4.00 41.77
7.00 57.00 1.00 3.00 94.34
53.00 34.00 1.00 2.00 35.30
56.00 52.00 0.00 3.00 50.86
59.00 32.00 1.00 4.00 139.47
57.00 0.00 0.00 3.00 73.60
1.00 59.00 0.00 1.00 176.56
56.00 37.00 1.00 3.00 46.80
27.00 16.00 1.00 1.00 37.78
50.00 57.00 1.00 2.00 160.97
1.00 53.00 0.00 3.00 129.83
9.00 55.00 0.00 1.00 99.25
36.00 55.00 0.00 2.00 83.03
44.00 30.00 0.00 4.00 145.68
56.00 51.00 0.00 4.00 173.49
27.00 57.00 1.00 2.00 187.55
25.00 3.00 1.00 4.00 42.70
59.00 54.00 0.00 1.00 199.36
3.00 21.00 0.00 5.00 165.77
54.00 57.00 1.00 3.00 131.96
54.00 56.00 1.00 1.00 183.55
34.00 24.00 1.00 1.00 88.99
2.00 56.00 1.00 4.00 164.26
16.00 33.00 1.00 4.00 199.18
54.00 55.00 1.00 4.00 43.58
56.00 53.00 0.00 3.00 145.59
18.00 27.00 0.00 3.00 108.00
15.00 59.00 0.00 1.00 198.37
4.00 58.00 1.00 2.00 185.54
5.00 50.00 1.00 5.00 87.61
8.00 19.00 1.00 2.00 53.83
58.00 21.00 0.00 2.00 76.81
14.00 38.00 0.00 1.00 87.62
9.00 30.00 0.00 4.00 166.79
10.00 51.00 0.00 2.00 106.58
0.00 17.00 1.00 3.00 143.52
56.00 50.00 0.00 5.00 74.89
50.00 56.00 0.00 1.00 148.41
50.00 2.00 0.00 5.00 167.51
7.00 56.00 0.00 3.00 101.14
51.00 59.00 0.00 2.00 103.09
41.00 21.00 0.00 3.00 116.91
57.00 28.00 1.00 4.00 111.20
26.00 55.00 0.00 3.00 136.41
53.00 1.00 1.00 1.00 187.95
17.00 55.00 1.00 1.00 174.53
59.00 50.00 0.00 3.00 105.19
51.00 57.00 1.00 3.00 145.48
7.00 55.00 1.00 1.00 72.69
49.00 8.00 1.00 3.00 196.34
51.00 49.00 0.00 5.00 195.71
11.00 52.00 0.00 2.00 149.78
55.00 51.00 1.00 4.00 48.19
27.00 17.00 1.00 2.00 109.24
37.00 17.00 0.00 5.00 122.47
37.00 57.00 1.00 4.00 81.15
55.00 53.00 1.00 4.00 191.41
47.00 13.00 1.00 5.00 181.36
59.00 54.00 0.00 3.00 174.37
12.00 21.00 1.00 1.00 99.49
57.00 50.00 1.00 1.00 181.40
58.00 10.00 0.00 5.00 174.86
19.00 57.00 0.00 3.00 78.05
29.00 38.00 0.00 1.00 92.68
56.00 9.00 0.00 3.00 41.52
13.00 44.00 1.00 1.00 54.78
25.00 56.00 1.00 2.00 129.40
54.00 5.00 1.00 5.00 146.64
54.00 46.00 0.00 5.00 114.56
36.00 51.00 1.00 5.00 190.40
32.00 53.00 1.00 4.00 83.00
52.00 0.00 1.00 5.00 57.51
59.00 33.00 1.00 2.00 39.06
23.00 40.00 0.00 3.00 76.81
2.00 29.00 0.00 2.00 57.33
53.00 56.00 0.00 5.00 117.22
51.00 55.00 0.00 4.00 131.44
57.00 31.00 1.00 2.00 110.57
25.00 52.00 0.00 2.00 114.87
41.00 24.00 1.00 1.00 45.84
9.00 56.00 0.00 5.00 74.31
51.00 55.00 1.00 4.00 123.33
18.00 58.00 0.00 5.00 75.52
9.00 59.00 0.00 2.00 86.11
15.00 11.00 0.00 5.00 78.60
53.00 56.00 1.00 5.00 36.65
55.00 34.00 1.00 1.00 37.50
42.00 52.00 1.00 5.00 58.67
6.00 51.00 0.00 5.00 113.41
54.00 25.00 1.00 5.00 107.05
58.00 54.00 0.00 2.00 138.12
35.00 55.00 0.00 2.00 75.95
28.00 56.00 1.00 4.00 104.67
48.00 28.00 1.00 3.00 30.28
41.00 53.00 1.00 4.00 97.64
52.00 26.00 1.00 4.00 105.74
31.00 23.00 1.00 3.00 120.66
19.00 56.00 1.00 3.00 52.49
57.00 27.00 0.00 5.00 64.78
55.00 23.00 0.00 3.00 81.00
50.00 1.00 0.00 1.00 55.25
50.00 57.00 0.00 3.00 94.24
59.00 51.00 1.00 3.00 194.75
27.00 55.00 1.00 2.00 166.74
3.00 58.00 1.00 5.00 80.46
52.00 59.00 1.00 1.00 142.80
43.00 31.00 0.00 1.00 126.39
35.00 55.00 0.00 4.00 77.05
55.00 52.00 0.00 1.00 167.18
13.00 52.00 0.00 3.00 141.78
52.00 58.00 1.00 4.00 58.74
56.00 50.00 1.00 1.00 99.31
48.00 34.00 0.00 3.00 79.94
51.00 9.00 1.00 1.00 102.88
28.00 55.00 0.00 5.00 115.72
39.00 50.00 0.00 5.00 59.35
39.00 57.00 1.00 3.00 188.99
38.00 51.00 1.00 4.00 100.53
58.00 33.00 0.00 3.00 114.02
56.00 8.00 0.00 2.00 52.87
9.00 59.00 0.00 1.00 35.65
49.00 53.00 1.00 2.00 48.15
57.00 51.00 0.00 1.00 79.19
33.00 50.00 0.00 5.00 141.94
50.00 39.00 1.00 3.00 156.50
55.00 54.00 0.00 4.00 123.36
39.00 41.00 1.00 1.00 125.09
51.00 13.00 0.00 3.00 102.80
53.00 3.00 0.00 5.00 68.05
58.00 35.00 1.00 3.00 161.84
45.00 0.00 0.00 2.00 166.26
12.00 57.00 0.00 2.00 51.26
3.00 59.00 1.00 5.00 136.39
56.00 52.00 1.00 5.00 130.56
57.00 8.00 0.00 4.00 78.03
10.00 58.00 1.00 4.00 195.17
51.00 36.00 0.00 3.00 199.01
50.00 34.00 0.00 3.00 83.32
50.00 46.00 1.00 1.00 92.46
17.00 50.00 1.00 2.00 147.52
10.00 17.00 0.00 4.00 59.21
57.00 54.00 0.00 3.00 88.37
31.00 5.00 0.00 5.00 193.06
54.00 59.00 1.00 3.00 46.87
2.00 32.00 0.00 5.00 179.22
53.00 6.00 0.00 4.00 81.90
47.00 34.00 0.00 5.00 118.64
35.00 52.00 1.00 1.00 32.38
56.00 54.00 0.00 1.00 31.43
50.00 59.00 1.00 1.00 46.01
50.00 26.00 1.00 4.00 178.35
45.00 4.00 1.00 3.00 186.10
13.00 27.00 1.00 4.00 150.58
58.00 15.00 0.00 2.00 179.63
59.00 25.00 0.00 1.00 87.77
44.00 54.00 1.00 3.00 60.22
57.00 8.00 0.00 2.00 198.11
51.00 9.00 1.00 4.00 183.53
52.00 57.00 0.00 3.00 148.57
12.00 51.00 1.00 2.00 104.05
51.00 27.00 1.00 5.00 129.13
52.00 9.00 0.00 3.00 81.86
58.00 54.00 0.00 2.00 67.91
47.00 37.00 1.00 1.00 148.67
47.00 27.00 1.00 4.00 177.14
22.00 31.00 1.00 4.00 154.14
24.00 56.00 0.00 4.00 68.63
55.00 53.00 0.00 1.00 171.05
53.00 37.00 1.00 1.00 78.30
58.00 30.00 0.00 4.00 48.17
56.00 50.00 1.00 2.00 141.83
58.00 54.00 1.00 5.00 146.94
36.00 3.00 0.00 5.00 126.58
57.00 22.00 0.00 1.00 149.87
39.00 25.00 1.00 3.00 195.17
11.00 44.00 0.00 5.00 32.65
52.00 7.00 1.00 1.00 84.32
12.00 28.00 1.00 1.00 162.44
59.00 50.00 0.00 2.00 72.77
53.00 44.00 1.00 2.00 181.20
54.00 58.00 0.00 3.00 49.76
3.00 54.00 1.00 4.00 128.72
5.00 59.00 0.00 2.00 182.45
17.00 33.00 1.00 2.00 98.82
54.00 57.00 1.00 1.00 52.43
46.00 1.00 1.00 3.00 149.65
40.00 19.00 1.00 5.00 196.39
35.00 52.00 1.00 4.00 99.13
4.00 53.00 0.00 3.00 85.75
58.00 50.00 1.00 4.00 150.51
48.00 27.00 0.00 1.00 43.95
58.00 50.00 0.00 3.00 191.06
32.00 50.00 1.00 1.00 69.29
57.00 52.00 0.00 5.00 138.08
59.00 20.00 1.00 3.00 39.55
58.00 35.00 0.00 2.00 80.75
30.00 53.00 1.00 2.00 123.67
51.00 57.00 1.00 4.00 110.33
59.00 17.00 0.00 2.00 76.39
20.00 28.00 1.00 1.00 185.88
34.00 48.00 0.00 5.00 96.98
43.00 21.00 0.00 5.00 186.85
59.00 54.00 0.00 5.00 106.03
2.00 48.00 0.00 3.00 158.39
57.00 8.00 0.00 3.00 75.11
59.00 8.00 0.00 4.00 132.65
51.00 59.00 0.00 3.00 133.54
58.00 53.00 1.00 3.00 128.16
36.00 54.00 0.00 1.00 187.65
52.00 12.00 1.00 1.00 177.82
35.00 56.00 0.00 4.00 51.21
18.00 56.00 1.00 2.00 75.52
20.00 55.00 1.00 2.00 103.55
37.00 43.00 1.00 4.00 57.49
36.00 47.00 1.00 4.00 140.88
59.00 11.00 1.00 1.00 177.03
55.00 53.00 1.00 5.00 135.95
37.00 52.00 1.00 1.00 72.47
52.00 2.00 1.00 3.00 127.27
36.00 52.00 0.00 3.00 143.07
16.00 55.00 1.00 3.00 63.79
56.00 52.00 1.00 1.00 104.12
54.00 32.00 0.00 3.00 148.83
25.00 29.00 0.00 4.00 185.20
1.00 20.00 1.00 4.00 137.16
6.00 54.00 0.00 2.00 59.96
55.00 53.00 0.00 3.00 54.23
27.00 52.00 1.00 3.00 59.21
33.00 57.00 0.00 4.00 117.51
5.00 50.00 0.00 3.00 92.58
51.00 58.00 1.00 2.00 117.85
58.00 54.00 0.00 1.00 181.82
56.00 54.00 0.00 5.00 61.25
14.00 43.00 0.00 4.00 182.17
18.00 57.00 1.00 4.00 69.39
23.00 3.00 0.00 3.00 154.98
36.00 40.00 0.00 4.00 39.09
53.00 39.00 1.00 2.00 130.92
52.00 30.00 0.00 1.00 96.30
16.00 53.00 1.00 5.00 152.05
38.00 59.00 0.00 4.00 119.75
45.00 10.00 0.00 1.00 43.38
42.00 26.00 0.00 2.00 188.55
6.00 53.00 1.00 4.00 132.21
54.00 0.00 1.00 2.00 195.39
53.00 57.00 0.00 1.00 174.39
51.00 59.00 0.00 1.00 51.02
52.00 13.00 1.00 2.00 89.67
45.00 53.00 0.00 2.00 85.30
55.00 54.00 0.00 4.00 136.82
58.00 0.00 1.00 1.00 42.89
18.00 56.00 0.00 4.00 135.67
52.00 59.00 1.00 3.00 49.51
23.00 31.00 1.00 3.00 163.96
54.00 36.00 0.00 2.00 84.41
40.00 51.00 1.00 5.00 188.53
34.00 55.00 0.00 2.00 40.08
38.00 10.00 1.00 2.00 52.68
50.00 59.00 0.00 3.00 43.41
6.00 18.00 1.00 5.00 121.93
18.00 56.00 0.00 3.00 106.43
22.00 35.00 1.00 5.00 98.75
52.00 9.00 1.00 4.00 178.56
8.00 52.00 1.00 2.00 192.37
36.00 39.00 0.00 4.00 174.68
52.00 6.00 1.00 2.00 117.55
51.00 40.00 1.00 5.00 199.62
50.00 55.00 0.00 1.00 118.11
57.00 53.00 0.00 5.00 153.27
54.00 55.00 0.00 1.00 66.21
57.00 53.00 1.00 2.00 60.10
36.00 18.00 1.00 3.00 156.39
28.00 8.00 1.00 4.00 131.92
53.00 58.00 0.00 3.00 112.02
20.00 28.00 1.00 3.00 113.92
59.00 51.00 1.00 2.00 160.80
39.00 59.00 1.00 4.00 84.22
0.00 42.00 1.00 1.00 74.85
52.00 56.00 0.00 2.00 64.28
54.00 57.00 0.00 5.00 56.63
0.00 25.00 0.00 2.00 186.39
46.00 50.00 0.00 1.00 76.03
59.00 3.00 0.00 1.00 70.81
50.00 39.00 0.00 2.00 40.51
42.00 29.00 1.00 2.00 41.03
2.00 44.00 0.00 3.00 96.53
50.00 1.00 1.00 5.00 174.06
54.00 56.00 1.00 5.00 105.85
28.00 57.00 0.00 5.00 197.07
55.00 53.00 0.00 3.00 75.69
54.00 55.00 1.00 2.00 102.89
50.00 29.00 0.00 3.00 88.28
58.00 54.00 1.00 3.00 62.84
45.00 27.00 0.00 1.00 167.61
52.00 28.00 0.00 2.00 175.56
58.00 52.00 1.00 1.00 132.88
57.00 16.00 1.00 4.00 196.33
28.00 58.00 0.00 4.00 162.39
28.00 45.00 1.00 4.00 178.13
14.00 57.00 1.00 1.00 68.85
50.00 9.00 0.00 1.00 91.58
30.00 52.00 0.00 1.00 68.37
52.00 59.00 0.00 5.00 136.63
57.00 51.00 0.00 1.00 77.68
2.00 49.00 0.00 1.00 197.23
16.00 55.00 0.00 2.00 129.48
57.00 52.00 1.00 5.00 46.14
29.00 52.00 1.00 4.00 79.96
34.00 50.00 1.00 3.00 167.02
51.00 59.00 1.00 4.00 135.99
8.00 49.00 0.00 3.00 147.42
57.00 9.00 1.00 4.00 113.14
54.00 59.00 0.00 4.00 194.87
33.00 45.00 1.00 4.00 96.86
12.00 50.00 0.00 4.00 164.34
52.00 58.00 0.00 4.00 48.12
53.00 58.00 0.00 5.00 35.16
40.00 9.00 0.00 2.00 133.24
14.00 29.00 0.00 2.00 85.78
52.00 55.00 0.00 5.00 197.18
47.00 9.00 1.00 5.00 153.77
10.00 49.00 0.00 4.00 141.13
56.00 5.00 0.00 1.00 169.84
55.00 15.00 1.00 4.00 60.80
51.00 55.00 1.00 1.00 180.06
54.00 59.00 0.00 4.00 39.94
52.00 58.00 1.00 4.00 145.90
51.00 57.00 1.00 4.00 187.78
54.00 36.00 0.00 1.00 159.78
59.00 50.00 1.00 5.00 168.84
53.00 37.00 0.00 2.00 155.96
57.00 54.00 1.00 3.00 34.39
50.00 4.00 0.00 2.00 110.97
59.00 36.00 1.00 3.00 100.13
59.00 31.00 1.00 5.00 160.14
52.00 4.00 1.00 5.00 112.82
11.00 23.00 0.00 5.00 82.05
31.00 19.00 1.00 3.00 111.93
54.00 55.00 1.00 5.00 61.05
12.00 18.00 0.00 5.00 137.18
31.00 51.00 1.00 4.00 76.85
2.00 54.00 1.00 1.00 96.48
39.00 40.00 0.00 3.00 182.56
51.00 59.00 0.00 3.00 183.74
51.00 39.00 1.00 4.00 90.68
54.00 12.00 0.00 4.00 146.37
57.00 15.00 1.00 3.00 32.53
2.00 55.00 1.00 1.00 103.89
52.00 6.00 0.00 2.00 126.81
26.00 21.00 1.00 4.00 160.07
56.00 10.00 1.00 2.00 107.40
38.00 57.00 1.00 4.00 124.20
32.00 59.00 1.00 1.00 144.33
56.00 29.00 1.00 5.00 76.50
50.00 26.00 0.00 3.00 109.25
19.00 59.00 0.00 2.00 87.08
47.00 25.00 0.00 1.00 55.00
26.00 59.00 0.00 3.00 58.91
37.00 18.00 1.00 2.00 131.53
58.00 34.00 0.00 5.00 184.71
27.00 57.00 1.00 2.00 188.05
5.00 49.00 0.00 2.00 101.18
51.00 45.00 1.00 3.00 171.51
54.00 59.00 1.00 5.00 120.65
34.00 19.00 1.00 3.00 104.17
33.00 24.00 1.00 4.00 133.87
52.00 5.00 0.00 2.00 44.83
28.00 14.00 0.00 2.00 30.11
