58.00 7.00 1.00 2.00 133.16
57.00 4.00 1.00 3.00 133.85
59.00 33.00 0.00 1.00 112.79
54.00 59.00 0.00 2.00 82.02
57.00 50.00 0.00 2.00 194.80
18.00 44.00 1.00 3.00 115.35
58.00 54.00 0.00 2.00 84.78
57.00 53.00 0.00 5.00 53.43
35.00 22.00 0.00 2.00 198.89
27.00 54.00 0.00 1.00 127.81
52.00 59.00 1.00 5.00 108.76
53.00 25.00 1.00 2.00 155.06
10.00 26.00 0.00 1.00 178.51
58.00 6.00 0.00 5.00 133.09
21.00 59.00 0.00 2.00 191.73
53.00 58.00 0.00 2.00 130.43
48.00 50.00 1.00 3.00 151.69
50.00 2.00 1.00 2.00 174.25
51.00 36.00 1.00 1.00 189.02
10.00 46.00 0.00 1.00 187.99
51.00 5.00 0.00 4.00 150.26
57.00 29.00 0.00 3.00 102.21
19.00 58.00 1.00 3.00 53.73
53.00 49.00 1.00 1.00 105.40
56.00 54.00 0.00 2.00 138.25
38.00 53.00 1.00 5.00 101.51
15.00 55.00 0.00 1.00 36.81
33.00 52.00 1.00 2.00 178.11
24.00 54.00 1.00 2.00 107.99
51.00 58.00 1.00 5.00 52.04
44.00 27.00 1.00 2.00 129.88
47.00 34.00 0.00 1.00 169.95
58.00 17.00 1.00 2.00 160.06
0.00 40.00 1.00 3.00 193.93
51.00 57.00 1.00 3.00 142.81
53.00 57.00 0.00 5.00 188.75
53.00 13.00 0.00 5.00 110.22
54.00 55.00 0.00 3.00 97.03
15.00 57.00 0.00 1.00 139.94
42.00 38.00 1.00 2.00 188.49
55.00 3.00 1.00 5.00 199.37
35.00 50.00 0.00 3.00 89.04
52.00 25.00 1.00 4.00 81.39
56.00 54.00 0.00 2.00 80.83
3.00 38.00 0.00 4.00 80.04
18.00 55.00 1.00 1.00 99.14
59.00 51.00 0.00 3.00 116.01
54.00 59.00 0.00 2.00 55.69
52.00 40.00 0.00 1.00 140.77
58.00 48.00 1.00 1.00 53.30
52.00 14.00 1.00 5.00 63.88
28.00 51.00 1.00 1.00 111.00
52.00 10.00 0.00 1.00 46.45
56.00 38.00 0.00 4.00 95.41
50.00 35.00 0.00 4.00 116.22
39.00 52.00 0.00 2.00 34.94
47.00 51.00 0.00 4.00 74.04
53.00 55.00 1.00 1.00 152.48
57.00 53.00 1.00 1.00 134.74
31.00 58.00 0.00 2.00 87.53
50.00 56.00 1.00 5.00 186.21
12.00 50.00 1.00 3.00 155.90
57.00 2.00 1.00 3.00 102.61
36.00 56.00 0.00 5.00 143.53
13.00 58.00 0.00 3.00 63.62
28.00 19.00 0.00 2.00 75.26
53.00 57.00 0.00 4.00 199.16
56.00 54.00 1.00 3.00 162.56
50.00 27.00 1.00 4.00 130.36
56.00 54.00 0.00 3.00 148.90
57.00 11.00 0.00 5.00 173.82
6.00 46.00 0.00 4.00 45.52
51.00 55.00 0.00 3.00 184.55
25.00 53.00 0.00 5.00 170.12
54.00 42.00 1.00 1.00 85.56
14.00 3.00 0.00 1.00 98.40
51.00 55.00 1.00 1.00 52.20
59.00 13.00 0.00 3.00 100.82
54.00 40.00 1.00 4.00 92.21
2.00 51.00 1.00 5.00 123.83
37.00 17.00 0.00 4.00 143.42
0.00 57.00 1.00 1.00 147.60
3.00 51.00 0.00 4.00 39.63
7.00 52.00 0.00 2.00 80.72
51.00 56.00 0.00 3.00 174.27
6.00 50.00 0.00 1.00 136.76
22.00 33.00 0.00 1.00 145.49
51.00 59.00 0.00 4.00 151.01
54.00 13.00 1.00 4.00 76.07
12.00 50.00 1.00 5.00 114.70
59.00 50.00 1.00 4.00 167.92
47.00 50.00 1.00 3.00 59.35
55.00 53.00 0.00 4.00 35.96
26.00 31.00 0.00 1.00 84.03
47.00 29.00 1.00 1.00 104.23
55.00 33.00 1.00 5.00 31.99
18.00 41.00 1.00 5.00 140.27
20.00 56.00 1.00 2.00 88.14
52.00 56.00 0.00 2.00 157.40
22.00 27.00 0.00 5.00 117.40
34.00 56.00 0.00 5.00 121.81
51.00 8.00 0.00 1.00 143.26
55.00 16.00 0.00 2.00 120.22
37.00 57.00 1.00 5.00 176.14
54.00 43.00 1.00 5.00 53.39
50.00 43.00 0.00 5.00 40.76
53.00 57.00 1.00 4.00 32.49
4.00 24.00 1.00 3.00 34.02
3.00 16.00 0.00 3.00 42.25
9.00 56.00 0.00 1.00 143.56
51.00 58.00 0.00 3.00 116.34
57.00 51.00 0.00 4.00 114.19
7.00 50.00 1.00 1.00 160.51
57.00 33.00 0.00 4.00 62.99
13.00 28.00 1.00 2.00 163.44
37.00 55.00 1.00 4.00 82.73
57.00 22.00 0.00 3.00 108.39
51.00 48.00 1.00 1.00 92.91
21.00 58.00 0.00 2.00 195.43
17.00 12.00 0.00 2.00 108.14
54.00 57.00 1.00 5.00 109.69
49.00 1.00 1.00 1.00 193.50
28.00 41.00 1.00 2.00 107.71
58.00 53.00 1.00 4.00 135.10
21.00 36.00 0.00 2.00 96.10
56.00 52.00 1.00 1.00 97.98
50.00 56.00 1.00 2.00 125.99
16.00 2.00 1.00 5.00 185.35
57.00 39.00 1.00 5.00 159.90
50.00 56.00 0.00 3.00 45.28
51.00 47.00 0.00 1.00 108.09
57.00 13.00 0.00 4.00 188.55
58.00 10.00 1.00 2.00 82.22
13.00 58.00 0.00 3.00 89.88
50.00 2.00 0.00 5.00 167.48
40.00 12.00 1.00 2.00 193.72
23.00 0.00 1.00 2.00 62.93
24.00 58.00 1.00 1.00 58.08
51.00 55.00 0.00 1.00 95.48
15.00 39.00 1.00 3.00 55.14
4.00 56.00 1.00 3.00 115.33
36.00 39.00 1.00 3.00 174.08
19.00 36.00 0.00 1.00 154.08
56.00 53.00 0.00 5.00 44.89
51.00 9.00 1.00 2.00 116.66
51.00 47.00 1.00 4.00 147.81
54.00 59.00 0.00 5.00 131.19
4.00 54.00 1.00 5.00 90.65
18.00 41.00 0.00 3.00 59.44
59.00 28.00 0.00 5.00 69.54
51.00 41.00 1.00 1.00 45.57
57.00 52.00 1.00 2.00 113.97
14.00 51.00 0.00 3.00 91.31
54.00 30.00 0.00 1.00 166.88
56.00 50.00 0.00 2.00 65.96
50.00 55.00 1.00 1.00 122.86
18.00 33.00 1.00 1.00 97.43
58.00 54.00 1.00 2.00 162.42
5.00 55.00 0.00 5.00 45.98
56.00 3.00 1.00 5.00 154.10
57.00 3.00 0.00 5.00 174.22
19.00 31.00 1.00 3.00 156.09
59.00 46.00 0.00 5.00 146.69
50.00 9.00 0.00 3.00 46.39
30.00 59.00 1.00 3.00 62.67
46.00 12.00 1.00 4.00 162.02
18.00 57.00 1.00 1.00 76.49
39.00 50.00 1.00 3.00 83.31
43.00 33.00 0.00 4.00 125.03
28.00 51.00 1.00 1.00 56.95
39.00 56.00 0.00 5.00 119.02
52.00 59.00 1.00 3.00 199.01
39.00 19.00 1.00 5.00 103.85
34.00 59.00 0.00 3.00 31.47
45.00 59.00 1.00 2.00 134.66
54.00 28.00 0.00 3.00 191.55
4.00 56.00 0.00 2.00 145.51
29.00 54.00 1.00 5.00 186.92
50.00 9.00 1.00 3.00 33.67
24.00 57.00 0.00 2.00 148.37
59.00 5.00 0.00 1.00 166.02
58.00 52.00 1.00 4.00 95.80
1.00 52.00 0.00 2.00 139.28
54.00 31.00 1.00 2.00 76.68
51.00 10.00 1.00 4.00 79.79
55.00 52.00 1.00 4.00 123.14
27.00 53.00 0.00 4.00 103.28
58.00 52.00 0.00 5.00 173.18
50.00 59.00 1.00 5.00 144.75
3.00 51.00 0.00 1.00 45.56
59.00 50.00 1.00 5.00 47.17
40.00 27.00 1.00 2.00 47.67
50.00 57.00 1.00 2.00 92.88
27.00 51.00 1.00 2.00 91.18
59.00 54.00 1.00 4.00 74.78
57.00 51.00 1.00 5.00 91.54
51.00 56.00 0.00 2.00 142.45
51.00 43.00 0.00 4.00 119.23
51.00 57.00 1.00 1.00 61.84
13.00 56.00 0.00 4.00 188.14
7.00 58.00 1.00 1.00 186.54
55.00 51.00 1.00 4.00 95.48
55.00 50.00 0.00 4.00 80.99
4.00 56.00 1.00 3.00 122.46
55.00 26.00 0.00 1.00 188.36
12.00 53.00 0.00 5.00 196.78
53.00 58.00 1.00 1.00 132.94
51.00 57.00 0.00 4.00 142.30
26.00 59.00 0.00 2.00 132.03
45.00 58.00 1.00 3.00 135.03
50.00 57.00 1.00 3.00 40.78
55.00 54.00 1.00 5.00 58.74
40.00 0.00 0.00 4.00 125.32
42.00 0.00 1.00 3.00 182.99
13.00 19.00 0.00 5.00 149.51
55.00 51.00 0.00 1.00 73.63
45.00 4.00 0.00 5.00 44.11
52.00 49.00 1.00 3.00 78.20
45.00 59.00 0.00 4.00 132.57
30.00 25.00 0.00 3.00 81.96
49.00 51.00 1.00 5.00 167.26
15.00 52.00 0.00 2.00 183.07
50.00 55.00 0.00 3.00 174.82
57.00 50.00 1.00 2.00 167.53
50.00 55.00 0.00 3.00 121.67
8.00 57.00 1.00 1.00 165.89
56.00 15.00 1.00 4.00 93.56
23.00 9.00 1.00 2.00 174.61
56.00 11.00 1.00 3.00 115.57
17.00 11.00 1.00 1.00 111.66
54.00 56.00 0.00 5.00 65.05
32.00 54.00 1.00 3.00 170.79
50.00 58.00 0.00 3.00 48.35
59.00 26.00 1.00 4.00 167.48
52.00 55.00 1.00 3.00 52.49
30.00 38.00 1.00 4.00 62.43
54.00 56.00 0.00 5.00 185.59
26.00 21.00 1.00 4.00 110.62
42.00 50.00 0.00 1.00 158.08
30.00 44.00 0.00 2.00 45.77
31.00 52.00 1.00 4.00 179.36
54.00 15.00 1.00 2.00 88.11
57.00 28.00 0.00 2.00 88.39
59.00 25.00 1.00 3.00 149.02
36.00 44.00 0.00 4.00 111.73
19.00 58.00 0.00 3.00 160.97
46.00 5.00 1.00 3.00 137.86
30.00 54.00 0.00 1.00 84.60
59.00 5.00 0.00 2.00 161.78
26.00 47.00 0.00 3.00 143.53
42.00 51.00 0.00 5.00 86.74
36.00 41.00 1.00 4.00 195.39
34.00 57.00 1.00 3.00 122.89
45.00 54.00 1.00 5.00 193.80
28.00 20.00 1.00 1.00 110.31
59.00 29.00 1.00 4.00 77.01
30.00 54.00 0.00 2.00 86.67
51.00 47.00 1.00 1.00 108.28
6.00 59.00 1.00 3.00 160.04
50.00 59.00 1.00 1.00 142.88
1.00 53.00 0.00 5.00 168.38
47.00 39.00 0.00 5.00 97.89
56.00 38.00 1.00 3.00 133.44
54.00 34.00 0.00 4.00 65.09
14.00 43.00 0.00 3.00 175.66
56.00 51.00 0.00 1.00 191.27
19.00 11.00 1.00 1.00 179.05
33.00 8.00 0.00 5.00 139.48
55.00 18.00 1.00 4.00 169.10
1.00 54.00 0.00 2.00 106.01
11.00 56.00 1.00 2.00 126.23
58.00 29.00 0.00 4.00 63.57
15.00 4.00 0.00 1.00 189.27
53.00 59.00 1.00 2.00 52.32
52.00 34.00 0.00 3.00 181.80
44.00 27.00 0.00 3.00 37.70
59.00 50.00 0.00 2.00 94.79
58.00 9.00 0.00 1.00 99.14
16.00 59.00 1.00 4.00 36.81
51.00 47.00 0.00 3.00 96.52
9.00 23.00 1.00 5.00 117.43
57.00 1.00 1.00 2.00 136.54
31.00 54.00 0.00 1.00 140.56
3.00 18.00 1.00 1.00 124.54
14.00 56.00 0.00 2.00 99.91
56.00 1.00 0.00 2.00 54.42
0.00 58.00 1.00 3.00 179.12
58.00 31.00 0.00 2.00 84.14
57.00 9.00 1.00 2.00 134.43
38.00 59.00 1.00 5.00 135.61
31.00 59.00 0.00 3.00 53.87
58.00 34.00 1.00 5.00 140.64
0.00 55.00 1.00 3.00 152.29
15.00 11.00 0.00 4.00 185.42
10.00 56.00 0.00 4.00 105.72
22.00 57.00 0.00 3.00 156.80
5.00 17.00 0.00 5.00 171.38
52.00 55.00 0.00 1.00 172.83
33.00 50.00 0.00 4.00 62.37
51.00 27.00 0.00 4.00 112.83
53.00 55.00 0.00 2.00 165.25
15.00 58.00 0.00 2.00 108.36
26.00 17.00 0.00 1.00 72.80
13.00 53.00 0.00 2.00 196.23
55.00 50.00 1.00 5.00 129.98
23.00 26.00 0.00 4.00 172.61
50.00 44.00 0.00 1.00 69.01
3.00 38.00 0.00 2.00 63.90
50.00 58.00 0.00 4.00 44.86
50.00 32.00 1.00 5.00 179.98
58.00 35.00 0.00 4.00 135.72
51.00 2.00 0.00 2.00 173.72
0.00 14.00 0.00 1.00 93.25
33.00 48.00 1.00 4.00 126.82
54.00 41.00 1.00 5.00 35.00
39.00 59.00 1.00 1.00 192.41
59.00 21.00 0.00 1.00 195.38
3.00 57.00 0.00 3.00 196.37
3.00 57.00 1.00 3.00 145.92
56.00 53.00 1.00 4.00 90.55
24.00 3.00 0.00 4.00 80.27
16.00 34.00 0.00 4.00 182.85
5.00 45.00 0.00 1.00 126.17
54.00 55.00 0.00 1.00 132.19
36.00 17.00 1.00 4.00 172.19
50.00 59.00 1.00 2.00 186.66
56.00 51.00 0.00 5.00 182.99
51.00 14.00 1.00 3.00 157.53
14.00 1.00 1.00 1.00 163.22
55.00 51.00 1.00 5.00 180.97
30.00 9.00 1.00 4.00 161.94
59.00 32.00 1.00 3.00 113.09
13.00 53.00 1.00 1.00 163.36
46.00 54.00 0.00 2.00 175.07
55.00 52.00 1.00 3.00 156.45
54.00 59.00 1.00 5.00 196.69
55.00 36.00 0.00 2.00 176.87
51.00 57.00 1.00 5.00 32.00
16.00 7.00 1.00 3.00 30.31
14.00 51.00 0.00 4.00 175.85
3.00 42.00 1.00 2.00 93.83
45.00 54.00 1.00 2.00 88.66
56.00 51.00 0.00 1.00 156.56
32.00 54.00 1.00 5.00 61.26
58.00 3.00 1.00 3.00 192.52
10.00 57.00 0.00 3.00 173.70
47.00 51.00 0.00 5.00 124.32
59.00 29.00 1.00 3.00 155.36
28.00 51.00 1.00 3.00 93.74
53.00 56.00 1.00 3.00 37.91
45.00 51.00 1.00 4.00 71.83
21.00 55.00 0.00 3.00 125.81
39.00 55.00 1.00 5.00 159.93
58.00 50.00 0.00 5.00 91.67
46.00 52.00 0.00 2.00 173.48
50.00 13.00 0.00 5.00 136.59
57.00 51.00 1.00 5.00 129.17
44.00 51.00 0.00 3.00 156.03
59.00 54.00 0.00 5.00 184.55
33.00 55.00 1.00 2.00 121.43
56.00 37.00 1.00 1.00 89.87
46.00 54.00 1.00 2.00 160.26
17.00 56.00 1.00 3.00 67.53
28.00 55.00 1.00 3.00 75.89
51.00 48.00 1.00 5.00 93.43
53.00 55.00 1.00 5.00 44.54
53.00 57.00 0.00 2.00 172.47
54.00 55.00 1.00 5.00 60.31
43.00 53.00 0.00 2.00 76.82
3.00 15.00 1.00 2.00 78.79
50.00 56.00 0.00 2.00 119.54
52.00 10.00 1.00 2.00 101.88
36.00 46.00 0.00 4.00 157.56
50.00 56.00 1.00 1.00 157.99
40.00 25.00 0.00 1.00 108.45
59.00 14.00 1.00 1.00 182.07
50.00 32.00 1.00 2.00 159.26
40.00 1.00 1.00 3.00 90.01
33.00 51.00 1.00 1.00 71.70
9.00 27.00 1.00 5.00 143.72
57.00 27.00 0.00 1.00 61.39
8.00 49.00 0.00 3.00 79.28
59.00 32.00 1.00 4.00 100.94
50.00 32.00 1.00 4.00 132.53
50.00 59.00 1.00 4.00 39.18
44.00 35.00 1.00 3.00 72.78
51.00 9.00 1.00 3.00 63.56
36.00 18.00 1.00 3.00 49.20
59.00 54.00 0.00 4.00 59.81
13.00 17.00 1.00 5.00 181.36
10.00 59.00 1.00 2.00 88.02
59.00 53.00 1.00 2.00 48.72
53.00 57.00 1.00 1.00 77.96
57.00 27.00 1.00 5.00 168.50
56.00 50.00 0.00 3.00 91.30
9.00 58.00 1.00 1.00 124.31
1.00 46.00 0.00 3.00 102.24
51.00 57.00 0.00 2.00 164.96
11.00 54.00 1.00 1.00 175.08
55.00 36.00 0.00 4.00 131.12
59.00 6.00 1.00 1.00 187.11
22.00 56.00 1.00 4.00 111.20
30.00 12.00 0.00 1.00 43.31
53.00 11.00 1.00 2.00 111.81
33.00 24.00 0.00 2.00 196.36
51.00 55.00 1.00 2.00 91.38
15.00 26.00 0.00 3.00 86.07
41.00 7.00 1.00 3.00 141.83
52.00 7.00 1.00 2.00 190.97
21.00 39.00 0.00 1.00 73.55
26.00 16.00 0.00 1.00 43.37
56.00 39.00 0.00 1.00 56.21
14.00 55.00 1.00 3.00 111.73
56.00 27.00 0.00 4.00 106.95
58.00 52.00 0.00 4.00 126.22
51.00 58.00 1.00 5.00 118.21
53.00 46.00 1.00 4.00 39.49
58.00 54.00 0.00 2.00 199.04
53.00 16.00 0.00 2.00 145.85
58.00 51.00 1.00 4.00 37.43
46.00 6.00 1.00 2.00 107.06
16.00 53.00 0.00 1.00 189.22
30.00 9.00 0.00 5.00 155.62
59.00 28.00 0.00 4.00 98.65
34.00 59.00 0.00 1.00 198.57
55.00 51.00 1.00 4.00 194.61
54.00 59.00 0.00 3.00 90.48
50.00 55.00 1.00 3.00 102.90
51.00 3.00 0.00 1.00 45.45
50.00 29.00 1.00 5.00 58.49
14.00 1.00 0.00 5.00 172.42
7.00 55.00 0.00 1.00 105.03
59.00 54.00 1.00 2.00 143.75
7.00 50.00 0.00 2.00 103.04
26.00 15.00 1.00 3.00 114.45
43.00 53.00 0.00 5.00 164.38
59.00 53.00 0.00 3.00 93.47
25.00 0.00 0.00 3.00 45.31
50.00 5.00 0.00 5.00 34.63
35.00 20.00 0.00 1.00 109.69
54.00 49.00 1.00 1.00 64.24
50.00 58.00 0.00 2.00 33.60
7.00 4.00 1.00 3.00 189.39
43.00 23.00 1.00 2.00 155.15
53.00 3.00 1.00 1.00 45.40
11.00 47.00 1.00 4.00 117.03
50.00 55.00 0.00 5.00 138.42
55.00 47.00 1.00 2.00 158.84
5.00 24.00 1.00 4.00 44.74
33.00 18.00 0.00 3.00 66.66
54.00 47.00 1.00 2.00 133.83
52.00 15.00 1.00 3.00 62.64
55.00 11.00 1.00 5.00 99.98
58.00 51.00 0.00 3.00 57.77
54.00 58.00 0.00 2.00 117.72
19.00 58.00 0.00 4.00 70.84
56.00 51.00 1.00 4.00 113.80
59.00 51.00 1.00 4.00 72.60
53.00 37.00 1.00 1.00 114.73
47.00 33.00 0.00 3.00 185.53
51.00 29.00 0.00 2.00 121.71
4.00 51.00 1.00 1.00 137.08
31.00 43.00 1.00 1.00 41.24
49.00 50.00 0.00 5.00 40.67
56.00 53.00 1.00 1.00 91.10
56.00 54.00 1.00 1.00 36.63
51.00 48.00 0.00 5.00 190.06
58.00 52.00 1.00 2.00 42.74
50.00 57.00 1.00 5.00 73.01
59.00 26.00 1.00 5.00 168.59
52.00 15.00 0.00 4.00 37.35
7.00 39.00 0.00 1.00 60.30
59.00 13.00 1.00 1.00 59.06
10.00 58.00 1.00 5.00 167.20
43.00 53.00 0.00 3.00 170.49
2.00 46.00 1.00 5.00 76.24
54.00 55.00 1.00 2.00 84.01
38.00 58.00 1.00 2.00 169.77
59.00 52.00 1.00 3.00 92.66
19.00 56.00 0.00 2.00 147.09
16.00 38.00 0.00 4.00 138.33
6.00 51.00 1.00 5.00 61.39
31.00 52.00 1.00 3.00 70.67
11.00 43.00 0.00 1.00 133.03
12.00 26.00 1.00 1.00 97.34
57.00 35.00 1.00 1.00 46.20
51.00 59.00 1.00 5.00 184.03
55.00 7.00 1.00 2.00 197.20
54.00 55.00 1.00 4.00 67.76
59.00 45.00 1.00 3.00 123.89
8.00 26.00 1.00 1.00 195.37
56.00 11.00 0.00 4.00 129.28
52.00 34.00 1.00 5.00 190.59
21.00 58.00 0.00 2.00 118.77
51.00 55.00 0.00 2.00 53.48
53.00 55.00 1.00 1.00 38.01
55.00 53.00 0.00 2.00 41.19
52.00 57.00 1.00 4.00 84.82
52.00 0.00 1.00 5.00 49.04
50.00 2.00 0.00 3.00 31.28
52.00 57.00 1.00 1.00 57.08
50.00 2.00 0.00 1.00 74.90
1.00 51.00 1.00 4.00 127.58
50.00 32.00 1.00 2.00 38.93
6.00 50.00 0.00 1.00 125.29
7.00 58.00 0.00 5.00 145.53
26.00 17.00 0.00 3.00 79.74
31.00 12.00 1.00 2.00 196.71
42.00 36.00 0.00 1.00 134.25
51.00 56.00 1.00 4.00 126.92
56.00 53.00 1.00 4.00 57.72
8.00 51.00 1.00 4.00 173.34
51.00 58.00 0.00 3.00 148.89
57.00 53.00 0.00 1.00 123.57
41.00 25.00 0.00 1.00 95.00
6.00 45.00 1.00 2.00 166.56
57.00 50.00 1.00 3.00 129.50
0.00 21.00 0.00 4.00 76.75
58.00 15.00 0.00 3.00 87.02
7.00 42.00 1.00 3.00 96.95
12.00 32.00 0.00 4.00 184.66
33.00 50.00 0.00 5.00 59.70
0.00 18.00 0.00 1.00 82.54
21.00 56.00 0.00 5.00 150.41
2.00 58.00 0.00 4.00 57.58
55.00 52.00 1.00 1.00 126.61
54.00 36.00 0.00 2.00 151.03
20.00 57.00 0.00 2.00 189.38
57.00 24.00 1.00 3.00 34.37
56.00 53.00 1.00 4.00 52.52
35.00 45.00 1.00 5.00 124.52
34.00 48.00 0.00 4.00 148.28
50.00 56.00 1.00 3.00 33.78
5.00 52.00 1.00 4.00 182.13
28.00 57.00 1.00 2.00 114.80
50.00 35.00 0.00 2.00 48.36
55.00 16.00 1.00 2.00 124.73
50.00 57.00 0.00 5.00 67.72
22.00 33.00 0.00 1.00 67.24
58.00 54.00 0.00 4.00 78.09
59.00 32.00 1.00 1.00 162.18
50.00 17.00 0.00 2.00 70.42
1.00 42.00 1.00 4.00 179.56
13.00 56.00 1.00 4.00 40.09
51.00 58.00 1.00 1.00 161.88
59.00 24.00 1.00 2.00 137.02
10.00 51.00 1.00 3.00 82.06
59.00 53.00 0.00 4.00 146.46
55.00 53.00 0.00 3.00 60.70
20.00 36.00 0.00 5.00 105.07
58.00 51.00 1.00 2.00 79.87
52.00 40.00 0.00 5.00 195.46
56.00 52.00 1.00 2.00 99.50
45.00 2.00 1.00 3.00 30.15
58.00 24.00 0.00 4.00 115.21
11.00 54.00 0.00 4.00 159.54
15.00 26.00 0.00 4.00 52.34
11.00 39.00 0.00 5.00 52.09
31.00 59.00 0.00 3.00 169.64
54.00 59.00 0.00 4.00 106.25
37.00 56.00 0.00 1.00 169.92
58.00 25.00 1.00 2.00 49.19
51.00 36.00 1.00 5.00 99.85
56.00 17.00 1.00 3.00 147.22
52.00 40.00 1.00 2.00 59.16
50.00 55.00 0.00 2.00 34.23
2.00 57.00 0.00 4.00 182.59
58.00 11.00 1.00 1.00 116.02
54.00 47.00 0.00 3.00 33.40
28.00 55.00 0.00 4.00 164.36
9.00 5.00 1.00 4.00 175.80
54.00 55.00 0.00 2.00 36.83
14.00 52.00 0.00 5.00 130.68
59.00 29.00 0.00 3.00 84.26
47.00 55.00 1.00 2.00 145.08
25.00 43.00 0.00 5.00 91.49
4.00 52.00 0.00 2.00 181.48
59.00 51.00 1.00 1.00 68.87
58.00 50.00 1.00 2.00 72.22
15.00 54.00 1.00 3.00 133.18
34.00 20.00 1.00 3.00 85.79
59.00 20.00 0.00 5.00 126.06
56.00 50.00 0.00 2.00 89.35
46.00 50.00 1.00 3.00 61.16
57.00 52.00 1.00 5.00 90.86
12.00 50.00 0.00 3.00 86.49
40.00 50.00 0.00 2.00 127.13
37.00 44.00 0.00 2.00 97.59
31.00 12.00 0.00 2.00 36.98
52.00 48.00 0.00 1.00 60.90
50.00 56.00 0.00 5.00 150.58
57.00 30.00 1.00 5.00 131.22
35.00 45.00 0.00 5.00 112.14
26.00 18.00 1.00 5.00 85.00
52.00 57.00 1.00 3.00 35.75
7.00 38.00 1.00 3.00 96.78
1.00 49.00 0.00 1.00 130.91
55.00 52.00 1.00 5.00 134.11
17.00 4.00 1.00 4.00 37.88
2.00 50.00 1.00 4.00 89.43
54.00 6.00 1.00 2.00 30.14
27.00 59.00 0.00 1.00 186.91
29.00 52.00 0.00 4.00 42.76
18.00 57.00 1.00 5.00 133.49
3.00 22.00 0.00 3.00 144.50
55.00 51.00 0.00 1.00 48.69
10.00 45.00 0.00 3.00 160.88
52.00 59.00 0.00 4.00 102.33
51.00 38.00 1.00 5.00 50.52
56.00 54.00 1.00 4.00 111.57
23.00 57.00 1.00 4.00 119.27
51.00 47.00 0.00 5.00 94.86
42.00 7.00 0.00 1.00 125.24
53.00 2.00 0.00 5.00 178.60
37.00 41.00 1.00 4.00 138.64
43.00 39.00 1.00 4.00 193.31
55.00 52.00 1.00 1.00 53.35
59.00 21.00 0.00 2.00 72.58
51.00 47.00 1.00 4.00 163.22
49.00 51.00 1.00 5.00 182.25
56.00 13.00 0.00 5.00 87.43
52.00 26.00 0.00 3.00 68.87
33.00 59.00 0.00 4.00 62.54
58.00 25.00 0.00 3.00 140.73
59.00 50.00 1.00 5.00 137.76
59.00 54.00 0.00 3.00 146.37
38.00 49.00 1.00 5.00 74.94
20.00 57.00 0.00 4.00 46.56
6.00 17.00 1.00 1.00 180.24
27.00 18.00 0.00 3.00 153.48
9.00 44.00 1.00 5.00 43.33
48.00 28.00 0.00 5.00 178.24
4.00 59.00 1.00 5.00 46.97
53.00 59.00 0.00 5.00 192.29
55.00 0.00 1.00 1.00 68.21
58.00 52.00 1.00 5.00 32.21
59.00 20.00 0.00 1.00 31.32
39.00 19.00 0.00 2.00 97.10
18.00 59.00 0.00 3.00 164.49
1.00 52.00 0.00 4.00 94.48
57.00 52.00 0.00 5.00 128.49
27.00 17.00 0.00 1.00 151.79
3.00 58.00 1.00 3.00 66.74
36.00 59.00 0.00 5.00 192.66
2.00 43.00 0.00 2.00 123.97
58.00 53.00 0.00 3.00 151.30
16.00 57.00 0.00 5.00 191.74
1.00 50.00 1.00 5.00 123.21
53.00 58.00 1.00 1.00 98.74
47.00 26.00 0.00 1.00 177.31
23.00 57.00 0.00 3.00 118.04
51.00 58.00 1.00 5.00 170.49
9.00 46.00 1.00 3.00 189.22
51.00 59.00 0.00 3.00 170.72
23.00 13.00 1.00 3.00 149.91
59.00 46.00 0.00 3.00 111.68
26.00 53.00 0.00 4.00 147.09
28.00 9.00 1.00 5.00 89.49
40.00 9.00 1.00 3.00 142.73
49.00 50.00 1.00 5.00 50.68
58.00 50.00 0.00 4.00 137.51
54.00 46.00 0.00 3.00 197.30
47.00 9.00 1.00 5.00 161.21
52.00 47.00 0.00 1.00 146.71
54.00 55.00 0.00 4.00 41.52
19.00 42.00 1.00 2.00 46.36
58.00 27.00 0.00 2.00 138.56
21.00 59.00 0.00 1.00 45.94
27.00 25.00 0.00 1.00 49.97
51.00 10.00 0.00 1.00 100.15
27.00 24.00 0.00 3.00 73.89
17.00 56.00 0.00 4.00 147.28
0.00 14.00 0.00 3.00 57.24
51.00 43.00 0.00 4.00 102.15
49.00 8.00 0.00 3.00 47.22
50.00 4.00 0.00 4.00 72.30
50.00 49.00 0.00 5.00 109.20
57.00 50.00 0.00 4.00 58.99
57.00 26.00 0.00 5.00 158.32
45.00 59.00 1.00 1.00 90.41
55.00 26.00 0.00 4.00 99.45
39.00 50.00 0.00 1.00 157.62
31.00 58.00 1.00 2.00 69.23
59.00 3.00 0.00 1.00 93.18
42.00 21.00 0.00 1.00 52.18
57.00 24.00 1.00 1.00 127.94
56.00 6.00 1.00 2.00 167.23
55.00 54.00 0.00 4.00 57.41
56.00 18.00 0.00 4.00 98.29
58.00 46.00 0.00 1.00 56.47
50.00 1.00 1.00 4.00 181.99
51.00 27.00 1.00 4.00 165.35
55.00 54.00 0.00 2.00 113.82
55.00 54.00 0.00 3.00 156.14
28.00 57.00 1.00 5.00 142.32
52.00 12.00 1.00 1.00 170.22
32.00 38.00 0.00 4.00 161.23
53.00 58.00 0.00 2.00 181.26
20.00 59.00 0.00 4.00 44.19
55.00 5.00 1.00 4.00 75.40
48.00 27.00 1.00 3.00 96.88
59.00 54.00 1.00 1.00 70.60
58.00 31.00 1.00 2.00 75.31
56.00 23.00 0.00 4.00 165.49
54.00 40.00 0.00 3.00 72.87
59.00 16.00 0.00 3.00 163.80
53.00 59.00 0.00 2.00 145.33
45.00 57.00 1.00 1.00 176.98
10.00 57.00 1.00 3.00 114.85
56.00 52.00 0.00 4.00 155.98
54.00 56.00 1.00 4.00 40.92
18.00 29.00 0.00 1.00 94.56
55.00 51.00 1.00 3.00 154.18
5.00 50.00 0.00 3.00 190.86
6.00 46.00 1.00 2.00 70.11
56.00 0.00 0.00 1.00 136.65
55.00 1.00 0.00 1.00 134.33
52.00 5.00 0.00 1.00 194.42
58.00 9.00 1.00 3.00 30.00
2.00 18.00 1.00 5.00 38.18
26.00 3.00 1.00 1.00 82.03
59.00 21.00 1.00 4.00 92.14
16.00 4.00 1.00 2.00 141.49
43.00 12.00 0.00 5.00 42.25
4.00 39.00 1.00 5.00 198.94
59.00 18.00 1.00 5.00 31.49
43.00 53.00 0.00 3.00 114.60
39.00 59.00 1.00 4.00 106.81
56.00 51.00 0.00 3.00 53.64
31.00 52.00 1.00 1.00 119.26
51.00 55.00 0.00 5.00 190.68
20.00 59.00 0.00 3.00 88.29
50.00 12.00 0.00 5.00 38.73
17.00 58.00 0.00 5.00 145.55
55.00 2.00 0.00 1.00 190.05
22.00 37.00 1.00 1.00 133.57
33.00 14.00 1.00 2.00 103.21
52.00 55.00 1.00 4.00 144.97
53.00 31.00 1.00 1.00 88.07
50.00 57.00 1.00 3.00 82.91
49.00 53.00 1.00 4.00 152.52
48.00 38.00 0.00 3.00 192.23
52.00 13.00 0.00 2.00 34.46
54.00 39.00 0.00 1.00 157.10
35.00 52.00 1.00 4.00 129.64
57.00 50.00 0.00 5.00 168.63
10.00 46.00 0.00 4.00 169.43
38.00 49.00 0.00 2.00 44.43
36.00 58.00 1.00 1.00 174.55
33.00 56.00 0.00 1.00 140.35
58.00 53.00 0.00 2.00 57.07
23.00 55.00 0.00 5.00 78.84
42.00 34.00 0.00 1.00 117.90
57.00 53.00 0.00 3.00 128.26
56.00 34.00 1.00 2.00 91.27
50.00 49.00 1.00 4.00 126.82
12.00 59.00 0.00 3.00 32.32
53.00 55.00 0.00 3.00 172.13
36.00 50.00 1.00 3.00 39.61
14.00 26.00 1.00 2.00 176.87
56.00 27.00 0.00 3.00 156.97
13.00 58.00 1.00 3.00 40.20
53.00 0.00 1.00 4.00 63.83
58.00 52.00 0.00 1.00 199.81
51.00 42.00 1.00 1.00 96.61
59.00 53.00 1.00 5.00 74.65
13.00 27.00 0.00 4.00 38.51
47.00 7.00 1.00 2.00 49.67
55.00 18.00 1.00 4.00 100.68
46.00 53.00 0.00 1.00 48.26
44.00 12.00 1.00 5.00 62.36
10.00 19.00 0.00 3.00 73.77
57.00 54.00 0.00 1.00 185.31
10.00 19.00 1.00 4.00 136.54
53.00 59.00 1.00 3.00 199.81
55.00 35.00 0.00 2.00 187.00
55.00 52.00 1.00 1.00 165.25
21.00 6.00 1.00 4.00 180.09
54.00 2.00 0.00 3.00 65.26
42.00 52.00 0.00 3.00 31.23
54.00 7.00 0.00 1.00 173.46
13.00 54.00 0.00 4.00 32.58
50.00 10.00 0.00 2.00 191.38
51.00 59.00 1.00 3.00 199.56
55.00 4.00 0.00 4.00 194.16
52.00 59.00 0.00 2.00 84.58
3.00 54.00 0.00 2.00 195.02
26.00 54.00 1.00 5.00 164.77
56.00 52.00 0.00 5.00 93.39
54.00 58.00 0.00 1.00 90.89
13.00 56.00 1.00 3.00 166.19
52.00 57.00 1.00 5.00 164.04
53.00 31.00 1.00 2.00 187.13
52.00 44.00 0.00 5.00 57.93
59.00 52.00 1.00 5.00 112.19
30.00 51.00 1.00 4.00 152.72
50.00 58.00 1.00 2.00 91.15
28.00 59.00 1.00 5.00 101.37
58.00 51.00 1.00 1.00 94.97
3.00 54.00 1.00 1.00 185.38
15.00 30.00 1.00 1.00 78.52
52.00 29.00 0.00 4.00 65.64
49.00 0.00 1.00 3.00 149.77
19.00 35.00 1.00 1.00 133.17
23.00 32.00 1.00 3.00 148.62
12.00 50.00 0.00 1.00 167.76
59.00 50.00 1.00 2.00 117.09
54.00 8.00 1.00 3.00 181.19
57.00 50.00 0.00 1.00 172.70
55.00 37.00 0.00 5.00 141.26
24.00 55.00 1.00 1.00 125.04
52.00 56.00 1.00 4.00 130.44
45.00 4.00 0.00 3.00 183.30
55.00 14.00 1.00 3.00 173.41
19.00 56.00 1.00 4.00 116.95
54.00 58.00 0.00 5.00 34.08
56.00 0.00 1.00 4.00 74.46
59.00 53.00 0.00 2.00 125.12
31.00 10.00 1.00 4.00 70.00
30.00 51.00 0.00 5.00 48.20
38.00 57.00 1.00 1.00 150.60
54.00 57.00 0.00 3.00 184.50
43.00 53.00 1.00 2.00 88.56
56.00 53.00 0.00 3.00 81.31
53.00 38.00 0.00 3.00 146.08
58.00 50.00 0.00 3.00 38.45
13.00 55.00 1.00 5.00 37.86
48.00 52.00 1.00 2.00 128.78
50.00 2.00 1.00 1.00 55.92
2.00 42.00 0.00 2.00 31.03
57.00 13.00 1.00 5.00 90.19
7.00 39.00 1.00 5.00 103.94
56.00 22.00 0.00 1.00 85.22
25.00 43.00 0.00 3.00 85.72
28.00 21.00 1.00 2.00 108.38
9.00 23.00 1.00 1.00 162.75
52.00 9.00 0.00 3.00 197.52
57.00 54.00 1.00 5.00 87.74
2.00 54.00 1.00 4.00 125.64
59.00 27.00 0.00 1.00 76.37
17.00 29.00 1.00 1.00 87.49
57.00 27.00 1.00 5.00 73.83
47.00 39.00 0.00 2.00 63.02
59.00 10.00 0.00 1.00 170.73
25.00 55.00 1.00 2.00 136.51
35.00 50.00 0.00 2.00 72.41
16.00 10.00 0.00 5.00 159.07
56.00 50.00 0.00 1.00 95.82
58.00 5.00 0.00 5.00 155.13
10.00 40.00 0.00 1.00 126.83
57.00 54.00 1.00 5.00 171.34
11.00 55.00 1.00 5.00 167.16
58.00 52.00 0.00 1.00 63.73
22.00 30.00 0.00 2.00 189.29
53.00 48.00 1.00 5.00 99.90
27.00 8.00 0.00 2.00 155.86
50.00 12.00 0.00 5.00 194.70
26.00 9.00 0.00 5.00 80.11
53.00 15.00 1.00 3.00 53.51
54.00 59.00 1.00 1.00 182.68
25.00 44.00 0.00 1.00 57.71
51.00 43.00 1.00 5.00 153.60
59.00 27.00 0.00 1.00 124.71
2.00 28.00 0.00 3.00 88.31
36.00 59.00 0.00 2.00 119.33
54.00 57.00 0.00 4.00 32.43
16.00 26.00 0.00 2.00 57.64
44.00 7.00 1.00 1.00 155.27
6.00 50.00 0.00 2.00 66.53
33.00 11.00 0.00 2.00 88.77
50.00 12.00 0.00 1.00 116.04
37.00 17.00 0.00 1.00 38.26
1.00 56.00 0.00 4.00 52.37
57.00 29.00 0.00 5.00 149.79
57.00 1.00 0.00 5.00 36.16
58.00 52.00 1.00 4.00 185.63
58.00 54.00 0.00 3.00 56.71
50.00 55.00 1.00 1.00 151.20
9.00 51.00 1.00 2.00 107.82
50.00 49.00 1.00 1.00 58.29
56.00 11.00 0.00 2.00 113.99
6.00 44.00 1.00 4.00 186.97
36.00 55.00 1.00 5.00 96.17
41.00 23.00 1.00 4.00 42.62
58.00 8.00 0.00 5.00 76.51
54.00 42.00 0.00 3.00 87.35
20.00 29.00 1.00 3.00 70.31
58.00 36.00 1.00 2.00 78.98
50.00 39.00 1.00 1.00 142.59
29.00 38.00 0.00 5.00 101.22
19.00 48.00 0.00 5.00 142.02
7.00 21.00 1.00 5.00 191.38
58.00 23.00 1.00 4.00 183.88
36.00 43.00 0.00 3.00 61.32
57.00 23.00 1.00 3.00 74.44
53.00 44.00 1.00 4.00 44.39
30.00 47.00 0.00 3.00 192.53
12.00 18.00 0.00 4.00 78.52
52.00 55.00 0.00 3.00 171.07
23.00 55.00 0.00 3.00 61.10
16.00 54.00 0.00 1.00 84.78
55.00 50.00 0.00 4.00 141.95
54.00 55.00 0.00 3.00 88.77
54.00 58.00 0.00 1.00 188.98
43.00 24.00 1.00 1.00 49.29
58.00 27.00 1.00 3.00 57.26
58.00 8.00 1.00 3.00 77.46
10.00 22.00 1.00 4.00 157.95
40.00 8.00 1.00 4.00 169.13
51.00 59.00 0.00 3.00 120.96
19.00 55.00 1.00 2.00 191.21
24.00 56.00 0.00 3.00 183.55
59.00 54.00 0.00 5.00 177.66
52.00 28.00 1.00 4.00 101.10
8.00 26.00 1.00 4.00 94.28
50.00 10.00 0.00 5.00 32.98
32.00 20.00 0.00 5.00 95.09
51.00 58.00 0.00 3.00 194.00
33.00 17.00 1.00 1.00 52.45
54.00 36.00 0.00 2.00 41.40
3.00 52.00 0.00 4.00 166.73
33.00 19.00 1.00 1.00 162.63
56.00 54.00 0.00 1.00 86.32
12.00 52.00 0.00 4.00 69.73
58.00 53.00 0.00 4.00 62.23
54.00 35.00 0.00 2.00 161.19
55.00 33.00 1.00 4.00 146.21
57.00 5.00 0.00 5.00 157.40
50.00 59.00 1.00 5.00 69.38
57.00 50.00 0.00 2.00 100.86
34.00 55.00 1.00 3.00 121.30
51.00 57.00 0.00 4.00 54.62
54.00 55.00 1.00 5.00 132.08
59.00 51.00 0.00 4.00 183.72
6.00 57.00 0.00 4.00 110.25
59.00 32.00 1.00 4.00 156.10
49.00 50.00 1.00 4.00 156.06
25.00 56.00 1.00 1.00 52.75
59.00 19.00 1.00 3.00 45.55
54.00 58.00 1.00 4.00 37.27
53.00 58.00 0.00 3.00 67.76
51.00 25.00 0.00 1.00 76.50
12.00 31.00 0.00 2.00 98.97
50.00 39.00 0.00 4.00 187.89
55.00 35.00 0.00 5.00 92.97
30.00 24.00 0.00 5.00 99.75
56.00 3.00 1.00 4.00 89.52
57.00 51.00 1.00 5.00 87.79
26.00 40.00 0.00 4.00 58.06
56.00 28.00 0.00 5.00 168.59
51.00 59.00 0.00 1.00 94.56
59.00 4.00 1.00 2.00 53.76
17.00 36.00 1.00 5.00 149.25
56.00 50.00 0.00 4.00 33.57
57.00 12.00 0.00 3.00 73.64
35.00 59.00 0.00 1.00 38.15
2.00 59.00 0.00 3.00 178.81
35.00 56.00 1.00 3.00 74.42
57.00 22.00 0.00 1.00 137.87
29.00 58.00 1.00 4.00 173.91
57.00 12.00 0.00 3.00 155.06
56.00 28.00 1.00 1.00 83.43
52.00 32.00 0.00 5.00 179.92
21.00 59.00 0.00 3.00 41.97
16.00 38.00 1.00 5.00 108.45
11.00 59.00 1.00 3.00 133.92
50.00 10.00 0.00 3.00 67.96
36.00 53.00 0.00 2.00 172.49
50.00 27.00 0.00 5.00 187.97
47.00 10.00 0.00 2.00 122.59
28.00 45.00 1.00 1.00 52.82
53.00 43.00 1.00 4.00 52.83
22.00 11.00 0.00 2.00 120.18
51.00 43.00 0.00 5.00 195.86
55.00 14.00 0.00 4.00 174.18
56.00 51.00 0.00 1.00 148.15
17.00 50.00 0.00 2.00 183.56
34.00 59.00 0.00 5.00 102.66
10.00 53.00 0.00 3.00 153.52
51.00 49.00 0.00 1.00 89.69
46.00 51.00 0.00 1.00 52.68
31.00 26.00 0.00 5.00 81.76
50.00 55.00 1.00 5.00 85.56
11.00 55.00 0.00 3.00 127.45
55.00 10.00 1.00 4.00 89.94
54.00 29.00 0.00 4.00 188.22
59.00 4.00 1.00 4.00 158.96
26.00 50.00 0.00 3.00 117.39
1.00 18.00 0.00 4.00 153.59
51.00 58.00 0.00 1.00 195.90
40.00 18.00 0.00 1.00 192.74
54.00 8.00 0.00 2.00 73.39
22.00 36.00 0.00 1.00 149.07
51.00 8.00 0.00 2.00 171.55
54.00 56.00 1.00 1.00 37.94
50.00 56.00 1.00 3.00 78.96
57.00 27.00 1.00 4.00 142.98
29.00 52.00 1.00 4.00 164.00
7.00 38.00 0.00 2.00 189.06
54.00 46.00 0.00 1.00 177.80
56.00 54.00 1.00 4.00 172.71
9.00 58.00 0.00 3.00 89.53
55.00 50.00 0.00 2.00 67.72
51.00 40.00 1.00 5.00 55.86
21.00 48.00 0.00 5.00 88.42
50.00 57.00 1.00 4.00 153.64
49.00 53.00 0.00 1.00 55.79
13.00 22.00 1.00 5.00 73.15
29.00 50.00 1.00 4.00 85.92
56.00 1.00 1.00 3.00 178.53
50.00 59.00 0.00 1.00 183.82
53.00 0.00 0.00 4.00 91.05
53.00 56.00 1.00 1.00 143.68
24.00 57.00 0.00 4.00 135.66
5.00 56.00 0.00 5.00 99.10
53.00 12.00 1.00 4.00 173.75
52.00 59.00 1.00 3.00 166.53
55.00 51.00 0.00 2.00 132.23
11.00 56.00 1.00 5.00 87.97
57.00 24.00 0.00 1.00 134.84
54.00 56.00 0.00 5.00 102.67
59.00 38.00 0.00 2.00 79.72
52.00 56.00 0.00 1.00 54.21
51.00 56.00 1.00 1.00 63.89
53.00 27.00 0.00 1.00 105.29
21.00 59.00 0.00 5.00 45.86
59.00 33.00 0.00 4.00 34.82
43.00 53.00 0.00 5.00 51.80
50.00 58.00 1.00 2.00 148.50
45.00 53.00 0.00 3.00 43.12
52.00 57.00 1.00 1.00 144.20
50.00 56.00 1.00 1.00 158.57
38.00 53.00 0.00 4.00 80.78
49.00 54.00 1.00 2.00 142.82
13.00 54.00 1.00 3.00 164.93
52.00 32.00 0.00 3.00 115.20
54.00 8.00 0.00 2.00 31.47
39.00 48.00 1.00 3.00 76.93
51.00 58.00 0.00 2.00 45.94
12.00 59.00 1.00 4.00 75.05
39.00 54.00 1.00 5.00 157.60
3.00 39.00 1.00 5.00 50.70
50.00 0.00 0.00 2.00 85.99
20.00 39.00 0.00 1.00 43.33
4.00 51.00 1.00 1.00 50.62
56.00 7.00 0.00 1.00 166.63
0.00 23.00 1.00 3.00 126.90
20.00 42.00 0.00 5.00 144.50
32.00 54.00 1.00 3.00 150.14
55.00 6.00 0.00 3.00 173.71
53.00 56.00 1.00 2.00 70.25
56.00 28.00 1.00 4.00 186.77
48.00 38.00 0.00 3.00 198.88
37.00 5.00 0.00 1.00 171.85
30.00 1.00 0.00 5.00 157.08
51.00 39.00 0.00 1.00 30.64
8.00 28.00 1.00 5.00 191.27
51.00 56.00 1.00 2.00 95.55
51.00 59.00 1.00 4.00 97.86
57.00 39.00 0.00 5.00 106.67
37.00 42.00 1.00 4.00 162.30
55.00 54.00 0.00 4.00 183.08
21.00 6.00 0.00 1.00 144.38
20.00 58.00 0.00 1.00 162.65
44.00 50.00 1.00 1.00 41.79
15.00 53.00 0.00 4.00 83.17
52.00 59.00 1.00 2.00 38.07
6.00 58.00 0.00 1.00 164.48
57.00 2.00 0.00 4.00 165.18
53.00 55.00 0.00 3.00 172.52
39.00 54.00 1.00 1.00 60.13
9.00 58.00 0.00 4.00 195.93
17.00 9.00 0.00 2.00 168.09
54.00 58.00 1.00 3.00 76.54
12.00 52.00 1.00 4.00 46.67
53.00 33.00 0.00 4.00 73.72
16.00 59.00 1.00 2.00 33.93
38.00 16.00 1.00 2.00 111.88
54.00 39.00 1.00 1.00 178.31
53.00 59.00 1.00 2.00 194.19
58.00 51.00 1.00 3.00 100.86
56.00 50.00 0.00 5.00 86.06
55.00 18.00 0.00 3.00 78.83
36.00 5.00 1.00 1.00 89.99
58.00 46.00 1.00 4.00 102.28
57.00 20.00 0.00 3.00 89.66
50.00 59.00 0.00 3.00 120.19
18.00 56.00 1.00 1.00 111.16
51.00 57.00 1.00 4.00 126.65
8.00 51.00 1.00 1.00 30.04
50.00 56.00 0.00 4.00 132.01
25.00 54.00 0.00 5.00 67.01
47.00 50.00 0.00 5.00 95.26
36.00 42.00 0.00 2.00 84.14
42.00 51.00 1.00 5.00 183.03
30.00 54.00 1.00 5.00 138.39
56.00 54.00 1.00 4.00 113.62
12.00 50.00 0.00 5.00 150.64
47.00 8.00 0.00 2.00 74.13
52.00 46.00 1.00 3.00 70.21
23.00 26.00 0.00 2.00 146.24
5.00 30.00 1.00 2.00 30.06
11.00 30.00 0.00 2.00 115.18
0.00 54.00 1.00 5.00 186.59
55.00 21.00 1.00 5.00 96.01
57.00 50.00 0.00 3.00 64.03
58.00 54.00 0.00 1.00 134.86
2.00 45.00 1.00 3.00 105.81
54.00 42.00 1.00 4.00 100.66
52.00 55.00 0.00 2.00 60.97
52.00 57.00 1.00 1.00 163.57
58.00 37.00 0.00 3.00 194.57
56.00 1.00 1.00 3.00 76.37
53.00 34.00 1.00 2.00 65.99
58.00 30.00 0.00 2.00 96.13
33.00 45.00 0.00 5.00 150.10
17.00 2.00 0.00 4.00 178.19
35.00 58.00 0.00 4.00 114.52
58.00 8.00 0.00 1.00 186.12
57.00 35.00 1.00 2.00 36.71
58.00 31.00 0.00 3.00 190.75
27.00 19.00 1.00 1.00 57.87
50.00 55.00 0.00 5.00 131.33
5.00 56.00 1.00 4.00 120.55
38.00 11.00 1.00 3.00 124.90
42.00 18.00 0.00 2.00 121.87
52.00 58.00 0.00 5.00 177.20
20.00 26.00 1.00 1.00 104.09
59.00 50.00 1.00 1.00 157.82
54.00 56.00 1.00 5.00 170.83
6.00 56.00 0.00 4.00 80.70
13.00 59.00 1.00 4.00 128.66
55.00 8.00 0.00 3.00 188.24
51.00 55.00 1.00 1.00 194.27
17.00 7.00 1.00 3.00 117.05
24.00 49.00 1.00 4.00 32.11
57.00 54.00 0.00 4.00 181.76
56.00 38.00 1.00 3.00 86.59
4.00 51.00 1.00 3.00 88.32
20.00 48.00 0.00 2.00 42.41
5.00 18.00 0.00 1.00 109.55
32.00 12.00 1.00 4.00 115.34
1.00 56.00 1.00 1.00 109.37
58.00 54.00 0.00 4.00 99.86
54.00 33.00 1.00 4.00 144.57
54.00 55.00 1.00 5.00 158.71
30.00 54.00 1.00 1.00 186.35
51.00 59.00 1.00 4.00 143.45
20.00 33.00 1.00 3.00 194.58
53.00 55.00 0.00 2.00 160.14
17.00 50.00 1.00 4.00 34.67
56.00 12.00 1.00 5.00 150.92
52.00 42.00 0.00 3.00 36.73
36.00 57.00 0.00 4.00 60.81
54.00 56.00 0.00 4.00 130.62
53.00 56.00 1.00 5.00 40.25
56.00 19.00 0.00 4.00 93.43
25.00 51.00 1.00 4.00 88.78
0.00 43.00 1.00 3.00 38.74
52.00 26.00 0.00 4.00 32.38
34.00 23.00 0.00 4.00 47.19
33.00 59.00 1.00 5.00 68.59
50.00 7.00 0.00 5.00 156.91
52.00 56.00 0.00 5.00 190.60
57.00 52.00 0.00 3.00 32.54
26.00 55.00 1.00 3.00 118.08
56.00 19.00 0.00 4.00 132.32
29.00 51.00 0.00 1.00 31.03
11.00 40.00 1.00 2.00 141.55
1.00 17.00 0.00 5.00 90.96
24.00 53.00 1.00 1.00 126.19
1.00 17.00 1.00 5.00 164.75
19.00 55.00 1.00 2.00 38.29
42.00 3.00 0.00 2.00 85.96
58.00 12.00 1.00 5.00 159.54
16.00 38.00 0.00 4.00 46.09
53.00 59.00 1.00 5.00 168.38
59.00 6.00 1.00 2.00 168.98
54.00 58.00 0.00 2.00 83.91
31.00 57.00 1.00 4.00 60.49
30.00 52.00 1.00 4.00 76.54
56.00 54.00 0.00 5.00 86.69
48.00 1.00 1.00 5.00 82.94
45.00 34.00 1.00 4.00 141.20
11.00 47.00 0.00 3.00 176.94
41.00 29.00 0.00 3.00 128.96
53.00 58.00 1.00 2.00 54.02
15.00 10.00 0.00 1.00 183.70
30.00 33.00 1.00 1.00 199.51
3.00 50.00 0.00 1.00 101.10
2.00 46.00 0.00 1.00 167.10
16.00 2.00 1.00 1.00 70.23
24.00 3.00 0.00 2.00 44.93
22.00 42.00 0.00 4.00 95.69
50.00 55.00 0.00 2.00 144.61
29.00 41.00 0.00 1.00 124.34
27.00 55.00 1.00 3.00 92.41
6.00 59.00 1.00 3.00 55.43
58.00 28.00 1.00 3.00 72.01
3.00 52.00 1.00 4.00 106.28
50.00 57.00 1.00 5.00 70.17
57.00 15.00 1.00 5.00 192.53
52.00 36.00 0.00 1.00 178.59
54.00 16.00 1.00 3.00 183.60
45.00 33.00 0.00 1.00 126.54
56.00 54.00 0.00 2.00 153.69
39.00 58.00 1.00 1.00 54.28
48.00 54.00 1.00 1.00 170.19
20.00 55.00 1.00 3.00 60.43
42.00 52.00 0.00 2.00 189.88
54.00 57.00 0.00 1.00 148.82
46.00 2.00 0.00 4.00 147.05
8.00 51.00 1.00 2.00 163.87
9.00 44.00 0.00 1.00 71.70
51.00 6.00 0.00 3.00 180.28
50.00 58.00 0.00 2.00 67.00
53.00 12.00 1.00 3.00 184.14
42.00 6.00 0.00 2.00 88.57
59.00 5.00 0.00 2.00 190.75
50.00 56.00 1.00 3.00 76.34
55.00 53.00 1.00 3.00 183.69
43.00 4.00 1.00 3.00 55.72
53.00 57.00 1.00 5.00 136.45
59.00 25.00 1.00 5.00 86.26
55.00 33.00 0.00 1.00 59.02
52.00 59.00 0.00 4.00 48.64
58.00 25.00 1.00 3.00 132.67
51.00 33.00 1.00 3.00 82.42
58.00 19.00 1.00 1.00 164.65
40.00 26.00 1.00 4.00 96.00
51.00 31.00 1.00 2.00 187.19
51.00 58.00 1.00 5.00 45.16
50.00 59.00 1.00 2.00 46.38
4.00 49.00 0.00 1.00 94.67
12.00 17.00 1.00 4.00 168.67
12.00 53.00 0.00 3.00 92.92
36.00 22.00 1.00 1.00 69.67
37.00 57.00 1.00 5.00 63.09
52.00 59.00 1.00 5.00 150.93
42.00 22.00 0.00 5.00 109.74
15.00 33.00 0.00 3.00 180.47
50.00 34.00 1.00 5.00 73.70
18.00 36.00 0.00 4.00 183.08
8.00 57.00 0.00 5.00 195.93
17.00 50.00 0.00 4.00 196.08
9.00 52.00 0.00 3.00 57.33
52.00 4.00 0.00 4.00 181.45
52.00 8.00 0.00 2.00 132.18
57.00 17.00 1.00 4.00 167.08
3.00 27.00 0.00 3.00 171.60
