31.00 27.00 1.00 5.00 134.49
55.00 53.00 0.00 4.00 99.88
27.00 41.00 0.00 1.00 55.25
11.00 31.00 0.00 1.00 126.65
52.00 56.00 0.00 2.00 179.54
52.00 56.00 0.00 3.00 156.31
50.00 49.00 1.00 5.00 152.94
10.00 58.00 0.00 2.00 124.53
56.00 19.00 0.00 3.00 102.75
58.00 50.00 0.00 5.00 95.12
20.00 29.00 0.00 3.00 169.53
54.00 59.00 1.00 4.00 145.50
59.00 45.00 0.00 5.00 167.10
54.00 43.00 0.00 3.00 128.19
57.00 54.00 0.00 1.00 112.09
56.00 53.00 1.00 2.00 198.06
6.00 56.00 0.00 4.00 198.33
47.00 35.00 0.00 3.00 72.25
52.00 56.00 1.00 5.00 74.02
56.00 22.00 0.00 1.00 44.15
11.00 19.00 0.00 3.00 115.99
35.00 53.00 0.00 4.00 33.97
53.00 57.00 0.00 4.00 148.95
35.00 50.00 1.00 4.00 48.87
48.00 59.00 1.00 2.00 180.68
26.00 2.00 0.00 4.00 152.59
53.00 4.00 0.00 5.00 176.53
55.00 52.00 0.00 5.00 124.13
25.00 27.00 0.00 3.00 131.23
52.00 59.00 1.00 2.00 138.71
56.00 16.00 1.00 4.00 151.84
58.00 36.00 0.00 4.00 49.80
54.00 59.00 1.00 2.00 120.99
56.00 13.00 0.00 5.00 95.45
54.00 35.00 1.00 2.00 178.51
4.00 50.00 0.00 1.00 169.03
52.00 41.00 1.00 2.00 142.56
52.00 58.00 0.00 3.00 174.51
50.00 26.00 0.00 4.00 177.35
48.00 12.00 0.00 2.00 162.52
34.00 44.00 0.00 1.00 117.72
19.00 30.00 0.00 1.00 47.31
29.00 11.00 0.00 4.00 56.51
59.00 24.00 1.00 5.00 168.26
35.00 23.00 1.00 2.00 60.28
30.00 23.00 1.00 3.00 41.28
52.00 48.00 1.00 5.00 127.76
58.00 54.00 1.00 4.00 108.60
49.00 13.00 1.00 5.00 110.93
38.00 21.00 0.00 2.00 126.73
58.00 27.00 1.00 1.00 123.42
2.00 52.00 1.00 2.00 185.30
42.00 52.00 0.00 2.00 95.48
55.00 50.00 1.00 5.00 96.16
52.00 48.00 0.00 1.00 194.46
56.00 50.00 0.00 3.00 84.65
54.00 28.00 0.00 4.00 139.15
54.00 57.00 1.00 1.00 189.97
53.00 55.00 1.00 4.00 39.33
57.00 1.00 1.00 1.00 44.89
52.00 34.00 0.00 2.00 30.82
56.00 50.00 0.00 3.00 79.39
26.00 51.00 1.00 4.00 159.23
34.00 56.00 0.00 4.00 167.17
29.00 42.00 0.00 5.00 127.06
59.00 8.00 0.00 2.00 175.20
30.00 51.00 0.00 1.00 125.05
14.00 33.00 1.00 2.00 50.32
1.00 51.00 0.00 3.00 36.08
55.00 51.00 1.00 5.00 181.27
45.00 51.00 1.00 4.00 82.33
54.00 56.00 0.00 5.00 70.46
56.00 6.00 0.00 4.00 173.77
28.00 56.00 1.00 3.00 86.14
37.00 23.00 0.00 1.00 98.93
57.00 0.00 0.00 3.00 37.58
4.00 53.00 1.00 3.00 90.37
54.00 8.00 1.00 1.00 83.34
1.00 56.00 0.00 2.00 164.36
15.00 59.00 1.00 2.00 113.36
33.00 16.00 0.00 4.00 106.90
45.00 26.00 1.00 4.00 52.17
52.00 43.00 1.00 3.00 110.87
53.00 12.00 0.00 4.00 51.48
59.00 51.00 1.00 3.00 73.80
30.00 50.00 1.00 1.00 124.02
57.00 28.00 1.00 1.00 133.65
18.00 34.00 1.00 3.00 101.87
50.00 4.00 1.00 4.00 30.08
57.00 21.00 1.00 4.00 129.83
54.00 30.00 1.00 1.00 156.86
12.00 53.00 1.00 4.00 44.52
55.00 33.00 1.00 4.00 105.19
52.00 3.00 1.00 4.00 52.21
29.00 46.00 1.00 2.00 158.68
25.00 57.00 1.00 3.00 197.15
13.00 54.00 1.00 2.00 161.74
59.00 0.00 0.00 5.00 144.46
27.00 57.00 0.00 2.00 78.71
57.00 51.00 0.00 2.00 67.03
56.00 51.00 0.00 5.00 198.34
40.00 10.00 0.00 1.00 159.79
46.00 13.00 1.00 4.00 175.03
47.00 53.00 1.00 1.00 69.34
54.00 37.00 1.00 4.00 46.12
14.00 38.00 1.00 5.00 136.09
10.00 55.00 0.00 2.00 142.75
57.00 54.00 1.00 2.00 120.66
55.00 27.00 0.00 2.00 43.52
2.00 52.00 1.00 4.00 67.91
59.00 50.00 1.00 3.00 159.49
32.00 52.00 1.00 2.00 165.88
55.00 4.00 0.00 3.00 187.27
40.00 7.00 0.00 1.00 183.65
57.00 8.00 1.00 4.00 175.26
57.00 1.00 0.00 1.00 128.31
54.00 34.00 0.00 3.00 60.94
56.00 51.00 0.00 3.00 143.23
53.00 57.00 1.00 3.00 113.55
14.00 27.00 1.00 2.00 49.45
14.00 5.00 1.00 2.00 67.26
56.00 17.00 0.00 4.00 75.22
51.00 57.00 0.00 1.00 194.23
55.00 4.00 1.00 3.00 56.40
16.00 36.00 0.00 1.00 121.79
6.00 56.00 1.00 5.00 179.41
41.00 39.00 1.00 3.00 136.44
58.00 52.00 0.00 5.00 135.04
32.00 2.00 0.00 5.00 169.25
57.00 33.00 0.00 5.00 76.89
24.00 43.00 1.00 3.00 116.74
28.00 4.00 0.00 4.00 180.18
57.00 29.00 0.00 1.00 173.76
52.00 36.00 1.00 4.00 35.17
41.00 22.00 0.00 5.00 78.28
30.00 59.00 0.00 4.00 117.94
58.00 9.00 1.00 5.00 160.35
46.00 10.00 0.00 4.00 85.98
6.00 55.00 0.00 1.00 97.52
32.00 53.00 1.00 5.00 165.50
55.00 54.00 0.00 5.00 147.90
18.00 32.00 1.00 3.00 83.50
32.00 3.00 0.00 3.00 160.49
5.00 52.00 0.00 2.00 90.73
30.00 59.00 1.00 4.00 179.65
26.00 59.00 1.00 1.00 130.92
53.00 33.00 1.00 2.00 83.80
50.00 59.00 0.00 3.00 108.16
57.00 39.00 1.00 5.00 156.08
48.00 51.00 1.00 5.00 91.56
58.00 54.00 0.00 5.00 90.12
25.00 38.00 0.00 5.00 99.74
5.00 55.00 0.00 3.00 192.77
3.00 53.00 0.00 1.00 71.48
35.00 55.00 0.00 2.00 44.09
55.00 20.00 0.00 4.00 41.82
50.00 57.00 1.00 5.00 37.99
31.00 58.00 1.00 5.00 143.71
52.00 56.00 0.00 2.00 82.72
21.00 56.00 1.00 4.00 92.98
6.00 49.00 0.00 3.00 101.77
28.00 57.00 1.00 2.00 177.68
21.00 58.00 0.00 1.00 192.34
59.00 21.00 0.00 4.00 108.45
31.00 59.00 1.00 4.00 105.13
56.00 54.00 1.00 4.00 143.64
36.00 40.00 1.00 5.00 149.57
54.00 30.00 1.00 4.00 132.72
11.00 27.00 1.00 1.00 169.98
53.00 58.00 1.00 2.00 144.45
53.00 4.00 0.00 2.00 127.29
54.00 56.00 0.00 4.00 142.57
11.00 43.00 1.00 2.00 116.79
10.00 39.00 1.00 4.00 178.39
8.00 47.00 1.00 1.00 62.30
24.00 53.00 0.00 3.00 62.24
51.00 40.00 1.00 2.00 52.88
58.00 51.00 0.00 2.00 167.02
22.00 58.00 0.00 1.00 116.51
36.00 53.00 0.00 5.00 108.82
25.00 54.00 1.00 5.00 186.93
34.00 50.00 1.00 2.00 41.77
11.00 58.00 1.00 4.00 91.56
28.00 52.00 1.00 3.00 72.88
26.00 49.00 1.00 1.00 192.15
27.00 9.00 1.00 1.00 155.19
37.00 52.00 0.00 5.00 44.96
35.00 41.00 0.00 2.00 47.94
36.00 56.00 0.00 5.00 172.49
55.00 14.00 0.00 3.00 163.80
2.00 55.00 1.00 4.00 39.62
58.00 53.00 0.00 1.00 165.09
55.00 52.00 1.00 2.00 173.96
50.00 59.00 0.00 2.00 94.07
15.00 26.00 0.00 4.00 113.82
6.00 51.00 1.00 5.00 31.46
49.00 51.00 0.00 4.00 184.66
59.00 18.00 1.00 3.00 114.42
23.00 57.00 1.00 2.00 106.34
52.00 0.00 0.00 4.00 38.20
58.00 23.00 1.00 1.00 39.04
46.00 10.00 1.00 2.00 110.84
24.00 32.00 1.00 5.00 179.11
32.00 5.00 0.00 5.00 151.28
51.00 56.00 1.00 2.00 134.04
11.00 53.00 0.00 4.00 77.64
0.00 47.00 0.00 3.00 86.09
52.00 57.00 0.00 3.00 192.60
21.00 29.00 1.00 5.00 183.76
50.00 48.00 0.00 1.00 195.01
54.00 56.00 0.00 3.00 119.96
58.00 45.00 0.00 2.00 53.85
47.00 0.00 1.00 5.00 48.44
37.00 56.00 1.00 2.00 129.69
57.00 51.00 1.00 4.00 141.89
53.00 57.00 1.00 2.00 178.00
10.00 51.00 0.00 3.00 120.64
54.00 0.00 0.00 1.00 170.91
55.00 54.00 0.00 4.00 113.56
55.00 50.00 1.00 3.00 86.16
15.00 28.00 1.00 1.00 151.85
13.00 54.00 0.00 2.00 157.47
19.00 58.00 0.00 5.00 177.35
52.00 42.00 1.00 5.00 198.17
27.00 56.00 0.00 5.00 133.85
46.00 58.00 1.00 3.00 39.58
53.00 59.00 0.00 4.00 169.84
3.00 29.00 0.00 5.00 177.43
59.00 52.00 0.00 4.00 91.91
36.00 52.00 1.00 2.00 184.77
55.00 54.00 0.00 3.00 71.97
22.00 34.00 0.00 3.00 150.19
52.00 59.00 1.00 2.00 52.55
31.00 10.00 1.00 2.00 186.72
17.00 58.00 0.00 2.00 181.42
51.00 29.00 0.00 3.00 72.94
53.00 59.00 0.00 3.00 150.35
38.00 57.00 1.00 5.00 54.27
51.00 59.00 1.00 5.00 185.70
33.00 55.00 1.00 4.00 40.65
7.00 58.00 1.00 1.00 78.86
6.00 57.00 1.00 3.00 83.64
55.00 26.00 1.00 3.00 76.48
55.00 1.00 0.00 2.00 55.26
58.00 50.00 0.00 5.00 95.30
48.00 54.00 1.00 4.00 151.31
42.00 53.00 0.00 5.00 34.05
58.00 54.00 0.00 4.00 128.76
42.00 54.00 1.00 3.00 134.19
56.00 54.00 1.00 1.00 162.98
53.00 3.00 0.00 4.00 111.95
10.00 56.00 1.00 2.00 108.02
52.00 15.00 0.00 3.00 136.66
45.00 58.00 0.00 3.00 119.19
53.00 59.00 0.00 5.00 93.82
53.00 3.00 1.00 2.00 54.66
32.00 54.00 1.00 1.00 56.46
52.00 47.00 1.00 2.00 50.44
52.00 55.00 1.00 3.00 97.31
33.00 57.00 0.00 2.00 36.84
19.00 41.00 1.00 2.00 180.33
54.00 12.00 1.00 2.00 130.12
9.00 30.00 1.00 5.00 59.95
53.00 56.00 1.00 3.00 106.29
31.00 51.00 0.00 5.00 176.72
13.00 57.00 1.00 1.00 155.76
26.00 56.00 1.00 5.00 91.32
31.00 39.00 0.00 2.00 118.42
17.00 33.00 1.00 5.00 36.08
12.00 57.00 1.00 2.00 31.44
15.00 38.00 1.00 1.00 166.04
45.00 58.00 1.00 4.00 145.61
50.00 48.00 1.00 5.00 111.49
58.00 52.00 0.00 3.00 37.81
3.00 15.00 0.00 4.00 91.61
30.00 57.00 1.00 1.00 171.79
53.00 24.00 0.00 3.00 102.75
58.00 52.00 0.00 3.00 181.97
49.00 51.00 1.00 1.00 151.04
52.00 57.00 0.00 2.00 178.44
36.00 54.00 0.00 3.00 65.67
13.00 56.00 0.00 3.00 138.42
47.00 11.00 0.00 3.00 116.51
52.00 42.00 0.00 3.00 122.85
2.00 28.00 1.00 5.00 166.20
58.00 51.00 1.00 4.00 143.29
23.00 58.00 0.00 2.00 113.10
58.00 50.00 0.00 2.00 40.26
36.00 3.00 0.00 5.00 142.96
4.00 57.00 1.00 4.00 103.82
14.00 33.00 1.00 2.00 109.92
56.00 23.00 1.00 3.00 119.04
21.00 57.00 0.00 3.00 162.38
22.00 42.00 0.00 2.00 127.11
5.00 55.00 1.00 4.00 85.12
55.00 54.00 1.00 1.00 159.58
59.00 23.00 0.00 2.00 113.20
57.00 51.00 1.00 3.00 154.03
14.00 2.00 0.00 3.00 86.06
51.00 40.00 1.00 2.00 54.93
8.00 59.00 0.00 4.00 181.77
54.00 6.00 0.00 1.00 108.21
52.00 40.00 1.00 5.00 162.10
56.00 18.00 1.00 3.00 174.06
36.00 57.00 0.00 1.00 100.87
28.00 58.00 0.00 3.00 91.51
48.00 54.00 1.00 5.00 130.82
16.00 3.00 1.00 5.00 35.70
1.00 56.00 1.00 4.00 47.27
28.00 52.00 1.00 4.00 117.56
54.00 48.00 0.00 2.00 118.00
57.00 21.00 1.00 4.00 85.70
0.00 19.00 0.00 2.00 106.07
57.00 50.00 1.00 3.00 133.94
55.00 22.00 1.00 4.00 170.05
55.00 20.00 0.00 3.00 197.31
15.00 2.00 1.00 3.00 138.39
28.00 3.00 0.00 2.00 67.35
33.00 41.00 0.00 2.00 183.48
54.00 57.00 0.00 5.00 199.33
25.00 52.00 0.00 2.00 109.81
0.00 55.00 0.00 3.00 108.09
35.00 49.00 0.00 5.00 190.32
57.00 34.00 1.00 3.00 110.79
52.00 36.00 1.00 2.00 30.74
51.00 58.00 0.00 2.00 56.08
56.00 9.00 0.00 4.00 171.23
59.00 50.00 0.00 2.00 153.73
28.00 59.00 0.00 1.00 187.29
11.00 47.00 0.00 5.00 139.24
52.00 59.00 1.00 2.00 75.87
16.00 11.00 1.00 1.00 111.28
58.00 36.00 0.00 3.00 70.92
17.00 10.00 0.00 4.00 140.67
59.00 14.00 0.00 2.00 78.24
53.00 43.00 0.00 1.00 36.01
3.00 51.00 0.00 4.00 169.15
56.00 5.00 0.00 2.00 167.57
30.00 0.00 0.00 3.00 117.84
4.00 58.00 1.00 5.00 168.69
5.00 40.00 0.00 1.00 119.97
25.00 38.00 1.00 5.00 138.84
58.00 19.00 1.00 1.00 85.00
50.00 59.00 1.00 2.00 90.02
4.00 27.00 1.00 2.00 126.19
17.00 9.00 0.00 2.00 120.79
54.00 57.00 0.00 4.00 51.79
54.00 58.00 0.00 3.00 185.14
52.00 56.00 0.00 5.00 78.40
54.00 59.00 0.00 3.00 108.81
26.00 11.00 1.00 3.00 112.41
49.00 24.00 1.00 5.00 106.29
29.00 17.00 1.00 4.00 119.86
53.00 45.00 1.00 2.00 138.05
53.00 55.00 0.00 4.00 146.11
3.00 55.00 0.00 2.00 167.84
2.00 51.00 1.00 4.00 72.61
21.00 58.00 1.00 3.00 193.25
50.00 13.00 1.00 1.00 166.62
2.00 53.00 1.00 3.00 150.74
56.00 7.00 0.00 3.00 31.21
55.00 2.00 1.00 3.00 167.31
56.00 3.00 1.00 2.00 38.80
10.00 27.00 1.00 4.00 99.22
16.00 13.00 1.00 1.00 57.24
37.00 52.00 1.00 2.00 79.37
48.00 39.00 0.00 1.00 101.68
17.00 34.00 0.00 5.00 180.19
57.00 50.00 1.00 4.00 184.22
59.00 52.00 1.00 1.00 172.57
55.00 38.00 1.00 2.00 157.52
52.00 32.00 0.00 3.00 127.79
30.00 10.00 1.00 2.00 161.30
9.00 29.00 0.00 2.00 175.80
56.00 51.00 0.00 4.00 141.33
50.00 49.00 0.00 2.00 75.87
56.00 34.00 1.00 2.00 71.71
53.00 57.00 0.00 1.00 121.15
4.00 32.00 1.00 2.00 104.57
51.00 11.00 0.00 4.00 67.38
5.00 55.00 0.00 1.00 142.72
38.00 54.00 1.00 2.00 126.59
53.00 58.00 0.00 4.00 108.75
59.00 0.00 0.00 5.00 170.49
56.00 2.00 1.00 2.00 40.78
55.00 35.00 0.00 5.00 161.20
58.00 51.00 0.00 4.00 40.37
50.00 57.00 1.00 3.00 159.66
53.00 27.00 1.00 1.00 66.63
12.00 59.00 1.00 5.00 122.04
15.00 11.00 1.00 3.00 183.44
55.00 51.00 1.00 2.00 144.61
53.00 55.00 1.00 4.00 144.72
54.00 58.00 1.00 1.00 48.77
51.00 41.00 1.00 4.00 69.97
35.00 21.00 0.00 4.00 92.03
40.00 35.00 1.00 2.00 138.60
52.00 11.00 1.00 2.00 74.10
59.00 53.00 0.00 3.00 81.69
50.00 2.00 1.00 2.00 134.71
58.00 54.00 0.00 2.00 73.33
57.00 4.00 1.00 2.00 183.66
52.00 57.00 0.00 4.00 83.59
41.00 54.00 1.00 5.00 105.29
59.00 1.00 0.00 3.00 197.13
54.00 7.00 1.00 3.00 179.09
40.00 53.00 1.00 1.00 182.20
56.00 24.00 1.00 2.00 78.30
3.00 54.00 1.00 2.00 149.45
53.00 55.00 1.00 3.00 123.23
55.00 15.00 1.00 4.00 139.94
14.00 51.00 0.00 5.00 168.39
29.00 16.00 1.00 4.00 153.13
51.00 55.00 0.00 3.00 62.39
56.00 39.00 1.00 4.00 89.11
55.00 54.00 0.00 2.00 186.40
54.00 59.00 0.00 1.00 67.87
53.00 31.00 1.00 3.00 50.43
11.00 56.00 0.00 4.00 89.27
3.00 52.00 0.00 1.00 57.15
58.00 51.00 1.00 1.00 177.23
40.00 5.00 0.00 1.00 87.46
1.00 17.00 0.00 1.00 84.24
52.00 14.00 0.00 2.00 47.99
51.00 56.00 1.00 4.00 40.59
55.00 13.00 0.00 3.00 151.23
35.00 19.00 0.00 5.00 73.68
36.00 54.00 0.00 3.00 115.88
55.00 2.00 1.00 2.00 55.47
43.00 38.00 0.00 1.00 88.33
13.00 52.00 0.00 3.00 59.28
38.00 47.00 1.00 5.00 183.75
45.00 54.00 0.00 2.00 121.41
55.00 18.00 1.00 2.00 68.65
21.00 1.00 1.00 3.00 68.39
57.00 36.00 1.00 1.00 151.44
52.00 9.00 0.00 2.00 138.34
58.00 36.00 0.00 1.00 102.14
22.00 31.00 0.00 3.00 154.31
8.00 39.00 1.00 3.00 153.11
57.00 26.00 1.00 1.00 159.55
54.00 59.00 0.00 5.00 139.41
52.00 15.00 1.00 5.00 159.95
17.00 32.00 1.00 1.00 94.58
58.00 53.00 0.00 1.00 193.91
9.00 53.00 0.00 2.00 173.63
50.00 28.00 0.00 1.00 102.89
55.00 4.00 0.00 1.00 97.91
54.00 26.00 0.00 3.00 30.38
53.00 55.00 1.00 3.00 198.78
27.00 41.00 0.00 4.00 88.43
54.00 58.00 1.00 5.00 46.77
52.00 58.00 0.00 4.00 144.70
33.00 48.00 1.00 3.00 73.00
53.00 58.00 0.00 3.00 117.74
40.00 54.00 0.00 1.00 165.00
24.00 40.00 0.00 5.00 162.19
51.00 11.00 0.00 2.00 114.28
56.00 51.00 1.00 3.00 148.22
56.00 53.00 0.00 4.00 74.77
58.00 51.00 1.00 1.00 90.87
56.00 17.00 1.00 5.00 111.99
29.00 22.00 1.00 2.00 95.02
52.00 58.00 0.00 2.00 102.39
25.00 55.00 1.00 2.00 40.28
50.00 34.00 0.00 2.00 45.32
55.00 35.00 0.00 1.00 142.13
20.00 39.00 1.00 5.00 81.86
55.00 50.00 0.00 4.00 172.95
0.00 46.00 0.00 3.00 65.08
53.00 55.00 1.00 4.00 76.06
51.00 58.00 1.00 3.00 99.12
36.00 56.00 1.00 3.00 162.28
2.00 46.00 0.00 2.00 44.01
18.00 56.00 0.00 3.00 169.33
20.00 35.00 1.00 1.00 173.23
57.00 0.00 1.00 2.00 63.08
57.00 11.00 1.00 5.00 164.27
53.00 16.00 0.00 5.00 156.72
56.00 17.00 1.00 2.00 68.05
56.00 53.00 1.00 2.00 179.99
53.00 58.00 1.00 1.00 113.25
30.00 3.00 0.00 3.00 133.59
59.00 51.00 0.00 5.00 56.33
46.00 52.00 1.00 1.00 150.04
8.00 26.00 1.00 4.00 54.78
24.00 53.00 1.00 1.00 84.31
30.00 57.00 0.00 3.00 98.58
26.00 17.00 0.00 3.00 94.95
55.00 53.00 1.00 5.00 85.00
11.00 46.00 1.00 5.00 130.17
59.00 51.00 1.00 2.00 45.51
54.00 38.00 1.00 3.00 162.88
54.00 47.00 1.00 2.00 65.48
47.00 3.00 1.00 5.00 120.34
59.00 22.00 1.00 1.00 35.33
54.00 59.00 1.00 1.00 127.73
54.00 57.00 0.00 1.00 88.44
47.00 55.00 1.00 3.00 124.48
29.00 21.00 1.00 5.00 199.44
39.00 53.00 1.00 2.00 101.88
57.00 5.00 0.00 4.00 31.80
54.00 56.00 1.00 5.00 137.62
57.00 31.00 0.00 1.00 93.41
54.00 9.00 0.00 4.00 43.23
51.00 57.00 0.00 3.00 50.33
55.00 7.00 1.00 2.00 60.07
40.00 8.00 0.00 1.00 128.65
58.00 53.00 1.00 4.00 100.07
9.00 58.00 1.00 5.00 139.89
59.00 34.00 1.00 2.00 93.46
46.00 7.00 0.00 2.00 120.68
30.00 43.00 1.00 1.00 109.02
26.00 59.00 0.00 4.00 46.23
52.00 12.00 1.00 4.00 101.13
14.00 57.00 0.00 4.00 124.27
20.00 43.00 1.00 5.00 80.79
52.00 59.00 0.00 2.00 71.42
23.00 44.00 0.00 1.00 162.83
57.00 52.00 0.00 1.00 97.70
17.00 13.00 0.00 4.00 66.01
42.00 53.00 0.00 2.00 199.06
53.00 56.00 1.00 1.00 158.29
44.00 51.00 0.00 4.00 91.74
59.00 25.00 1.00 5.00 169.28
0.00 41.00 1.00 4.00 145.20
45.00 29.00 1.00 3.00 70.61
55.00 52.00 1.00 3.00 31.49
48.00 59.00 1.00 3.00 65.21
54.00 57.00 1.00 4.00 48.18
58.00 50.00 0.00 4.00 53.19
56.00 36.00 1.00 5.00 137.45
13.00 21.00 1.00 1.00 126.74
55.00 9.00 0.00 3.00 182.75
11.00 56.00 0.00 3.00 161.48
50.00 58.00 0.00 4.00 74.37
39.00 58.00 1.00 2.00 103.08
45.00 58.00 1.00 1.00 123.74
52.00 58.00 0.00 1.00 40.25
15.00 34.00 0.00 3.00 89.20
52.00 59.00 0.00 1.00 140.43
59.00 54.00 1.00 1.00 159.28
51.00 58.00 0.00 3.00 70.09
55.00 50.00 1.00 2.00 63.46
47.00 1.00 0.00 5.00 114.09
54.00 56.00 0.00 4.00 40.09
59.00 8.00 1.00 3.00 80.67
53.00 8.00 0.00 3.00 114.42
14.00 53.00 1.00 1.00 79.08
51.00 9.00 1.00 5.00 112.69
56.00 51.00 0.00 5.00 32.05
59.00 10.00 1.00 2.00 139.44
56.00 53.00 0.00 1.00 134.96
0.00 55.00 1.00 1.00 72.62
4.00 57.00 0.00 5.00 196.07
24.00 39.00 0.00 2.00 97.46
55.00 3.00 1.00 4.00 41.23
3.00 27.00 1.00 1.00 100.18
10.00 41.00 0.00 5.00 107.79
53.00 12.00 1.00 1.00 151.66
55.00 8.00 1.00 4.00 183.54
55.00 26.00 0.00 3.00 178.22
53.00 58.00 1.00 5.00 129.46
37.00 50.00 0.00 1.00 159.22
15.00 57.00 0.00 2.00 66.82
53.00 56.00 0.00 2.00 76.08
53.00 58.00 1.00 2.00 154.23
57.00 54.00 0.00 5.00 150.06
55.00 1.00 0.00 1.00 76.89
5.00 56.00 0.00 5.00 159.75
55.00 50.00 1.00 3.00 87.94
53.00 49.00 1.00 5.00 53.16
50.00 59.00 1.00 1.00 123.44
47.00 38.00 1.00 5.00 91.07
18.00 24.00 1.00 1.00 145.78
28.00 57.00 0.00 5.00 99.73
8.00 18.00 1.00 1.00 54.33
52.00 59.00 1.00 5.00 165.12
55.00 51.00 0.00 2.00 32.60
14.00 58.00 0.00 3.00 192.70
57.00 54.00 0.00 1.00 156.72
18.00 30.00 1.00 4.00 62.57
11.00 55.00 0.00 4.00 32.07
21.00 0.00 1.00 4.00 139.91
50.00 31.00 0.00 2.00 198.47
51.00 55.00 0.00 5.00 37.30
21.00 56.00 1.00 5.00 30.89
18.00 55.00 1.00 3.00 192.31
58.00 9.00 1.00 5.00 120.08
51.00 56.00 0.00 2.00 37.02
57.00 19.00 0.00 4.00 199.53
56.00 52.00 0.00 2.00 39.75
55.00 51.00 1.00 5.00 115.40
25.00 23.00 0.00 1.00 125.43
7.00 19.00 1.00 5.00 139.17
3.00 23.00 0.00 1.00 193.27
51.00 49.00 0.00 3.00 107.06
54.00 59.00 1.00 2.00 124.52
55.00 52.00 1.00 5.00 32.62
52.00 44.00 1.00 2.00 192.62
50.00 48.00 1.00 3.00 104.91
51.00 56.00 0.00 1.00 135.06
57.00 33.00 0.00 2.00 193.08
50.00 36.00 0.00 3.00 40.46
55.00 39.00 1.00 2.00 95.76
56.00 23.00 1.00 2.00 53.12
3.00 44.00 0.00 4.00 126.56
0.00 40.00 0.00 5.00 78.80
41.00 27.00 0.00 1.00 195.37
55.00 5.00 0.00 3.00 192.84
2.00 20.00 1.00 1.00 192.90
29.00 20.00 0.00 3.00 118.98
59.00 51.00 0.00 5.00 31.10
57.00 5.00 0.00 3.00 84.51
54.00 41.00 1.00 4.00 37.34
55.00 53.00 0.00 4.00 108.27
2.00 54.00 0.00 3.00 37.40
50.00 55.00 0.00 3.00 135.90
54.00 57.00 0.00 4.00 109.56
6.00 51.00 0.00 5.00 160.26
11.00 51.00 0.00 5.00 57.51
55.00 6.00 1.00 5.00 109.24
12.00 45.00 0.00 3.00 122.29
37.00 52.00 0.00 2.00 89.57
36.00 43.00 0.00 3.00 127.37
58.00 27.00 1.00 2.00 199.64
41.00 34.00 0.00 4.00 49.77
29.00 50.00 0.00 5.00 129.06
5.00 54.00 1.00 1.00 147.68
56.00 14.00 1.00 1.00 116.65
6.00 56.00 1.00 3.00 145.72
42.00 20.00 1.00 5.00 127.43
44.00 9.00 0.00 2.00 119.49
7.00 21.00 1.00 4.00 179.40
52.00 57.00 1.00 5.00 48.58
59.00 4.00 1.00 2.00 175.54
3.00 18.00 1.00 5.00 150.50
47.00 27.00 0.00 3.00 87.42
59.00 53.00 0.00 2.00 47.82
57.00 6.00 0.00 1.00 88.24
25.00 40.00 1.00 2.00 37.02
33.00 11.00 0.00 4.00 80.37
56.00 53.00 0.00 2.00 109.14
56.00 53.00 0.00 1.00 100.98
58.00 50.00 1.00 3.00 176.94
1.00 29.00 0.00 2.00 150.68
52.00 58.00 1.00 4.00 71.95
53.00 45.00 0.00 1.00 103.81
48.00 59.00 0.00 4.00 152.64
58.00 53.00 1.00 5.00 159.20
34.00 15.00 1.00 2.00 147.26
9.00 56.00 1.00 5.00 147.50
7.00 17.00 0.00 1.00 155.04
9.00 52.00 0.00 3.00 71.63
52.00 55.00 0.00 2.00 138.99
54.00 9.00 0.00 3.00 132.18
3.00 36.00 0.00 4.00 86.70
58.00 23.00 1.00 1.00 56.78
57.00 51.00 0.00 5.00 48.92
51.00 57.00 1.00 2.00 31.95
56.00 51.00 0.00 5.00 80.23
30.00 57.00 0.00 4.00 39.15
57.00 51.00 0.00 5.00 45.66
51.00 41.00 1.00 3.00 110.71
55.00 54.00 1.00 3.00 145.62
22.00 3.00 0.00 4.00 131.26
23.00 57.00 1.00 5.00 175.11
55.00 35.00 0.00 5.00 35.24
0.00 31.00 1.00 4.00 152.45
51.00 47.00 1.00 3.00 84.63
42.00 27.00 0.00 1.00 32.55
58.00 50.00 0.00 4.00 104.54
44.00 22.00 1.00 4.00 87.32
35.00 51.00 1.00 3.00 81.39
54.00 57.00 1.00 1.00 64.73
58.00 27.00 1.00 3.00 177.93
52.00 42.00 1.00 1.00 98.72
7.00 51.00 0.00 4.00 57.10
53.00 39.00 0.00 1.00 42.43
43.00 10.00 1.00 5.00 55.34
54.00 57.00 0.00 1.00 85.02
58.00 19.00 1.00 2.00 124.73
38.00 53.00 0.00 3.00 78.48
50.00 40.00 1.00 2.00 171.71
47.00 51.00 0.00 1.00 35.18
52.00 12.00 1.00 2.00 58.56
4.00 45.00 0.00 4.00 103.06
10.00 57.00 0.00 4.00 75.84
14.00 59.00 0.00 5.00 140.13
36.00 59.00 1.00 5.00 171.16
29.00 51.00 1.00 3.00 104.33
3.00 50.00 1.00 5.00 104.21
54.00 46.00 0.00 4.00 102.76
56.00 16.00 1.00 4.00 198.60
50.00 58.00 1.00 5.00 101.62
12.00 53.00 0.00 1.00 87.29
58.00 54.00 0.00 1.00 197.55
51.00 57.00 1.00 4.00 124.36
42.00 54.00 1.00 3.00 104.27
2.00 30.00 0.00 4.00 184.46
17.00 24.00 1.00 3.00 83.24
56.00 6.00 0.00 2.00 76.44
26.00 24.00 0.00 2.00 72.34
54.00 56.00 0.00 2.00 89.25
43.00 8.00 0.00 5.00 175.65
35.00 50.00 1.00 2.00 63.39
2.00 56.00 0.00 5.00 50.76
36.00 22.00 1.00 3.00 54.34
33.00 55.00 0.00 4.00 38.19
30.00 9.00 0.00 1.00 144.62
59.00 50.00 1.00 2.00 144.93
10.00 28.00 1.00 5.00 115.56
54.00 56.00 1.00 1.00 189.30
1.00 52.00 0.00 2.00 197.81
39.00 49.00 1.00 5.00 149.18
34.00 58.00 0.00 1.00 72.31
51.00 59.00 1.00 5.00 100.10
45.00 51.00 0.00 2.00 75.95
30.00 59.00 0.00 4.00 123.97
50.00 47.00 1.00 3.00 53.33
8.00 4.00 0.00 1.00 168.61
22.00 37.00 0.00 2.00 76.41
59.00 53.00 0.00 1.00 93.17
27.00 54.00 1.00 4.00 84.45
56.00 23.00 1.00 5.00 46.44
56.00 50.00 0.00 2.00 115.23
19.00 32.00 1.00 5.00 64.10
47.00 55.00 0.00 2.00 131.17
56.00 54.00 1.00 3.00 156.31
36.00 47.00 1.00 4.00 36.68
5.00 28.00 1.00 1.00 116.39
58.00 51.00 0.00 4.00 83.86
55.00 5.00 0.00 2.00 183.37
56.00 54.00 0.00 1.00 178.94
51.00 49.00 1.00 5.00 132.45
57.00 12.00 1.00 2.00 140.59
53.00 15.00 0.00 1.00 95.06
53.00 56.00 1.00 2.00 82.69
52.00 58.00 0.00 4.00 84.01
3.00 59.00 1.00 2.00 108.15
29.00 50.00 0.00 1.00 48.55
9.00 40.00 0.00 2.00 38.41
15.00 57.00 0.00 3.00 169.73
54.00 25.00 1.00 2.00 84.93
38.00 25.00 1.00 3.00 75.87
57.00 51.00 0.00 4.00 149.12
47.00 20.00 0.00 4.00 156.29
14.00 57.00 0.00 5.00 184.85
51.00 0.00 1.00 4.00 131.29
50.00 57.00 1.00 5.00 122.95
1.00 56.00 0.00 2.00 30.36
53.00 37.00 0.00 4.00 136.59
42.00 52.00 0.00 4.00 167.62
51.00 32.00 1.00 1.00 122.06
38.00 54.00 1.00 3.00 183.53
42.00 52.00 0.00 4.00 71.63
54.00 59.00 0.00 1.00 103.63
45.00 53.00 1.00 1.00 126.09
18.00 36.00 1.00 4.00 88.76
43.00 35.00 1.00 5.00 114.00
23.00 58.00 0.00 2.00 108.04
29.00 56.00 0.00 3.00 58.69
56.00 0.00 0.00 5.00 188.87
56.00 52.00 0.00 3.00 130.38
6.00 51.00 1.00 3.00 97.37
3.00 52.00 0.00 2.00 116.89
31.00 54.00 0.00 5.00 72.76
53.00 2.00 1.00 3.00 81.96
57.00 24.00 0.00 1.00 105.04
0.00 43.00 1.00 3.00 31.25
4.00 55.00 1.00 4.00 38.89
53.00 57.00 0.00 3.00 119.30
30.00 50.00 0.00 3.00 74.24
55.00 51.00 1.00 2.00 127.31
53.00 12.00 0.00 5.00 46.73
55.00 52.00 1.00 3.00 44.66
35.00 57.00 1.00 1.00 133.12
59.00 5.00 1.00 5.00 65.76
51.00 45.00 1.00 1.00 142.76
51.00 56.00 1.00 5.00 153.88
50.00 2.00 1.00 1.00 32.63
58.00 50.00 1.00 2.00 137.77
59.00 50.00 0.00 4.00 36.89
39.00 22.00 1.00 1.00 111.32
53.00 58.00 0.00 4.00 41.83
51.00 32.00 0.00 3.00 71.87
51.00 43.00 1.00 5.00 100.31
51.00 57.00 0.00 4.00 110.61
50.00 10.00 0.00 4.00 169.12
53.00 34.00 1.00 3.00 143.14
28.00 57.00 0.00 4.00 88.09
55.00 50.00 0.00 5.00 125.92
53.00 58.00 0.00 3.00 37.87
56.00 54.00 1.00 3.00 138.45
52.00 11.00 0.00 1.00 165.70
58.00 53.00 0.00 2.00 189.84
21.00 13.00 1.00 1.00 37.35
51.00 47.00 1.00 2.00 31.95
58.00 52.00 0.00 4.00 132.36
37.00 38.00 0.00 2.00 117.54
24.00 55.00 0.00 5.00 84.62
20.00 57.00 1.00 4.00 162.28
28.00 50.00 1.00 1.00 58.66
3.00 51.00 1.00 4.00 121.59
36.00 17.00 1.00 1.00 195.13
21.00 58.00 1.00 1.00 43.03
59.00 30.00 0.00 4.00 122.91
50.00 48.00 0.00 5.00 152.50
0.00 59.00 0.00 2.00 50.60
52.00 58.00 1.00 3.00 106.56
52.00 58.00 0.00 2.00 79.77
59.00 24.00 0.00 3.00 56.86
56.00 50.00 1.00 5.00 77.97
28.00 55.00 1.00 3.00 153.86
20.00 28.00 0.00 3.00 85.94
55.00 0.00 1.00 2.00 142.66
52.00 59.00 1.00 5.00 177.90
24.00 58.00 1.00 4.00 106.05
22.00 28.00 0.00 4.00 168.68
30.00 52.00 0.00 2.00 76.18
53.00 58.00 1.00 1.00 174.50
58.00 53.00 0.00 4.00 169.67
0.00 54.00 0.00 1.00 76.78
7.00 26.00 0.00 3.00 92.28
34.00 57.00 0.00 4.00 103.90
59.00 29.00 1.00 5.00 167.95
59.00 17.00 1.00 3.00 195.61
56.00 54.00 0.00 4.00 159.75
10.00 23.00 0.00 4.00 182.34
53.00 44.00 0.00 4.00 48.23
40.00 1.00 1.00 2.00 33.88
25.00 54.00 1.00 1.00 109.79
58.00 11.00 1.00 2.00 191.91
9.00 18.00 0.00 2.00 146.20
56.00 54.00 0.00 4.00 139.30
58.00 31.00 1.00 2.00 194.65
6.00 58.00 0.00 3.00 51.02
41.00 9.00 0.00 5.00 199.42
39.00 50.00 0.00 3.00 196.84
43.00 11.00 0.00 4.00 150.23
50.00 55.00 1.00 3.00 139.56
17.00 27.00 0.00 1.00 80.92
52.00 58.00 1.00 2.00 174.92
39.00 32.00 0.00 3.00 147.04
52.00 56.00 1.00 4.00 37.83
53.00 10.00 1.00 1.00 84.05
15.00 28.00 0.00 1.00 175.24
51.00 25.00 0.00 5.00 192.55
13.00 54.00 1.00 3.00 157.89
23.00 27.00 1.00 3.00 58.64
53.00 29.00 0.00 1.00 87.18
52.00 2.00 0.00 2.00 157.85
56.00 53.00 1.00 1.00 136.13
32.00 52.00 1.00 4.00 160.11
58.00 53.00 1.00 1.00 114.38
37.00 17.00 1.00 2.00 43.49
42.00 28.00 0.00 2.00 91.44
5.00 8.00 1.00 3.00 105.48
48.00 23.00 0.00 4.00 81.54
58.00 54.00 0.00 5.00 115.28
30.00 59.00 0.00 3.00 191.23
54.00 58.00 0.00 3.00 62.70
50.00 55.00 1.00 5.00 57.36
59.00 18.00 1.00 1.00 74.61
31.00 54.00 0.00 2.00 79.83
41.00 54.00 1.00 3.00 86.88
1.00 50.00 1.00 3.00 195.35
54.00 20.00 1.00 1.00 145.96
21.00 58.00 1.00 1.00 60.54
7.00 54.00 1.00 4.00 130.62
13.00 39.00 1.00 3.00 139.16
46.00 26.00 1.00 2.00 105.23
50.00 56.00 1.00 5.00 117.50
5.00 54.00 1.00 1.00 163.67
43.00 51.00 1.00 5.00 120.94
58.00 39.00 0.00 4.00 94.84
54.00 59.00 1.00 1.00 83.48
3.00 44.00 0.00 5.00 190.11
55.00 52.00 0.00 5.00 152.54
41.00 3.00 0.00 1.00 78.55
56.00 2.00 1.00 3.00 144.54
56.00 3.00 1.00 1.00 98.33
51.00 44.00 1.00 4.00 114.63
27.00 31.00 1.00 2.00 165.56
11.00 44.00 1.00 5.00 138.61
4.00 8.00 0.00 3.00 148.51
2.00 50.00 0.00 2.00 105.58
0.00 52.00 0.00 2.00 34.50
53.00 58.00 0.00 4.00 67.27
54.00 41.00 0.00 5.00 165.85
14.00 53.00 1.00 4.00 93.38
9.00 51.00 0.00 3.00 144.73
45.00 29.00 0.00 3.00 183.77
57.00 51.00 0.00 3.00 196.73
57.00 52.00 1.00 3.00 163.09
42.00 23.00 1.00 3.00 111.36
53.00 15.00 0.00 3.00 49.10
52.00 59.00 1.00 3.00 138.88
56.00 53.00 1.00 2.00 72.09
55.00 51.00 0.00 3.00 70.26
50.00 3.00 1.00 5.00 162.20
11.00 18.00 0.00 1.00 97.85
43.00 13.00 1.00 3.00 190.52
51.00 7.00 0.00 1.00 168.11
31.00 51.00 1.00 5.00 81.35
15.00 27.00 0.00 1.00 197.66
10.00 48.00 1.00 3.00 65.50
1.00 40.00 1.00 5.00 167.58
53.00 59.00 0.00 3.00 91.24
58.00 51.00 1.00 4.00 178.48
34.00 19.00 1.00 3.00 122.86
16.00 58.00 1.00 2.00 98.28
59.00 19.00 1.00 1.00 186.86
51.00 30.00 0.00 5.00 134.62
38.00 58.00 1.00 1.00 190.63
24.00 55.00 1.00 3.00 69.11
28.00 51.00 1.00 2.00 141.43
4.00 37.00 1.00 2.00 72.51
53.00 57.00 0.00 3.00 39.20
27.00 42.00 1.00 3.00 91.18
53.00 57.00 1.00 5.00 73.87
52.00 25.00 1.00 3.00 145.66
8.00 46.00 0.00 5.00 34.97
53.00 12.00 1.00 3.00 92.56
53.00 57.00 0.00 4.00 168.99
58.00 50.00 1.00 3.00 95.59
4.00 59.00 0.00 3.00 129.96
56.00 54.00 1.00 4.00 143.46
51.00 34.00 1.00 2.00 37.46
54.00 47.00 0.00 3.00 117.67
58.00 52.00 1.00 5.00 84.74
58.00 24.00 1.00 4.00 199.58
51.00 57.00 0.00 4.00 106.69
7.00 54.00 1.00 2.00 166.01
14.00 59.00 0.00 1.00 65.24
5.00 57.00 0.00 5.00 122.51
25.00 51.00 0.00 5.00 58.80
0.00 52.00 0.00 5.00 111.70
3.00 55.00 0.00 1.00 176.30
52.00 58.00 0.00 5.00 124.29
26.00 52.00 1.00 5.00 83.53
50.00 55.00 1.00 1.00 83.68
29.00 56.00 0.00 4.00 48.82
34.00 21.00 1.00 2.00 191.34
3.00 39.00 1.00 1.00 170.83
50.00 58.00 0.00 1.00 134.47
0.00 57.00 1.00 1.00 182.32
55.00 51.00 0.00 5.00 47.02
48.00 33.00 0.00 4.00 104.55
21.00 41.00 1.00 4.00 49.39
49.00 24.00 0.00 4.00 77.41
11.00 57.00 0.00 5.00 87.02
19.00 58.00 0.00 2.00 144.46
22.00 55.00 0.00 4.00 113.18
42.00 36.00 0.00 3.00 74.92
52.00 55.00 1.00 4.00 90.15
50.00 33.00 1.00 4.00 157.17
50.00 59.00 0.00 5.00 106.38
43.00 14.00 1.00 2.00 105.25
59.00 50.00 0.00 1.00 156.42
52.00 55.00 0.00 1.00 96.95
7.00 59.00 1.00 1.00 80.39
18.00 35.00 0.00 3.00 173.38
56.00 25.00 0.00 3.00 106.69
17.00 58.00 1.00 4.00 75.44
3.00 16.00 0.00 1.00 80.58
2.00 58.00 1.00 1.00 174.58
53.00 1.00 1.00 1.00 122.38
38.00 23.00 0.00 1.00 34.20
59.00 53.00 0.00 4.00 80.60
55.00 53.00 1.00 4.00 95.56
54.00 26.00 1.00 1.00 170.66
14.00 59.00 1.00 3.00 65.76
50.00 29.00 0.00 1.00 112.20
56.00 52.00 1.00 2.00 180.57
11.00 59.00 1.00 1.00 190.15
48.00 58.00 1.00 3.00 117.37
50.00 58.00 0.00 1.00 89.05
56.00 19.00 0.00 1.00 122.88
50.00 39.00 1.00 5.00 168.90
54.00 48.00 1.00 4.00 74.29
30.00 50.00 0.00 5.00 142.47
40.00 39.00 1.00 4.00 151.14
57.00 38.00 1.00 4.00 82.39
21.00 7.00 1.00 5.00 76.80
29.00 41.00 0.00 3.00 106.93
53.00 30.00 1.00 5.00 68.13
17.00 57.00 1.00 4.00 188.36
0.00 44.00 1.00 3.00 115.31
49.00 53.00 0.00 5.00 37.98
59.00 54.00 1.00 2.00 101.88
53.00 58.00 1.00 5.00 176.30
54.00 58.00 1.00 5.00 157.84
55.00 51.00 1.00 5.00 103.43
58.00 22.00 1.00 2.00 185.09
51.00 5.00 1.00 2.00 113.03
55.00 6.00 1.00 5.00 43.06
15.00 56.00 1.00 1.00 129.64
10.00 50.00 0.00 3.00 56.48
25.00 27.00 1.00 2.00 122.76
59.00 53.00 1.00 2.00 71.28
8.00 41.00 0.00 4.00 87.32
9.00 17.00 0.00 2.00 64.35
39.00 58.00 1.00 4.00 51.90
52.00 56.00 0.00 1.00 107.85
54.00 59.00 0.00 1.00 61.47
5.00 31.00 1.00 1.00 108.78
14.00 58.00 1.00 1.00 72.01
55.00 39.00 0.00 2.00 119.58
2.00 57.00 0.00 4.00 86.06
50.00 48.00 0.00 5.00 126.87
37.00 58.00 1.00 3.00 123.82
52.00 59.00 0.00 4.00 103.02
31.00 26.00 0.00 5.00 49.81
56.00 53.00 0.00 3.00 109.40
52.00 57.00 1.00 3.00 126.88
50.00 57.00 0.00 2.00 191.10
56.00 0.00 0.00 5.00 55.54
57.00 50.00 1.00 4.00 174.50
50.00 59.00 0.00 3.00 182.92
56.00 50.00 0.00 1.00 54.53
52.00 55.00 0.00 1.00 112.25
18.00 57.00 1.00 2.00 115.35
53.00 10.00 0.00 3.00 137.50
3.00 27.00 1.00 2.00 103.59
2.00 53.00 0.00 2.00 164.68
50.00 42.00 1.00 3.00 169.38
18.00 35.00 1.00 2.00 64.98
12.00 56.00 0.00 3.00 119.13
56.00 53.00 1.00 2.00 109.40
56.00 37.00 0.00 5.00 55.60
59.00 11.00 1.00 3.00 113.89
49.00 50.00 0.00 4.00 167.10
10.00 33.00 1.00 4.00 135.77
51.00 35.00 1.00 5.00 124.23
52.00 56.00 0.00 5.00 105.75
56.00 54.00 1.00 3.00 193.61
50.00 39.00 0.00 5.00 83.47
57.00 50.00 1.00 1.00 64.78
7.00 52.00 0.00 5.00 168.01
30.00 53.00 1.00 2.00 101.29
54.00 58.00 0.00 3.00 144.06
54.00 44.00 1.00 3.00 87.31
58.00 31.00 0.00 1.00 136.21
57.00 51.00 1.00 2.00 48.25
8.00 58.00 1.00 3.00 69.00
28.00 56.00 0.00 4.00 80.79
54.00 2.00 1.00 1.00 93.26
48.00 50.00 1.00 1.00 197.88
25.00 55.00 1.00 4.00 70.33
35.00 58.00 1.00 4.00 106.34
1.00 47.00 1.00 1.00 183.14
58.00 11.00 0.00 1.00 187.21
57.00 0.00 1.00 1.00 68.75
54.00 32.00 0.00 4.00 88.82
50.00 59.00 0.00 4.00 141.51
54.00 13.00 1.00 3.00 60.06
56.00 50.00 1.00 2.00 170.24
51.00 59.00 1.00 2.00 168.46
20.00 58.00 1.00 2.00 187.84
53.00 57.00 0.00 3.00 173.62
41.00 54.00 1.00 4.00 164.77
54.00 30.00 1.00 1.00 190.52
52.00 56.00 0.00 2.00 138.48
56.00 24.00 1.00 2.00 186.05
47.00 25.00 0.00 4.00 134.64
52.00 47.00 0.00 4.00 86.45
38.00 22.00 1.00 2.00 148.27
57.00 51.00 0.00 4.00 66.29
53.00 9.00 0.00 4.00 56.85
14.00 27.00 0.00 3.00 112.93
5.00 55.00 1.00 3.00 138.66
24.00 40.00 1.00 4.00 93.40
3.00 44.00 0.00 5.00 121.50
55.00 52.00 0.00 2.00 134.46
16.00 55.00 1.00 5.00 197.48
56.00 3.00 1.00 2.00 34.56
51.00 5.00 1.00 1.00 176.69
8.00 44.00 0.00 1.00 98.48
43.00 51.00 0.00 4.00 178.52
32.00 53.00 1.00 5.00 168.93
13.00 39.00 1.00 5.00 79.88
50.00 42.00 1.00 5.00 70.83
40.00 50.00 1.00 4.00 31.80
14.00 29.00 1.00 2.00 50.13
4.00 50.00 1.00 4.00 65.76
55.00 51.00 0.00 3.00 115.61
59.00 19.00 1.00 4.00 32.32
25.00 29.00 1.00 3.00 198.27
26.00 37.00 1.00 3.00 43.32
34.00 55.00 0.00 5.00 64.80
0.00 59.00 0.00 5.00 45.52
30.00 53.00 0.00 4.00 66.59
51.00 35.00 1.00 4.00 162.35
50.00 56.00 1.00 2.00 192.28
29.00 16.00 0.00 4.00 48.40
3.00 40.00 0.00 1.00 109.98
51.00 44.00 1.00 3.00 154.53
54.00 55.00 0.00 3.00 115.57
5.00 53.00 0.00 1.00 165.56
51.00 8.00 1.00 2.00 99.14
27.00 53.00 1.00 1.00 90.97
1.00 45.00 1.00 5.00 143.76
28.00 51.00 1.00 2.00 110.53
57.00 9.00 1.00 2.00 52.36
17.00 39.00 1.00 4.00 39.44
54.00 28.00 0.00 1.00 66.00
54.00 11.00 1.00 5.00 37.71
25.00 39.00 0.00 4.00 175.79
51.00 57.00 0.00 4.00 128.98
10.00 38.00 1.00 2.00 103.42
56.00 54.00 1.00 3.00 63.82
51.00 59.00 0.00 2.00 192.36
31.00 58.00 1.00 4.00 50.28
45.00 1.00 1.00 5.00 163.86
8.00 30.00 1.00 5.00 47.77
57.00 50.00 0.00 2.00 46.82
59.00 15.00 1.00 1.00 191.97
53.00 56.00 1.00 5.00 109.24
51.00 35.00 0.00 4.00 175.55
52.00 56.00 0.00 3.00 142.05
22.00 58.00 0.00 1.00 141.72
1.00 51.00 0.00 1.00 88.00
40.00 28.00 0.00 4.00 30.60
57.00 13.00 1.00 4.00 80.32
28.00 24.00 0.00 1.00 52.86
57.00 54.00 0.00 4.00 124.22
33.00 24.00 0.00 2.00 57.60
52.00 26.00 1.00 2.00 73.82
37.00 57.00 0.00 1.00 69.98
52.00 40.00 0.00 1.00 44.58
13.00 54.00 0.00 5.00 35.91
56.00 17.00 1.00 5.00 149.63
8.00 40.00 0.00 5.00 52.99
58.00 51.00 0.00 4.00 192.44
20.00 1.00 1.00 2.00 104.30
32.00 50.00 0.00 5.00 165.54
7.00 50.00 0.00 4.00 155.35
2.00 58.00 0.00 4.00 82.92
12.00 16.00 1.00 4.00 72.65
22.00 49.00 0.00 4.00 62.82
57.00 9.00 0.00 1.00 141.73
35.00 53.00 0.00 2.00 175.64
35.00 41.00 0.00 1.00 189.22
46.00 26.00 1.00 3.00 150.18
58.00 54.00 1.00 1.00 193.71
57.00 23.00 1.00 1.00 142.25
58.00 51.00 0.00 1.00 149.52
56.00 51.00 0.00 4.00 105.07
26.00 57.00 1.00 1.00 177.12
16.00 54.00 1.00 4.00 199.21
16.00 57.00 1.00 3.00 149.01
50.00 46.00 0.00 3.00 180.31
51.00 57.00 1.00 2.00 113.34
53.00 35.00 0.00 4.00 41.51
33.00 18.00 0.00 2.00 52.32
55.00 51.00 0.00 5.00 83.12
23.00 48.00 0.00 4.00 198.08
3.00 30.00 0.00 1.00 38.11
5.00 52.00 1.00 3.00 36.57
2.00 52.00 1.00 1.00 141.16
35.00 59.00 0.00 4.00 118.93
29.00 42.00 1.00 1.00 178.67
12.00 55.00 1.00 3.00 143.14
29.00 54.00 0.00 2.00 109.38
14.00 42.00 0.00 1.00 91.68
56.00 50.00 0.00 4.00 164.42
56.00 52.00 1.00 3.00 130.01
1.00 41.00 0.00 3.00 195.14
43.00 52.00 1.00 2.00 143.23
51.00 30.00 0.00 3.00 164.97
17.00 38.00 1.00 5.00 165.31
37.00 5.00 0.00 2.00 110.32
56.00 8.00 1.00 2.00 47.04
27.00 9.00 1.00 4.00 175.46
8.00 40.00 0.00 3.00 53.23
15.00 56.00 1.00 1.00 150.41
53.00 59.00 0.00 2.00 199.01
24.00 57.00 1.00 5.00 150.48
39.00 17.00 1.00 1.00 57.71
55.00 51.00 0.00 1.00 161.95
13.00 55.00 0.00 3.00 100.59
55.00 26.00 0.00 5.00 141.22
58.00 50.00 0.00 3.00 121.35
58.00 32.00 1.00 3.00 122.96
49.00 53.00 0.00 5.00 53.52
32.00 4.00 0.00 1.00 118.85
58.00 29.00 1.00 3.00 144.50
40.00 0.00 0.00 1.00 30.99
53.00 49.00 1.00 5.00 195.52
54.00 16.00 0.00 1.00 69.42
52.00 58.00 1.00 2.00 38.34
59.00 10.00 1.00 2.00 150.50
54.00 59.00 0.00 2.00 176.25
4.00 30.00 1.00 1.00 61.39
55.00 51.00 1.00 2.00 158.00
56.00 51.00 1.00 5.00 48.86
53.00 5.00 0.00 4.00 116.58
45.00 59.00 1.00 3.00 44.68
19.00 59.00 1.00 1.00 49.00
4.00 18.00 0.00 2.00 151.63
50.00 56.00 1.00 1.00 138.09
41.00 9.00 0.00 1.00 121.97
51.00 55.00 1.00 5.00 92.23
24.00 5.00 0.00 3.00 186.52
53.00 56.00 0.00 4.00 163.57
54.00 4.00 1.00 2.00 165.40
58.00 52.00 0.00 4.00 89.29
14.00 39.00 0.00 4.00 52.10
59.00 30.00 1.00 5.00 165.07
5.00 45.00 1.00 4.00 183.58
58.00 36.00 0.00 5.00 63.13
58.00 6.00 1.00 2.00 138.14
41.00 54.00 0.00 5.00 180.84
36.00 40.00 1.00 4.00 101.37
55.00 7.00 1.00 4.00 38.13
56.00 51.00 1.00 3.00 187.35
36.00 50.00 0.00 2.00 151.98
59.00 2.00 0.00 2.00 168.84
50.00 58.00 1.00 2.00 77.48
59.00 53.00 1.00 1.00 118.24
52.00 3.00 1.00 3.00 193.18
59.00 54.00 0.00 5.00 144.23
55.00 51.00 1.00 3.00 92.63
53.00 57.00 1.00 4.00 172.69
57.00 53.00 1.00 1.00 33.78
44.00 54.00 0.00 4.00 111.26
21.00 31.00 0.00 4.00 54.72
54.00 44.00 0.00 3.00 105.59
39.00 51.00 0.00 1.00 88.02
0.00 50.00 0.00 1.00 130.96
11.00 52.00 0.00 1.00 128.29
10.00 55.00 1.00 4.00 42.67
58.00 52.00 1.00 2.00 41.58
53.00 58.00 1.00 4.00 63.14
16.00 57.00 1.00 3.00 130.79
28.00 23.00 0.00 4.00 133.42
52.00 14.00 1.00 1.00 51.26
25.00 39.00 1.00 5.00 180.98
45.00 28.00 0.00 5.00 39.08
36.00 19.00 0.00 2.00 157.84
1.00 47.00 1.00 3.00 90.19
2.00 53.00 1.00 3.00 33.68
55.00 53.00 0.00 5.00 140.49
13.00 29.00 1.00 5.00 59.77
26.00 58.00 1.00 2.00 192.63
52.00 2.00 0.00 2.00 110.80
51.00 58.00 0.00 4.00 145.54
7.00 52.00 1.00 4.00 127.22
50.00 30.00 0.00 4.00 91.74
54.00 57.00 1.00 4.00 170.59
51.00 58.00 0.00 3.00 112.13
58.00 51.00 0.00 4.00 166.30
46.00 51.00 0.00 2.00 158.17
50.00 4.00 1.00 5.00 182.61
26.00 25.00 1.00 2.00 63.51
52.00 58.00 1.00 2.00 196.50
58.00 53.00 1.00 5.00 155.06
51.00 3.00 1.00 3.00 137.71
51.00 27.00 0.00 3.00 113.57
20.00 27.00 1.00 4.00 47.38
30.00 25.00 1.00 2.00 130.30
53.00 58.00 0.00 1.00 186.26
2.00 56.00 0.00 5.00 134.35
58.00 30.00 0.00 5.00 60.26
56.00 4.00 1.00 5.00 153.06
0.00 48.00 0.00 4.00 128.20
57.00 36.00 1.00 2.00 36.43
4.00 29.00 1.00 3.00 121.30
28.00 57.00 1.00 3.00 138.09
54.00 2.00 0.00 5.00 132.37
53.00 42.00 0.00 3.00 136.94
51.00 6.00 0.00 5.00 142.39
59.00 54.00 1.00 4.00 193.11
56.00 50.00 0.00 5.00 76.29
5.00 58.00 0.00 2.00 128.80
55.00 36.00 0.00 5.00 47.59
59.00 2.00 0.00 5.00 189.02
55.00 50.00 1.00 3.00 45.45
34.00 55.00 1.00 5.00 39.33
53.00 37.00 1.00 2.00 40.38
53.00 56.00 0.00 1.00 181.31
58.00 53.00 1.00 5.00 74.72
53.00 1.00 1.00 2.00 195.67
54.00 57.00 0.00 1.00 143.18
28.00 52.00 0.00 5.00 189.85
58.00 31.00 0.00 3.00 101.00
13.00 17.00 0.00 2.00 57.46
54.00 59.00 0.00 3.00 130.23
50.00 55.00 0.00 4.00 121.06
55.00 54.00 0.00 2.00 109.98
27.00 17.00 1.00 4.00 52.76
30.00 24.00 0.00 5.00 67.56
4.00 28.00 1.00 4.00 177.16
12.00 50.00 1.00 1.00 63.21
10.00 57.00 1.00 1.00 160.64
52.00 35.00 0.00 5.00 74.56
50.00 7.00 1.00 1.00 176.27
50.00 58.00 0.00 4.00 122.21
13.00 54.00 0.00 1.00 83.53
