25.00 56.00 0.00 1.00 124.91
55.00 52.00 1.00 1.00 120.13
56.00 26.00 0.00 5.00 148.96
4.00 58.00 0.00 4.00 44.19
48.00 22.00 0.00 3.00 107.81
44.00 54.00 1.00 3.00 129.33
56.00 33.00 1.00 3.00 149.34
1.00 53.00 1.00 4.00 105.79
50.00 45.00 0.00 1.00 143.38
59.00 21.00 1.00 3.00 102.71
56.00 35.00 0.00 2.00 60.84
19.00 5.00 1.00 3.00 51.01
8.00 18.00 0.00 3.00 133.97
45.00 59.00 0.00 5.00 174.11
56.00 51.00 0.00 3.00 41.50
17.00 59.00 1.00 4.00 176.79
54.00 24.00 1.00 1.00 159.74
55.00 51.00 1.00 1.00 104.96
48.00 59.00 0.00 3.00 74.91
20.00 13.00 0.00 2.00 158.19
3.00 53.00 1.00 2.00 66.46
55.00 34.00 0.00 5.00 43.78
19.00 57.00 0.00 4.00 83.93
56.00 51.00 0.00 4.00 193.67
57.00 39.00 1.00 4.00 150.32
8.00 56.00 1.00 2.00 180.29
55.00 16.00 1.00 5.00 35.45
13.00 15.00 0.00 3.00 41.35
57.00 52.00 0.00 4.00 90.47
53.00 58.00 1.00 1.00 124.85
50.00 49.00 1.00 2.00 189.24
54.00 27.00 1.00 3.00 167.22
54.00 9.00 0.00 4.00 119.67
53.00 5.00 1.00 4.00 176.65
29.00 8.00 1.00 3.00 68.08
39.00 57.00 1.00 3.00 116.89
13.00 20.00 0.00 2.00 57.13
58.00 1.00 0.00 1.00 183.77
16.00 12.00 1.00 4.00 42.38
36.00 59.00 0.00 1.00 199.93
28.00 59.00 1.00 5.00 149.98
52.00 59.00 0.00 1.00 187.35
53.00 59.00 0.00 3.00 104.41
14.00 52.00 0.00 3.00 98.04
55.00 52.00 0.00 3.00 108.92
43.00 54.00 1.00 4.00 32.44
55.00 50.00 1.00 5.00 66.39
13.00 54.00 0.00 5.00 97.93
50.00 59.00 1.00 5.00 156.28
50.00 38.00 0.00 4.00 65.18
57.00 51.00 1.00 2.00 155.06
51.00 13.00 1.00 5.00 34.43
57.00 50.00 1.00 3.00 167.98
54.00 40.00 1.00 3.00 145.64
38.00 19.00 1.00 4.00 85.49
54.00 39.00 0.00 1.00 134.19
17.00 32.00 0.00 3.00 162.82
56.00 16.00 1.00 5.00 134.30
41.00 23.00 0.00 4.00 175.98
51.00 56.00 0.00 1.00 183.57
25.00 44.00 1.00 2.00 173.15
36.00 54.00 0.00 1.00 39.40
25.00 57.00 0.00 2.00 73.98
53.00 6.00 1.00 5.00 84.80
54.00 57.00 1.00 3.00 196.14
57.00 52.00 0.00 2.00 95.98
57.00 31.00 0.00 3.00 109.08
32.00 58.00 1.00 1.00 76.55
55.00 54.00 1.00 5.00 105.36
52.00 32.00 1.00 5.00 98.49
48.00 54.00 1.00 5.00 62.50
21.00 55.00 0.00 3.00 108.43
56.00 0.00 1.00 4.00 62.43
14.00 51.00 1.00 5.00 199.50
54.00 29.00 1.00 4.00 169.13
56.00 52.00 0.00 1.00 86.19
59.00 50.00 1.00 3.00 80.59
56.00 51.00 1.00 1.00 60.23
12.00 51.00 1.00 2.00 41.07
57.00 50.00 1.00 5.00 183.50
52.00 55.00 0.00 4.00 47.95
58.00 10.00 1.00 3.00 98.61
58.00 26.00 1.00 1.00 37.73
59.00 6.00 0.00 1.00 140.83
9.00 41.00 1.00 2.00 130.31
41.00 51.00 1.00 4.00 61.27
59.00 52.00 1.00 2.00 138.06
45.00 50.00 1.00 1.00 35.41
51.00 58.00 1.00 1.00 102.04
33.00 55.00 0.00 2.00 41.05
36.00 50.00 0.00 3.00 30.81
20.00 0.00 1.00 1.00 37.17
35.00 55.00 0.00 3.00 194.91
50.00 59.00 0.00 5.00 102.78
11.00 56.00 0.00 2.00 42.79
44.00 11.00 1.00 4.00 43.15
49.00 51.00 1.00 5.00 48.99
50.00 2.00 1.00 5.00 123.95
23.00 55.00 1.00 3.00 87.46
17.00 58.00 1.00 1.00 151.54
9.00 59.00 0.00 4.00 130.66
50.00 59.00 1.00 1.00 155.85
43.00 3.00 0.00 3.00 136.80
58.00 22.00 0.00 3.00 87.85
58.00 54.00 0.00 3.00 80.47
57.00 52.00 1.00 3.00 65.95
13.00 23.00 1.00 4.00 94.88
35.00 51.00 1.00 2.00 154.58
2.00 51.00 1.00 3.00 192.00
48.00 33.00 0.00 5.00 143.95
20.00 44.00 0.00 2.00 171.22
59.00 49.00 1.00 2.00 83.37
5.00 53.00 0.00 5.00 57.31
55.00 7.00 0.00 4.00 102.44
23.00 13.00 0.00 2.00 63.38
15.00 58.00 0.00 2.00 78.32
53.00 13.00 0.00 5.00 139.44
19.00 59.00 0.00 1.00 105.39
51.00 58.00 0.00 1.00 30.32
50.00 56.00 1.00 5.00 156.33
54.00 12.00 1.00 2.00 130.47
54.00 47.00 1.00 1.00 114.88
33.00 22.00 1.00 5.00 178.40
56.00 16.00 0.00 1.00 131.69
52.00 38.00 1.00 4.00 189.16
2.00 59.00 1.00 2.00 138.47
34.00 54.00 1.00 1.00 181.29
20.00 33.00 0.00 3.00 167.73
52.00 30.00 0.00 2.00 138.63
30.00 52.00 0.00 2.00 63.67
59.00 27.00 0.00 1.00 108.04
33.00 52.00 1.00 4.00 59.75
51.00 56.00 1.00 1.00 179.82
5.00 52.00 1.00 5.00 51.94
4.00 40.00 1.00 5.00 53.60
58.00 54.00 0.00 3.00 52.11
42.00 53.00 0.00 5.00 188.52
50.00 59.00 1.00 4.00 144.20
55.00 28.00 0.00 3.00 87.76
18.00 38.00 1.00 2.00 196.91
52.00 58.00 1.00 5.00 87.35
59.00 54.00 0.00 5.00 31.70
4.00 8.00 1.00 2.00 88.89
59.00 37.00 0.00 4.00 185.92
11.00 55.00 1.00 4.00 123.91
26.00 23.00 0.00 3.00 40.32
4.00 51.00 1.00 4.00 81.21
7.00 47.00 0.00 3.00 36.05
1.00 57.00 0.00 5.00 60.38
3.00 53.00 0.00 2.00 193.21
54.00 45.00 1.00 1.00 182.60
50.00 58.00 0.00 3.00 78.73
52.00 26.00 1.00 5.00 73.34
35.00 58.00 1.00 3.00 167.18
54.00 45.00 0.00 4.00 47.58
51.00 59.00 0.00 1.00 116.69
53.00 6.00 1.00 2.00 160.95
7.00 58.00 1.00 5.00 173.79
52.00 44.00 1.00 5.00 75.98
40.00 53.00 1.00 4.00 40.82
51.00 35.00 0.00 2.00 162.28
56.00 51.00 0.00 4.00 149.02
57.00 39.00 1.00 5.00 53.90
38.00 29.00 0.00 3.00 82.55
13.00 52.00 1.00 4.00 132.92
54.00 58.00 0.00 1.00 45.12
53.00 28.00 0.00 3.00 48.02
59.00 51.00 0.00 5.00 119.48
56.00 29.00 0.00 1.00 117.34
51.00 31.00 0.00 1.00 157.37
11.00 54.00 1.00 3.00 139.89
34.00 47.00 1.00 4.00 92.41
51.00 7.00 1.00 4.00 122.35
53.00 13.00 0.00 4.00 157.98
48.00 50.00 0.00 1.00 93.59
50.00 57.00 0.00 5.00 64.00
21.00 40.00 1.00 3.00 44.80
20.00 2.00 1.00 2.00 123.90
33.00 58.00 0.00 4.00 64.82
28.00 12.00 1.00 3.00 180.14
43.00 54.00 0.00 2.00 76.89
49.00 11.00 1.00 2.00 144.93
53.00 59.00 0.00 3.00 81.83
49.00 11.00 0.00 4.00 148.35
59.00 25.00 1.00 5.00 95.13
49.00 3.00 1.00 1.00 68.33
57.00 50.00 1.00 5.00 104.50
15.00 54.00 1.00 2.00 162.04
54.00 55.00 1.00 4.00 117.75
45.00 1.00 1.00 5.00 41.38
57.00 28.00 0.00 3.00 93.52
44.00 28.00 1.00 3.00 151.75
20.00 39.00 0.00 5.00 94.11
56.00 51.00 0.00 1.00 87.30
41.00 11.00 1.00 5.00 37.83
14.00 18.00 0.00 5.00 117.74
26.00 55.00 0.00 4.00 97.90
33.00 47.00 0.00 5.00 30.32
50.00 55.00 0.00 2.00 153.14
56.00 54.00 1.00 3.00 189.31
40.00 24.00 0.00 2.00 98.62
58.00 9.00 0.00 1.00 65.28
25.00 56.00 0.00 3.00 142.79
57.00 50.00 1.00 4.00 199.03
15.00 27.00 0.00 3.00 68.33
45.00 52.00 1.00 3.00 38.36
38.00 50.00 0.00 5.00 186.53
24.00 5.00 0.00 1.00 55.78
57.00 53.00 0.00 2.00 191.73
55.00 10.00 1.00 1.00 102.09
58.00 50.00 1.00 5.00 91.87
16.00 33.00 1.00 5.00 118.53
54.00 11.00 1.00 2.00 151.96
0.00 54.00 0.00 2.00 33.42
50.00 1.00 1.00 4.00 110.38
44.00 24.00 0.00 5.00 60.95
53.00 31.00 0.00 5.00 37.07
57.00 52.00 0.00 3.00 186.34
57.00 25.00 0.00 3.00 63.65
47.00 55.00 0.00 2.00 78.43
51.00 55.00 1.00 5.00 156.38
28.00 51.00 1.00 2.00 156.22
58.00 50.00 1.00 2.00 195.06
28.00 57.00 1.00 4.00 37.78
19.00 42.00 1.00 1.00 96.57
20.00 55.00 0.00 3.00 127.08
51.00 27.00 1.00 4.00 157.04
51.00 56.00 1.00 1.00 171.34
54.00 56.00 1.00 1.00 195.05
40.00 50.00 1.00 1.00 158.54
10.00 57.00 0.00 5.00 68.40
56.00 52.00 1.00 4.00 191.62
9.00 54.00 0.00 4.00 196.41
53.00 1.00 1.00 4.00 164.04
7.00 52.00 0.00 5.00 97.87
53.00 11.00 0.00 3.00 157.49
36.00 54.00 1.00 4.00 168.48
56.00 50.00 0.00 1.00 113.21
40.00 54.00 0.00 3.00 121.19
57.00 50.00 1.00 5.00 70.55
44.00 52.00 1.00 3.00 135.73
59.00 33.00 1.00 5.00 120.53
5.00 52.00 0.00 4.00 127.22
36.00 56.00 1.00 2.00 106.93
0.00 49.00 1.00 1.00 122.83
57.00 38.00 1.00 2.00 107.81
24.00 56.00 0.00 2.00 112.18
54.00 59.00 1.00 3.00 197.22
33.00 20.00 0.00 3.00 78.75
8.00 58.00 1.00 2.00 165.58
54.00 37.00 0.00 4.00 137.72
53.00 3.00 0.00 5.00 140.79
33.00 24.00 0.00 1.00 178.71
17.00 8.00 1.00 3.00 166.45
25.00 29.00 0.00 3.00 49.88
56.00 54.00 1.00 1.00 180.94
28.00 58.00 0.00 4.00 55.73
52.00 25.00 1.00 4.00 151.98
34.00 41.00 1.00 1.00 114.57
59.00 33.00 1.00 4.00 93.52
57.00 22.00 0.00 5.00 72.50
56.00 54.00 0.00 5.00 168.52
0.00 58.00 1.00 3.00 117.03
30.00 4.00 0.00 4.00 83.32
53.00 56.00 1.00 5.00 96.52
33.00 51.00 1.00 5.00 134.22
20.00 38.00 1.00 1.00 135.46
53.00 38.00 0.00 5.00 190.55
8.00 32.00 1.00 4.00 40.20
25.00 28.00 1.00 3.00 157.28
6.00 52.00 0.00 5.00 55.31
25.00 47.00 0.00 4.00 165.62
45.00 3.00 0.00 2.00 145.45
15.00 56.00 1.00 2.00 152.15
31.00 52.00 0.00 5.00 165.43
58.00 54.00 0.00 1.00 57.10
50.00 56.00 0.00 4.00 168.78
54.00 55.00 1.00 3.00 126.68
38.00 22.00 1.00 5.00 186.77
41.00 50.00 0.00 1.00 133.63
51.00 1.00 1.00 5.00 50.35
38.00 3.00 0.00 2.00 108.89
52.00 6.00 0.00 2.00 165.57
51.00 11.00 1.00 2.00 95.45
19.00 38.00 0.00 2.00 49.34
24.00 56.00 1.00 5.00 108.32
5.00 11.00 1.00 2.00 159.55
0.00 52.00 1.00 4.00 90.39
17.00 38.00 1.00 4.00 75.44
55.00 35.00 0.00 1.00 62.84
55.00 13.00 0.00 5.00 112.61
50.00 55.00 0.00 5.00 160.83
46.00 6.00 0.00 5.00 170.52
45.00 53.00 0.00 3.00 129.42
11.00 56.00 1.00 1.00 105.62
34.00 57.00 1.00 2.00 128.82
33.00 58.00 0.00 3.00 149.74
59.00 53.00 0.00 5.00 102.08
51.00 28.00 1.00 1.00 87.95
59.00 49.00 0.00 2.00 111.70
13.00 58.00 1.00 5.00 127.31
24.00 59.00 1.00 4.00 101.32
57.00 53.00 1.00 4.00 189.59
18.00 58.00 1.00 2.00 132.13
32.00 53.00 0.00 5.00 184.94
53.00 33.00 1.00 5.00 59.92
42.00 23.00 0.00 5.00 86.52
50.00 58.00 1.00 5.00 53.54
13.00 52.00 0.00 3.00 184.81
13.00 52.00 1.00 4.00 191.88
56.00 50.00 1.00 5.00 56.98
53.00 35.00 1.00 1.00 160.57
45.00 52.00 1.00 3.00 185.22
13.00 40.00 0.00 5.00 175.71
1.00 44.00 0.00 3.00 137.67
16.00 53.00 0.00 4.00 87.96
51.00 56.00 1.00 3.00 147.02
50.00 31.00 1.00 2.00 32.60
50.00 59.00 1.00 5.00 129.82
53.00 57.00 1.00 1.00 86.85
33.00 43.00 1.00 5.00 198.72
43.00 7.00 0.00 1.00 160.19
24.00 18.00 0.00 2.00 137.34
18.00 35.00 1.00 3.00 55.44
59.00 39.00 1.00 1.00 164.38
39.00 56.00 1.00 2.00 179.98
26.00 51.00 0.00 1.00 51.97
24.00 39.00 0.00 2.00 34.42
15.00 55.00 0.00 2.00 105.81
18.00 24.00 1.00 2.00 58.44
57.00 3.00 0.00 5.00 186.68
53.00 9.00 1.00 3.00 152.36
54.00 57.00 0.00 3.00 56.37
51.00 58.00 0.00 4.00 35.56
6.00 53.00 0.00 5.00 165.43
29.00 2.00 1.00 4.00 128.51
52.00 42.00 0.00 2.00 145.64
13.00 56.00 1.00 3.00 39.00
24.00 39.00 1.00 4.00 174.17
26.00 1.00 0.00 5.00 50.21
53.00 57.00 1.00 1.00 64.04
27.00 46.00 0.00 4.00 185.47
58.00 48.00 1.00 1.00 97.61
58.00 53.00 0.00 3.00 149.67
7.00 57.00 0.00 2.00 78.83
59.00 50.00 1.00 4.00 89.30
9.00 42.00 1.00 2.00 123.94
1.00 57.00 1.00 3.00 172.04
59.00 52.00 1.00 5.00 44.89
58.00 53.00 1.00 1.00 114.69
13.00 27.00 0.00 5.00 150.48
53.00 27.00 0.00 3.00 80.08
36.00 54.00 0.00 1.00 181.83
57.00 6.00 1.00 4.00 64.32
13.00 19.00 0.00 4.00 90.53
20.00 40.00 1.00 4.00 73.27
48.00 23.00 1.00 4.00 187.12
58.00 6.00 0.00 5.00 69.25
1.00 59.00 1.00 4.00 195.81
55.00 12.00 0.00 1.00 189.63
52.00 41.00 1.00 2.00 196.57
50.00 59.00 1.00 4.00 65.15
58.00 22.00 0.00 2.00 130.64
57.00 53.00 1.00 3.00 46.49
36.00 57.00 1.00 3.00 116.05
59.00 38.00 1.00 3.00 186.67
50.00 47.00 1.00 1.00 113.82
17.00 58.00 0.00 3.00 32.17
53.00 14.00 0.00 4.00 68.64
54.00 31.00 1.00 2.00 157.63
54.00 8.00 1.00 1.00 187.05
53.00 28.00 0.00 5.00 70.03
40.00 21.00 0.00 1.00 105.63
39.00 19.00 1.00 1.00 68.29
53.00 56.00 1.00 2.00 112.61
12.00 26.00 1.00 2.00 184.79
59.00 36.00 1.00 5.00 75.17
2.00 53.00 1.00 1.00 183.17
5.00 41.00 1.00 4.00 63.69
50.00 37.00 1.00 3.00 152.38
1.00 28.00 1.00 3.00 71.15
0.00 24.00 1.00 4.00 92.59
47.00 30.00 0.00 1.00 139.94
16.00 12.00 1.00 3.00 97.97
44.00 54.00 0.00 1.00 198.72
7.00 51.00 0.00 2.00 126.46
5.00 53.00 1.00 4.00 31.28
53.00 28.00 1.00 4.00 171.51
19.00 4.00 1.00 2.00 89.96
21.00 3.00 0.00 4.00 73.33
52.00 8.00 0.00 5.00 59.02
32.00 22.00 1.00 5.00 107.24
58.00 17.00 0.00 5.00 129.78
25.00 56.00 1.00 4.00 51.29
52.00 59.00 1.00 3.00 167.99
0.00 57.00 0.00 4.00 176.34
22.00 55.00 0.00 2.00 191.81
48.00 52.00 0.00 3.00 86.62
14.00 55.00 0.00 1.00 128.17
56.00 52.00 0.00 3.00 153.72
7.00 54.00 0.00 5.00 75.98
43.00 9.00 1.00 2.00 31.53
48.00 53.00 0.00 4.00 148.66
33.00 19.00 1.00 2.00 63.39
7.00 40.00 0.00 3.00 152.27
16.00 29.00 0.00 5.00 51.93
8.00 59.00 0.00 1.00 76.34
55.00 33.00 0.00 5.00 176.92
0.00 49.00 0.00 4.00 148.48
54.00 55.00 1.00 2.00 176.36
49.00 20.00 0.00 2.00 97.40
59.00 52.00 1.00 1.00 163.40
6.00 50.00 1.00 3.00 152.35
54.00 14.00 0.00 1.00 86.39
43.00 13.00 1.00 1.00 121.59
58.00 53.00 0.00 5.00 197.14
58.00 0.00 1.00 2.00 106.84
59.00 35.00 0.00 4.00 74.48
56.00 21.00 1.00 4.00 51.10
39.00 54.00 1.00 1.00 188.55
23.00 57.00 0.00 3.00 71.43
32.00 4.00 0.00 3.00 190.18
57.00 10.00 0.00 3.00 158.47
55.00 17.00 1.00 2.00 184.31
9.00 41.00 1.00 3.00 109.32
53.00 12.00 0.00 3.00 39.69
18.00 36.00 1.00 3.00 118.53
10.00 38.00 1.00 4.00 97.57
55.00 34.00 1.00 3.00 98.10
14.00 53.00 1.00 3.00 126.70
50.00 59.00 0.00 5.00 105.66
43.00 13.00 0.00 1.00 192.92
56.00 51.00 0.00 4.00 77.34
55.00 51.00 0.00 2.00 77.86
53.00 49.00 1.00 2.00 38.80
8.00 40.00 1.00 5.00 61.25
9.00 40.00 1.00 2.00 79.07
55.00 27.00 0.00 5.00 105.44
16.00 59.00 0.00 2.00 189.90
39.00 57.00 1.00 5.00 62.19
52.00 43.00 0.00 2.00 39.32
52.00 39.00 0.00 2.00 129.36
32.00 17.00 1.00 5.00 118.19
9.00 41.00 1.00 1.00 109.75
6.00 45.00 0.00 1.00 142.11
59.00 21.00 0.00 1.00 70.47
54.00 59.00 0.00 4.00 149.04
59.00 21.00 0.00 3.00 104.48
59.00 52.00 0.00 2.00 130.42
34.00 20.00 0.00 2.00 150.45
57.00 23.00 1.00 1.00 125.22
59.00 54.00 0.00 2.00 52.85
53.00 1.00 1.00 5.00 149.37
53.00 7.00 0.00 1.00 167.04
36.00 51.00 0.00 2.00 62.90
16.00 59.00 1.00 2.00 116.08
47.00 4.00 1.00 1.00 142.57
14.00 29.00 0.00 4.00 61.36
44.00 14.00 0.00 3.00 41.51
51.00 56.00 1.00 4.00 142.62
57.00 52.00 0.00 3.00 80.91
25.00 30.00 0.00 3.00 109.71
52.00 32.00 1.00 2.00 116.35
50.00 55.00 1.00 1.00 51.09
31.00 43.00 1.00 2.00 129.52
18.00 11.00 1.00 5.00 137.01
12.00 16.00 0.00 5.00 185.13
51.00 11.00 1.00 3.00 153.27
53.00 42.00 1.00 2.00 48.57
51.00 55.00 0.00 3.00 82.57
0.00 52.00 1.00 5.00 134.50
6.00 46.00 0.00 1.00 32.43
30.00 3.00 0.00 4.00 166.55
36.00 47.00 0.00 3.00 181.90
50.00 12.00 1.00 4.00 162.05
40.00 23.00 1.00 5.00 132.32
15.00 11.00 1.00 4.00 186.28
44.00 5.00 1.00 3.00 121.05
7.00 50.00 1.00 2.00 172.05
58.00 50.00 0.00 4.00 73.04
20.00 31.00 0.00 1.00 76.38
52.00 1.00 0.00 2.00 41.87
6.00 17.00 1.00 3.00 124.88
58.00 23.00 0.00 1.00 157.21
59.00 52.00 0.00 2.00 126.81
52.00 33.00 0.00 2.00 170.83
54.00 37.00 0.00 3.00 183.20
56.00 53.00 0.00 4.00 123.98
14.00 52.00 1.00 3.00 115.99
51.00 32.00 0.00 1.00 191.52
54.00 25.00 0.00 2.00 69.70
23.00 57.00 1.00 1.00 186.91
3.00 15.00 0.00 5.00 132.29
56.00 29.00 0.00 2.00 181.89
32.00 11.00 0.00 3.00 104.84
0.00 58.00 1.00 4.00 177.80
48.00 28.00 1.00 4.00 139.08
52.00 58.00 0.00 4.00 161.12
52.00 56.00 0.00 4.00 55.97
58.00 52.00 1.00 4.00 128.05
14.00 42.00 0.00 2.00 194.19
54.00 6.00 0.00 2.00 164.99
29.00 13.00 0.00 4.00 173.28
37.00 55.00 1.00 2.00 165.15
3.00 42.00 1.00 2.00 157.03
54.00 14.00 0.00 1.00 36.72
36.00 50.00 1.00 3.00 154.44
9.00 59.00 0.00 1.00 95.06
59.00 15.00 0.00 3.00 167.73
6.00 53.00 1.00 1.00 122.81
43.00 50.00 0.00 3.00 62.19
54.00 28.00 1.00 3.00 173.76
58.00 38.00 1.00 5.00 148.32
40.00 21.00 1.00 4.00 127.50
2.00 51.00 0.00 2.00 120.99
59.00 51.00 0.00 5.00 185.71
50.00 58.00 0.00 2.00 185.03
3.00 57.00 1.00 2.00 87.76
52.00 30.00 1.00 4.00 35.86
20.00 2.00 1.00 3.00 156.59
27.00 49.00 0.00 1.00 106.13
54.00 55.00 0.00 2.00 37.19
56.00 53.00 1.00 2.00 120.51
35.00 49.00 1.00 1.00 147.64
53.00 26.00 1.00 1.00 158.61
7.00 46.00 1.00 1.00 130.08
56.00 50.00 1.00 4.00 57.13
59.00 48.00 1.00 4.00 193.42
5.00 53.00 1.00 5.00 123.06
50.00 55.00 1.00 2.00 120.42
54.00 49.00 0.00 5.00 110.35
9.00 23.00 1.00 1.00 169.70
49.00 51.00 1.00 2.00 191.33
37.00 21.00 1.00 2.00 45.37
55.00 22.00 0.00 2.00 118.69
53.00 57.00 1.00 2.00 69.59
1.00 56.00 0.00 4.00 52.32
50.00 58.00 0.00 1.00 48.86
52.00 58.00 0.00 1.00 98.27
8.00 29.00 0.00 1.00 142.39
7.00 54.00 0.00 1.00 120.55
39.00 50.00 0.00 3.00 75.58
27.00 50.00 1.00 5.00 169.04
51.00 59.00 1.00 1.00 137.94
23.00 42.00 0.00 3.00 102.61
13.00 48.00 1.00 1.00 179.38
50.00 57.00 0.00 3.00 148.65
0.00 53.00 1.00 2.00 91.11
56.00 52.00 0.00 4.00 47.60
36.00 51.00 1.00 2.00 92.20
51.00 55.00 1.00 5.00 39.03
59.00 52.00 1.00 4.00 85.31
7.00 57.00 1.00 2.00 184.69
4.00 32.00 1.00 1.00 117.34
29.00 56.00 1.00 4.00 74.79
50.00 6.00 1.00 2.00 125.04
48.00 52.00 0.00 1.00 190.27
16.00 6.00 1.00 3.00 40.65
50.00 42.00 0.00 3.00 33.97
22.00 56.00 1.00 1.00 39.53
34.00 53.00 0.00 1.00 148.31
48.00 58.00 1.00 2.00 33.22
42.00 18.00 1.00 1.00 131.56
51.00 29.00 0.00 3.00 37.16
3.00 57.00 1.00 5.00 141.50
33.00 51.00 0.00 1.00 85.61
6.00 54.00 1.00 1.00 74.74
7.00 51.00 1.00 2.00 48.54
59.00 46.00 1.00 4.00 85.65
53.00 59.00 0.00 1.00 108.86
36.00 50.00 1.00 3.00 114.71
51.00 49.00 1.00 1.00 103.71
55.00 51.00 1.00 2.00 51.99
34.00 55.00 0.00 4.00 185.52
31.00 18.00 0.00 4.00 195.90
51.00 39.00 1.00 1.00 40.84
29.00 51.00 0.00 5.00 64.53
58.00 52.00 1.00 3.00 40.49
57.00 53.00 1.00 1.00 193.66
14.00 54.00 1.00 2.00 118.80
41.00 54.00 1.00 4.00 120.16
59.00 52.00 1.00 4.00 111.96
56.00 14.00 1.00 2.00 141.57
54.00 13.00 0.00 5.00 153.99
50.00 1.00 0.00 1.00 110.49
57.00 34.00 0.00 4.00 128.27
54.00 29.00 1.00 2.00 170.76
59.00 19.00 0.00 5.00 71.10
25.00 43.00 1.00 1.00 199.67
56.00 52.00 0.00 2.00 41.31
52.00 56.00 1.00 3.00 37.71
52.00 57.00 0.00 1.00 165.08
57.00 50.00 1.00 5.00 72.31
52.00 56.00 0.00 5.00 185.98
30.00 52.00 1.00 1.00 64.48
49.00 22.00 1.00 2.00 49.58
55.00 24.00 0.00 4.00 168.33
50.00 55.00 1.00 3.00 95.77
29.00 54.00 1.00 5.00 97.88
30.00 43.00 1.00 5.00 167.59
24.00 17.00 1.00 3.00 70.82
47.00 26.00 0.00 3.00 53.80
55.00 38.00 0.00 1.00 160.63
57.00 52.00 1.00 1.00 87.03
28.00 53.00 0.00 4.00 75.68
47.00 50.00 1.00 2.00 42.19
53.00 59.00 1.00 2.00 101.24
55.00 52.00 1.00 5.00 114.08
55.00 50.00 0.00 2.00 80.13
18.00 6.00 0.00 2.00 154.62
57.00 13.00 0.00 2.00 127.25
52.00 47.00 0.00 2.00 95.73
51.00 32.00 1.00 3.00 161.26
43.00 26.00 0.00 1.00 63.09
55.00 54.00 0.00 1.00 70.68
7.00 51.00 0.00 3.00 123.08
39.00 55.00 1.00 5.00 108.42
53.00 58.00 1.00 2.00 116.78
54.00 58.00 0.00 5.00 148.59
46.00 4.00 1.00 5.00 173.68
53.00 55.00 1.00 3.00 57.12
50.00 7.00 1.00 4.00 56.96
54.00 25.00 1.00 3.00 175.79
54.00 32.00 0.00 3.00 52.80
41.00 34.00 1.00 4.00 193.24
53.00 55.00 0.00 3.00 173.07
35.00 41.00 1.00 4.00 92.07
57.00 53.00 1.00 4.00 75.08
50.00 17.00 0.00 3.00 169.25
53.00 37.00 0.00 1.00 79.40
39.00 51.00 0.00 3.00 194.25
18.00 58.00 0.00 4.00 167.77
3.00 20.00 1.00 2.00 93.07
18.00 55.00 1.00 5.00 136.75
28.00 15.00 1.00 5.00 73.89
10.00 45.00 1.00 3.00 171.63
35.00 21.00 1.00 2.00 50.27
54.00 5.00 0.00 2.00 95.93
45.00 54.00 1.00 1.00 94.33
29.00 1.00 0.00 5.00 91.10
10.00 51.00 0.00 1.00 87.78
12.00 39.00 1.00 4.00 57.49
41.00 53.00 0.00 2.00 148.27
33.00 56.00 0.00 4.00 167.41
51.00 41.00 0.00 3.00 195.28
9.00 54.00 0.00 2.00 31.51
47.00 55.00 0.00 1.00 116.26
2.00 51.00 1.00 4.00 72.01
2.00 51.00 0.00 5.00 83.31
54.00 55.00 0.00 2.00 171.33
45.00 35.00 1.00 5.00 153.59
0.00 21.00 1.00 3.00 75.56
34.00 17.00 1.00 2.00 84.83
28.00 57.00 0.00 3.00 114.03
6.00 56.00 1.00 5.00 136.33
37.00 4.00 1.00 3.00 127.32
55.00 50.00 1.00 4.00 60.03
48.00 59.00 0.00 5.00 90.38
29.00 57.00 1.00 3.00 192.02
53.00 3.00 1.00 1.00 44.12
25.00 30.00 1.00 5.00 186.18
59.00 45.00 1.00 2.00 112.09
46.00 52.00 1.00 1.00 70.16
44.00 22.00 1.00 4.00 138.19
39.00 21.00 0.00 3.00 139.93
55.00 16.00 0.00 1.00 89.85
14.00 28.00 1.00 4.00 114.66
53.00 59.00 0.00 1.00 147.79
51.00 2.00 1.00 2.00 153.95
27.00 52.00 0.00 4.00 96.54
28.00 41.00 0.00 4.00 139.86
7.00 18.00 1.00 2.00 103.65
57.00 54.00 0.00 5.00 126.14
54.00 42.00 1.00 3.00 190.69
54.00 55.00 0.00 4.00 146.69
37.00 19.00 0.00 1.00 124.97
33.00 55.00 1.00 4.00 154.25
52.00 38.00 1.00 2.00 105.56
52.00 44.00 0.00 2.00 38.15
37.00 17.00 1.00 4.00 159.95
57.00 52.00 1.00 4.00 87.21
52.00 7.00 0.00 5.00 58.10
51.00 56.00 0.00 3.00 50.88
4.00 59.00 1.00 1.00 127.28
53.00 29.00 1.00 3.00 192.72
34.00 59.00 1.00 5.00 197.18
42.00 5.00 0.00 2.00 128.61
11.00 46.00 1.00 5.00 199.85
54.00 5.00 0.00 3.00 110.61
52.00 38.00 1.00 1.00 92.82
57.00 53.00 0.00 2.00 35.85
33.00 42.00 1.00 5.00 119.41
47.00 53.00 1.00 2.00 180.51
28.00 57.00 0.00 2.00 160.14
53.00 12.00 1.00 2.00 142.78
58.00 54.00 1.00 1.00 32.05
4.00 36.00 0.00 5.00 53.82
58.00 54.00 1.00 3.00 181.02
26.00 52.00 0.00 1.00 198.22
56.00 11.00 0.00 1.00 131.48
8.00 55.00 1.00 5.00 100.61
50.00 56.00 1.00 3.00 100.93
34.00 22.00 0.00 3.00 94.17
51.00 55.00 1.00 3.00 169.66
24.00 58.00 0.00 2.00 42.48
59.00 4.00 1.00 1.00 168.07
56.00 53.00 1.00 5.00 69.12
52.00 11.00 0.00 3.00 141.49
53.00 59.00 1.00 1.00 79.52
8.00 19.00 1.00 4.00 43.15
15.00 52.00 0.00 5.00 89.61
53.00 55.00 0.00 4.00 48.66
39.00 36.00 1.00 4.00 168.25
35.00 15.00 1.00 1.00 55.10
58.00 3.00 1.00 2.00 49.50
29.00 24.00 0.00 2.00 54.77
55.00 10.00 1.00 3.00 114.08
42.00 54.00 1.00 4.00 74.55
52.00 56.00 0.00 4.00 47.69
56.00 34.00 0.00 1.00 54.24
51.00 56.00 0.00 2.00 165.89
57.00 50.00 1.00 1.00 191.79
51.00 56.00 1.00 4.00 54.93
5.00 49.00 1.00 1.00 70.21
49.00 4.00 0.00 2.00 165.04
44.00 11.00 0.00 5.00 177.00
48.00 21.00 1.00 5.00 178.27
58.00 52.00 1.00 4.00 97.88
0.00 59.00 0.00 2.00 123.39
8.00 59.00 0.00 1.00 195.77
54.00 28.00 0.00 3.00 58.39
54.00 59.00 1.00 3.00 139.17
58.00 37.00 0.00 1.00 81.53
59.00 54.00 1.00 3.00 183.71
41.00 27.00 1.00 5.00 88.18
54.00 20.00 0.00 4.00 55.87
3.00 52.00 1.00 5.00 101.49
57.00 6.00 0.00 3.00 62.71
58.00 18.00 1.00 4.00 52.36
26.00 46.00 1.00 3.00 61.82
45.00 57.00 1.00 4.00 44.09
7.00 50.00 0.00 2.00 48.73
4.00 50.00 1.00 2.00 109.61
26.00 16.00 0.00 5.00 148.34
19.00 26.00 1.00 4.00 159.68
21.00 56.00 0.00 4.00 101.29
52.00 56.00 0.00 5.00 66.63
28.00 54.00 1.00 5.00 98.13
57.00 45.00 1.00 2.00 61.79
37.00 38.00 0.00 5.00 105.44
34.00 58.00 0.00 5.00 168.65
36.00 52.00 1.00 4.00 163.97
10.00 52.00 0.00 3.00 155.71
9.00 29.00 1.00 2.00 153.51
9.00 52.00 0.00 4.00 144.96
8.00 58.00 1.00 3.00 150.87
53.00 59.00 0.00 1.00 82.46
51.00 10.00 0.00 5.00 122.22
57.00 34.00 1.00 1.00 74.64
50.00 58.00 0.00 3.00 31.71
8.00 49.00 1.00 3.00 176.07
52.00 27.00 1.00 2.00 195.05
55.00 37.00 1.00 5.00 155.32
19.00 55.00 0.00 1.00 109.77
57.00 51.00 0.00 1.00 97.42
21.00 59.00 1.00 5.00 76.99
53.00 59.00 1.00 3.00 143.47
59.00 38.00 0.00 2.00 155.15
57.00 6.00 0.00 5.00 55.81
27.00 53.00 1.00 2.00 129.12
54.00 37.00 0.00 3.00 92.10
52.00 9.00 0.00 5.00 39.47
45.00 28.00 1.00 4.00 130.54
8.00 52.00 0.00 3.00 84.75
4.00 58.00 1.00 5.00 65.59
59.00 52.00 0.00 5.00 107.99
7.00 54.00 0.00 5.00 187.06
53.00 31.00 0.00 1.00 61.83
17.00 56.00 0.00 4.00 46.06
8.00 55.00 1.00 2.00 111.62
7.00 21.00 0.00 5.00 98.09
55.00 4.00 1.00 1.00 50.75
7.00 59.00 1.00 2.00 91.97
48.00 59.00 1.00 5.00 42.41
1.00 54.00 0.00 3.00 141.74
48.00 28.00 1.00 2.00 100.36
58.00 50.00 0.00 5.00 36.05
11.00 43.00 0.00 5.00 107.99
57.00 18.00 0.00 4.00 156.45
38.00 14.00 1.00 2.00 86.27
54.00 48.00 0.00 5.00 67.24
46.00 54.00 0.00 4.00 105.07
59.00 50.00 0.00 2.00 196.25
11.00 32.00 0.00 2.00 172.26
55.00 54.00 0.00 3.00 118.72
59.00 53.00 1.00 2.00 139.75
54.00 40.00 0.00 4.00 74.71
53.00 59.00 1.00 4.00 137.72
57.00 37.00 0.00 5.00 125.86
56.00 54.00 0.00 2.00 34.38
3.00 43.00 0.00 1.00 63.04
35.00 45.00 1.00 1.00 34.14
50.00 58.00 0.00 2.00 139.74
51.00 55.00 0.00 2.00 74.56
30.00 39.00 1.00 1.00 182.91
51.00 4.00 0.00 5.00 157.65
51.00 59.00 0.00 4.00 127.92
48.00 39.00 1.00 3.00 141.06
56.00 54.00 0.00 3.00 100.88
57.00 50.00 0.00 2.00 145.85
30.00 11.00 0.00 5.00 105.73
56.00 52.00 0.00 2.00 92.20
45.00 34.00 0.00 1.00 107.77
12.00 56.00 1.00 2.00 154.59
59.00 54.00 1.00 4.00 183.04
50.00 28.00 1.00 5.00 185.46
4.00 39.00 1.00 4.00 110.23
38.00 51.00 1.00 3.00 41.64
30.00 52.00 1.00 1.00 55.88
24.00 54.00 0.00 3.00 182.98
3.00 44.00 0.00 1.00 108.42
51.00 13.00 1.00 1.00 143.78
5.00 50.00 0.00 5.00 32.86
58.00 45.00 0.00 3.00 185.90
53.00 15.00 1.00 1.00 85.02
54.00 47.00 1.00 4.00 78.96
30.00 59.00 0.00 1.00 72.88
53.00 57.00 0.00 4.00 53.39
55.00 11.00 0.00 4.00 172.92
57.00 9.00 1.00 5.00 160.45
13.00 20.00 1.00 4.00 165.92
26.00 55.00 0.00 3.00 35.00
20.00 54.00 0.00 3.00 42.32
7.00 17.00 0.00 4.00 98.37
58.00 53.00 1.00 2.00 118.81
6.00 57.00 1.00 1.00 68.97
22.00 30.00 1.00 5.00 84.98
54.00 57.00 1.00 1.00 168.02
26.00 50.00 0.00 5.00 158.03
42.00 50.00 0.00 3.00 120.44
54.00 59.00 0.00 2.00 155.27
19.00 11.00 1.00 4.00 110.85
15.00 53.00 1.00 5.00 131.30
54.00 57.00 0.00 5.00 121.81
3.00 41.00 1.00 2.00 181.47
57.00 10.00 0.00 2.00 83.83
13.00 53.00 0.00 4.00 74.04
59.00 54.00 1.00 5.00 194.18
56.00 50.00 1.00 1.00 83.27
32.00 52.00 0.00 3.00 74.19
53.00 47.00 0.00 5.00 168.93
50.00 43.00 1.00 3.00 107.10
9.00 40.00 1.00 1.00 169.20
26.00 13.00 1.00 4.00 35.94
55.00 8.00 1.00 1.00 96.49
54.00 55.00 1.00 4.00 41.23
17.00 56.00 1.00 2.00 161.49
51.00 39.00 1.00 3.00 126.30
17.00 26.00 1.00 4.00 89.56
33.00 14.00 1.00 5.00 127.32
53.00 3.00 1.00 4.00 65.33
41.00 19.00 1.00 4.00 140.92
54.00 56.00 0.00 4.00 51.31
40.00 8.00 0.00 3.00 30.68
50.00 55.00 0.00 5.00 196.63
44.00 12.00 1.00 2.00 136.32
49.00 19.00 0.00 1.00 80.51
54.00 26.00 1.00 3.00 192.94
58.00 51.00 1.00 2.00 86.54
46.00 50.00 1.00 1.00 65.42
53.00 55.00 1.00 3.00 154.41
52.00 57.00 0.00 1.00 118.46
46.00 1.00 0.00 2.00 37.80
13.00 28.00 1.00 3.00 113.47
19.00 3.00 1.00 4.00 137.35
59.00 2.00 1.00 4.00 160.68
55.00 50.00 0.00 2.00 45.20
58.00 28.00 1.00 2.00 134.33
57.00 52.00 0.00 1.00 93.44
2.00 41.00 0.00 5.00 99.59
58.00 52.00 1.00 5.00 57.24
25.00 54.00 1.00 4.00 133.95
52.00 45.00 1.00 1.00 84.08
7.00 58.00 0.00 2.00 63.51
53.00 57.00 1.00 2.00 109.74
58.00 26.00 0.00 1.00 165.00
58.00 52.00 0.00 3.00 118.82
52.00 56.00 0.00 4.00 90.26
53.00 58.00 0.00 2.00 159.48
57.00 18.00 0.00 1.00 61.01
51.00 59.00 0.00 3.00 132.44
9.00 23.00 1.00 4.00 68.56
6.00 50.00 0.00 1.00 111.15
13.00 45.00 1.00 1.00 190.30
57.00 34.00 0.00 1.00 176.32
50.00 33.00 1.00 5.00 115.29
58.00 37.00 0.00 4.00 118.76
48.00 27.00 1.00 3.00 53.67
54.00 59.00 1.00 3.00 150.42
21.00 6.00 0.00 4.00 123.44
53.00 58.00 0.00 5.00 47.15
57.00 51.00 0.00 5.00 110.33
30.00 33.00 1.00 1.00 162.58
54.00 55.00 0.00 1.00 149.22
56.00 52.00 0.00 3.00 79.96
29.00 23.00 0.00 1.00 139.22
59.00 7.00 1.00 1.00 188.11
50.00 56.00 0.00 3.00 83.65
0.00 52.00 1.00 1.00 155.30
4.00 20.00 1.00 2.00 170.75
17.00 35.00 0.00 1.00 191.37
54.00 16.00 1.00 5.00 162.26
44.00 38.00 1.00 4.00 135.66
57.00 53.00 0.00 5.00 88.16
56.00 54.00 1.00 1.00 143.08
54.00 57.00 1.00 2.00 110.98
56.00 18.00 1.00 4.00 144.83
51.00 57.00 1.00 5.00 102.27
11.00 30.00 0.00 5.00 179.80
52.00 59.00 0.00 4.00 161.24
37.00 53.00 1.00 1.00 53.14
49.00 13.00 1.00 2.00 161.07
58.00 29.00 0.00 1.00 50.11
54.00 59.00 0.00 3.00 38.75
53.00 57.00 1.00 1.00 128.04
19.00 28.00 1.00 4.00 36.17
32.00 53.00 1.00 1.00 102.00
30.00 16.00 1.00 4.00 50.81
51.00 56.00 1.00 1.00 37.13
58.00 52.00 0.00 4.00 111.05
42.00 14.00 0.00 3.00 53.51
55.00 2.00 0.00 3.00 51.58
28.00 52.00 1.00 4.00 142.33
49.00 53.00 1.00 3.00 57.27
53.00 58.00 0.00 3.00 136.68
56.00 5.00 0.00 2.00 75.48
4.00 59.00 1.00 1.00 196.75
57.00 54.00 0.00 2.00 93.38
56.00 50.00 0.00 2.00 171.02
34.00 59.00 0.00 4.00 187.58
52.00 14.00 1.00 2.00 195.09
13.00 32.00 1.00 3.00 156.31
58.00 32.00 0.00 1.00 193.83
55.00 51.00 1.00 2.00 129.47
35.00 52.00 1.00 3.00 94.98
57.00 52.00 0.00 4.00 68.85
58.00 31.00 0.00 3.00 86.81
50.00 46.00 0.00 2.00 121.76
40.00 52.00 0.00 4.00 129.82
42.00 27.00 0.00 1.00 32.71
38.00 9.00 0.00 4.00 108.95
52.00 11.00 1.00 3.00 45.18
2.00 43.00 1.00 4.00 187.93
7.00 52.00 1.00 3.00 110.43
55.00 20.00 1.00 1.00 93.46
22.00 7.00 1.00 3.00 46.81
30.00 22.00 1.00 2.00 182.57
14.00 52.00 0.00 4.00 197.76
49.00 35.00 1.00 4.00 67.74
51.00 25.00 1.00 3.00 143.69
58.00 52.00 0.00 5.00 78.12
57.00 54.00 0.00 4.00 79.96
3.00 20.00 1.00 4.00 143.90
56.00 51.00 0.00 1.00 149.00
4.00 21.00 1.00 5.00 58.26
59.00 29.00 1.00 1.00 154.84
48.00 52.00 0.00 5.00 194.09
55.00 47.00 0.00 1.00 165.16
55.00 53.00 0.00 2.00 187.81
33.00 58.00 1.00 4.00 59.82
51.00 56.00 1.00 3.00 171.08
53.00 8.00 1.00 1.00 105.83
53.00 56.00 0.00 2.00 83.42
20.00 56.00 1.00 2.00 47.84
59.00 52.00 1.00 3.00 82.85
56.00 52.00 0.00 4.00 87.60
36.00 47.00 0.00 3.00 90.88
0.00 18.00 1.00 3.00 133.52
55.00 37.00 1.00 1.00 52.20
47.00 13.00 0.00 2.00 100.32
0.00 52.00 0.00 4.00 96.65
10.00 49.00 1.00 1.00 164.16
16.00 57.00 0.00 3.00 96.33
37.00 52.00 0.00 5.00 144.60
47.00 51.00 0.00 3.00 154.18
25.00 54.00 0.00 5.00 173.48
59.00 52.00 1.00 3.00 65.26
33.00 50.00 1.00 5.00 168.33
55.00 38.00 1.00 3.00 165.52
26.00 40.00 1.00 1.00 119.86
59.00 50.00 1.00 2.00 170.21
54.00 45.00 1.00 4.00 38.45
52.00 55.00 1.00 2.00 126.84
59.00 50.00 0.00 2.00 192.51
44.00 50.00 0.00 1.00 117.79
15.00 39.00 0.00 3.00 105.03
38.00 51.00 1.00 4.00 185.62
59.00 48.00 0.00 5.00 41.81
57.00 50.00 1.00 4.00 83.63
22.00 1.00 0.00 4.00 172.38
36.00 50.00 1.00 2.00 147.28
51.00 38.00 1.00 1.00 114.40
50.00 41.00 1.00 4.00 109.63
24.00 57.00 0.00 2.00 37.21
33.00 22.00 0.00 1.00 165.87
58.00 31.00 1.00 5.00 127.77
54.00 9.00 0.00 2.00 98.50
58.00 36.00 1.00 2.00 90.92
51.00 10.00 0.00 3.00 71.02
52.00 56.00 1.00 4.00 198.95
50.00 29.00 0.00 5.00 129.03
50.00 44.00 0.00 3.00 62.63
55.00 26.00 0.00 1.00 65.72
50.00 43.00 0.00 2.00 145.06
59.00 54.00 1.00 2.00 98.33
51.00 9.00 0.00 4.00 141.15
32.00 4.00 1.00 5.00 68.48
2.00 56.00 1.00 3.00 80.27
27.00 3.00 0.00 4.00 113.65
8.00 41.00 1.00 3.00 38.95
34.00 43.00 1.00 5.00 141.95
40.00 54.00 0.00 1.00 34.76
56.00 6.00 1.00 2.00 95.46
2.00 54.00 0.00 5.00 41.26
57.00 4.00 1.00 3.00 83.76
57.00 27.00 1.00 4.00 86.22
59.00 53.00 1.00 4.00 139.88
30.00 10.00 0.00 1.00 195.99
56.00 2.00 0.00 5.00 188.55
59.00 27.00 0.00 4.00 164.83
17.00 24.00 1.00 1.00 62.80
41.00 1.00 1.00 3.00 116.99
50.00 57.00 0.00 3.00 112.21
51.00 59.00 1.00 3.00 162.54
53.00 36.00 0.00 1.00 82.63
56.00 51.00 0.00 4.00 173.75
56.00 5.00 1.00 5.00 82.79
49.00 51.00 0.00 5.00 164.13
25.00 19.00 1.00 5.00 193.64
52.00 47.00 1.00 5.00 127.66
41.00 34.00 1.00 5.00 102.12
55.00 3.00 0.00 4.00 142.85
11.00 44.00 0.00 3.00 187.93
53.00 15.00 0.00 4.00 145.85
29.00 51.00 1.00 1.00 47.18
41.00 26.00 0.00 2.00 33.23
52.00 49.00 0.00 4.00 115.34
54.00 32.00 0.00 1.00 156.96
44.00 39.00 1.00 2.00 150.53
16.00 5.00 0.00 1.00 196.96
37.00 4.00 1.00 4.00 114.60
58.00 51.00 0.00 1.00 52.67
32.00 0.00 1.00 1.00 177.89
54.00 26.00 1.00 1.00 135.10
50.00 39.00 0.00 5.00 104.24
7.00 42.00 0.00 3.00 97.65
43.00 35.00 1.00 5.00 172.83
55.00 51.00 0.00 5.00 89.18
36.00 55.00 1.00 3.00 59.66
50.00 38.00 0.00 5.00 101.57
27.00 50.00 0.00 1.00 169.11
53.00 56.00 1.00 1.00 141.03
55.00 51.00 0.00 4.00 185.02
52.00 26.00 1.00 5.00 143.24
31.00 33.00 1.00 5.00 162.80
52.00 11.00 1.00 3.00 53.76
35.00 49.00 0.00 4.00 45.04
52.00 15.00 1.00 5.00 96.37
41.00 33.00 0.00 4.00 108.34
50.00 31.00 0.00 5.00 88.64
1.00 21.00 1.00 5.00 197.54
28.00 52.00 0.00 2.00 123.13
50.00 58.00 0.00 2.00 47.47
1.00 53.00 1.00 3.00 131.11
18.00 9.00 0.00 1.00 97.29
4.00 18.00 1.00 5.00 134.00
55.00 53.00 1.00 2.00 48.18
50.00 47.00 0.00 3.00 186.35
29.00 13.00 0.00 4.00 160.29
43.00 52.00 0.00 4.00 195.31
24.00 19.00 1.00 3.00 128.85
14.00 2.00 0.00 2.00 197.43
3.00 55.00 1.00 5.00 74.73
58.00 51.00 0.00 5.00 194.82
5.00 52.00 0.00 5.00 165.94
57.00 52.00 1.00 2.00 40.42
58.00 52.00 0.00 4.00 76.76
55.00 50.00 0.00 5.00 168.78
53.00 56.00 0.00 2.00 104.20
27.00 13.00 1.00 5.00 106.72
47.00 29.00 1.00 3.00 125.05
51.00 57.00 1.00 5.00 104.56
37.00 3.00 0.00 4.00 155.05
36.00 20.00 0.00 3.00 108.76
47.00 29.00 0.00 5.00 139.19
36.00 50.00 1.00 3.00 183.31
47.00 6.00 0.00 4.00 67.12
20.00 56.00 0.00 2.00 63.57
53.00 55.00 1.00 3.00 190.87
39.00 51.00 1.00 4.00 170.38
53.00 11.00 1.00 3.00 179.62
55.00 51.00 0.00 1.00 103.38
52.00 2.00 1.00 4.00 186.61
57.00 37.00 0.00 3.00 116.65
36.00 55.00 0.00 5.00 120.04
9.00 27.00 0.00 5.00 44.79
55.00 0.00 1.00 5.00 140.37
59.00 22.00 1.00 5.00 166.29
57.00 13.00 0.00 2.00 63.79
51.00 46.00 1.00 3.00 180.30
22.00 55.00 1.00 5.00 101.96
50.00 56.00 0.00 3.00 100.01
52.00 47.00 1.00 3.00 166.61
34.00 45.00 1.00 2.00 193.92
54.00 55.00 0.00 1.00 169.38
52.00 58.00 1.00 3.00 61.75
46.00 54.00 1.00 3.00 142.70
50.00 49.00 0.00 3.00 85.82
31.00 2.00 0.00 2.00 67.55
31.00 10.00 1.00 2.00 61.88
29.00 8.00 1.00 5.00 95.89
9.00 50.00 0.00 2.00 31.69
38.00 21.00 1.00 1.00 57.98
25.00 52.00 1.00 5.00 36.53
58.00 52.00 0.00 3.00 127.47
27.00 21.00 1.00 1.00 131.92
31.00 54.00 0.00 2.00 47.42
45.00 5.00 1.00 4.00 120.85
45.00 3.00 0.00 3.00 60.90
50.00 57.00 0.00 1.00 136.94
59.00 45.00 0.00 4.00 140.53
51.00 11.00 1.00 2.00 61.28
50.00 7.00 1.00 5.00 192.41
38.00 49.00 0.00 5.00 48.57
22.00 49.00 1.00 1.00 105.40
40.00 54.00 1.00 3.00 121.40
56.00 51.00 1.00 2.00 130.33
58.00 52.00 0.00 3.00 80.19
1.00 31.00 0.00 5.00 89.73
20.00 58.00 0.00 5.00 128.23
56.00 19.00 0.00 5.00 178.54
52.00 55.00 1.00 3.00 37.11
52.00 59.00 1.00 2.00 190.54
21.00 55.00 0.00 4.00 197.60
44.00 13.00 0.00 5.00 99.02
18.00 56.00 0.00 4.00 73.99
55.00 18.00 0.00 1.00 40.39
51.00 28.00 0.00 5.00 90.99
54.00 6.00 0.00 1.00 40.02
28.00 56.00 0.00 1.00 46.04
9.00 28.00 0.00 4.00 157.09
15.00 56.00 0.00 4.00 191.60
17.00 13.00 0.00 1.00 130.04
56.00 52.00 1.00 3.00 78.92
52.00 4.00 1.00 5.00 36.17
5.00 16.00 0.00 5.00 33.57
57.00 54.00 0.00 5.00 122.23
17.00 55.00 1.00 1.00 126.58
59.00 25.00 0.00 1.00 175.25
57.00 35.00 1.00 5.00 96.65
54.00 57.00 0.00 5.00 146.36
58.00 51.00 1.00 4.00 128.22
20.00 31.00 1.00 5.00 182.93
16.00 38.00 0.00 1.00 87.38
39.00 55.00 1.00 3.00 155.60
56.00 2.00 0.00 4.00 192.57
18.00 58.00 1.00 2.00 124.44
52.00 55.00 0.00 2.00 155.14
50.00 27.00 0.00 2.00 36.69
33.00 48.00 1.00 3.00 122.24
54.00 37.00 0.00 4.00 152.26
56.00 0.00 1.00 4.00 99.67
58.00 52.00 1.00 5.00 110.31
58.00 16.00 0.00 2.00 65.40
18.00 39.00 0.00 1.00 102.23
51.00 2.00 0.00 3.00 75.07
43.00 12.00 1.00 5.00 57.30
29.00 50.00 0.00 1.00 163.93
54.00 55.00 0.00 5.00 101.21
37.00 54.00 0.00 3.00 109.91
51.00 58.00 0.00 5.00 62.46
50.00 58.00 0.00 5.00 164.77
50.00 57.00 0.00 1.00 63.94
50.00 13.00 0.00 1.00 187.69
38.00 45.00 0.00 1.00 51.27
39.00 50.00 0.00 1.00 170.04
54.00 59.00 1.00 1.00 137.54
18.00 33.00 1.00 2.00 184.89
57.00 50.00 0.00 4.00 103.72
24.00 58.00 1.00 2.00 161.20
59.00 50.00 1.00 2.00 81.19
40.00 3.00 0.00 2.00 64.39
59.00 0.00 0.00 2.00 195.34
29.00 58.00 0.00 1.00 110.26
54.00 49.00 0.00 3.00 31.11
13.00 21.00 1.00 5.00 198.43
37.00 52.00 0.00 2.00 88.64
54.00 57.00 0.00 3.00 53.67
59.00 52.00 0.00 5.00 128.51
35.00 18.00 1.00 3.00 136.20
24.00 33.00 0.00 3.00 185.24
10.00 58.00 0.00 5.00 82.50
50.00 57.00 0.00 2.00 63.67
6.00 51.00 0.00 4.00 199.76
37.00 18.00 1.00 5.00 110.78
30.00 59.00 1.00 3.00 107.81
55.00 26.00 0.00 4.00 80.34
38.00 43.00 0.00 5.00 136.28
51.00 0.00 0.00 4.00 108.82
55.00 52.00 0.00 5.00 193.00
8.00 26.00 0.00 3.00 163.32
23.00 58.00 0.00 3.00 196.39
53.00 11.00 0.00 4.00 155.20
57.00 31.00 0.00 5.00 61.56
57.00 52.00 1.00 1.00 98.50
17.00 55.00 0.00 2.00 36.15
38.00 56.00 0.00 4.00 75.77
2.00 54.00 0.00 4.00 92.55
36.00 57.00 1.00 5.00 182.79
52.00 10.00 1.00 2.00 32.15
35.00 49.00 0.00 2.00 142.38
38.00 50.00 0.00 5.00 103.42
20.00 56.00 0.00 1.00 150.57
8.00 19.00 0.00 4.00 69.46
28.00 9.00 0.00 1.00 173.97
16.00 56.00 0.00 3.00 155.11
55.00 1.00 1.00 2.00 132.60
52.00 58.00 1.00 2.00 83.08
10.00 29.00 0.00 1.00 114.21
22.00 28.00 0.00 2.00 93.58
55.00 52.00 0.00 1.00 76.47
19.00 59.00 0.00 2.00 91.40
53.00 7.00 1.00 4.00 168.67
40.00 4.00 1.00 4.00 153.80
58.00 54.00 0.00 4.00 154.11
53.00 8.00 0.00 1.00 185.24
43.00 6.00 0.00 2.00 140.21
42.00 9.00 0.00 5.00 185.91
31.00 53.00 0.00 4.00 32.20
27.00 25.00 0.00 4.00 107.62
55.00 22.00 0.00 4.00 94.62
46.00 51.00 1.00 2.00 150.27
36.00 55.00 0.00 5.00 192.90
50.00 27.00 0.00 2.00 117.29
20.00 38.00 0.00 2.00 45.95
56.00 37.00 0.00 3.00 148.35
42.00 52.00 0.00 5.00 183.25
56.00 11.00 0.00 5.00 38.32
56.00 50.00 1.00 3.00 99.06
7.00 53.00 1.00 4.00 119.91
0.00 50.00 0.00 4.00 96.82
53.00 41.00 0.00 1.00 41.17
52.00 27.00 0.00 4.00 61.55
8.00 57.00 0.00 2.00 36.56
2.00 45.00 1.00 1.00 31.41
59.00 51.00 0.00 1.00 176.41
26.00 45.00 1.00 2.00 186.90
40.00 51.00 1.00 2.00 34.85
53.00 40.00 0.00 5.00 124.58
41.00 23.00 1.00 4.00 102.17
11.00 59.00 1.00 3.00 83.35
2.00 57.00 1.00 1.00 57.83
15.00 2.00 0.00 2.00 137.34
55.00 25.00 0.00 4.00 168.57
55.00 54.00 1.00 5.00 62.78
22.00 5.00 1.00 1.00 122.81
17.00 55.00 1.00 3.00 191.92
57.00 53.00 1.00 1.00 180.87
15.00 29.00 1.00 2.00 43.53
29.00 24.00 1.00 2.00 168.24
47.00 28.00 0.00 2.00 85.59
59.00 50.00 1.00 3.00 139.99
51.00 55.00 1.00 4.00 174.92
6.00 21.00 0.00 4.00 44.70
50.00 58.00 1.00 4.00 33.86
54.00 1.00 0.00 2.00 181.24
55.00 54.00 0.00 3.00 42.96
10.00 45.00 1.00 1.00 198.18
20.00 58.00 1.00 4.00 116.60
56.00 52.00 1.00 1.00 51.00
53.00 33.00 0.00 1.00 127.92
59.00 19.00 1.00 5.00 33.31
16.00 0.00 0.00 2.00 62.44
54.00 56.00 1.00 5.00 79.70
56.00 52.00 1.00 1.00 104.28
37.00 51.00 1.00 5.00 43.34
32.00 24.00 0.00 1.00 130.18
11.00 29.00 0.00 3.00 184.33
20.00 30.00 1.00 5.00 122.77
50.00 55.00 0.00 2.00 55.01
54.00 1.00 1.00 3.00 95.43
59.00 54.00 1.00 2.00 162.79
44.00 39.00 0.00 5.00 198.80
57.00 1.00 0.00 4.00 114.38
51.00 59.00 1.00 5.00 36.20
6.00 44.00 0.00 4.00 80.95
34.00 54.00 1.00 4.00 68.22
48.00 12.00 0.00 5.00 41.79
12.00 42.00 1.00 5.00 44.33
58.00 50.00 0.00 2.00 119.58
43.00 30.00 0.00 2.00 93.64
50.00 57.00 1.00 3.00 100.97
51.00 7.00 0.00 3.00 70.15
48.00 22.00 1.00 3.00 157.73
3.00 57.00 0.00 1.00 52.67
21.00 56.00 1.00 2.00 37.64
39.00 11.00 1.00 5.00 140.72
55.00 50.00 1.00 4.00 107.22
32.00 58.00 1.00 3.00 196.17
30.00 24.00 1.00 3.00 115.97
33.00 52.00 0.00 2.00 177.55
35.00 51.00 0.00 4.00 84.38
58.00 50.00 0.00 2.00 81.84
51.00 56.00 1.00 4.00 53.59
1.00 44.00 0.00 2.00 94.98
55.00 20.00 1.00 1.00 62.40
51.00 59.00 1.00 2.00 138.57
41.00 23.00 1.00 2.00 98.55
50.00 7.00 0.00 2.00 35.06
55.00 11.00 1.00 4.00 102.79
52.00 58.00 1.00 1.00 39.48
31.00 57.00 0.00 5.00 196.88
10.00 58.00 1.00 4.00 50.84
33.00 19.00 1.00 5.00 43.81
58.00 8.00 0.00 5.00 71.91
31.00 4.00 0.00 4.00 175.20
57.00 6.00 0.00 1.00 195.50
33.00 59.00 0.00 1.00 43.74
26.00 42.00 0.00 5.00 158.70
2.00 54.00 0.00 5.00 81.60
9.00 54.00 0.00 4.00 94.43
4.00 56.00 0.00 4.00 141.35
45.00 57.00 0.00 1.00 161.06
50.00 38.00 0.00 4.00 54.62
34.00 18.00 1.00 1.00 184.39
11.00 55.00 1.00 1.00 138.45
39.00 55.00 0.00 1.00 192.62
35.00 55.00 0.00 1.00 141.06
52.00 4.00 0.00 2.00 150.68
31.00 58.00 0.00 1.00 46.87
42.00 50.00 0.00 3.00 130.95
4.00 55.00 1.00 4.00 196.33
50.00 58.00 1.00 4.00 61.26
21.00 58.00 0.00 2.00 57.04
50.00 56.00 1.00 3.00 158.46
59.00 14.00 0.00 1.00 35.27
18.00 2.00 1.00 2.00 73.31
37.00 23.00 0.00 5.00 134.47
59.00 50.00 0.00 4.00 157.29
53.00 59.00 1.00 1.00 165.18
