16.00 59.00 0.00 5.00 164.90
42.00 25.00 0.00 2.00 58.18
8.00 27.00 1.00 4.00 56.64
29.00 9.00 0.00 2.00 198.72
54.00 59.00 1.00 5.00 120.32
57.00 23.00 1.00 4.00 169.44
10.00 54.00 1.00 1.00 39.48
55.00 17.00 1.00 1.00 179.47
58.00 54.00 1.00 2.00 155.46
10.00 57.00 1.00 4.00 81.13
4.00 20.00 1.00 1.00 82.95
13.00 42.00 0.00 2.00 96.10
45.00 59.00 1.00 2.00 196.07
57.00 21.00 1.00 4.00 159.91
5.00 28.00 1.00 1.00 115.31
5.00 57.00 0.00 4.00 33.45
52.00 11.00 0.00 4.00 148.63
11.00 30.00 1.00 2.00 171.13
6.00 52.00 0.00 3.00 53.74
55.00 50.00 0.00 4.00 164.95
50.00 55.00 1.00 2.00 177.73
53.00 55.00 0.00 3.00 184.31
23.00 59.00 1.00 2.00 145.22
41.00 52.00 1.00 1.00 42.98
35.00 19.00 0.00 5.00 118.76
53.00 55.00 0.00 3.00 151.02
57.00 50.00 0.00 2.00 55.18
39.00 25.00 1.00 1.00 80.21
59.00 27.00 1.00 1.00 108.45
58.00 53.00 0.00 3.00 97.97
7.00 53.00 1.00 3.00 164.28
7.00 56.00 1.00 2.00 53.76
50.00 13.00 1.00 4.00 86.84
54.00 59.00 1.00 4.00 77.19
53.00 56.00 1.00 5.00 78.53
54.00 58.00 0.00 4.00 164.66
38.00 57.00 0.00 2.00 33.63
4.00 50.00 0.00 5.00 66.11
50.00 0.00 1.00 1.00 184.56
8.00 44.00 1.00 3.00 122.39
27.00 21.00 0.00 3.00 97.96
58.00 12.00 0.00 3.00 98.72
0.00 48.00 0.00 3.00 86.76
56.00 54.00 0.00 3.00 104.20
50.00 58.00 0.00 2.00 40.11
6.00 22.00 0.00 4.00 71.09
38.00 58.00 1.00 3.00 50.72
49.00 11.00 1.00 4.00 36.24
50.00 56.00 0.00 3.00 197.10
25.00 57.00 0.00 3.00 70.72
57.00 50.00 0.00 1.00 55.92
53.00 11.00 1.00 3.00 127.21
50.00 43.00 0.00 3.00 171.43
55.00 47.00 1.00 5.00 199.03
1.00 46.00 0.00 2.00 41.77
25.00 54.00 1.00 3.00 100.80
52.00 32.00 1.00 5.00 110.23
6.00 52.00 0.00 1.00 56.32
38.00 54.00 1.00 1.00 100.60
17.00 32.00 1.00 4.00 194.83
37.00 53.00 0.00 2.00 94.64
35.00 50.00 0.00 3.00 83.40
57.00 4.00 0.00 4.00 46.80
53.00 56.00 1.00 3.00 135.89
58.00 53.00 1.00 2.00 86.54
2.00 46.00 0.00 1.00 158.33
35.00 40.00 1.00 4.00 119.47
56.00 5.00 0.00 5.00 54.15
6.00 42.00 1.00 4.00 44.86
18.00 27.00 1.00 5.00 30.66
47.00 8.00 1.00 5.00 74.76
50.00 9.00 0.00 4.00 162.26
38.00 55.00 1.00 2.00 107.56
54.00 7.00 1.00 1.00 83.77
43.00 54.00 1.00 4.00 182.21
52.00 38.00 0.00 4.00 166.70
58.00 31.00 1.00 2.00 194.45
59.00 53.00 0.00 3.00 85.06
31.00 51.00 0.00 2.00 129.14
51.00 58.00 0.00 2.00 188.53
55.00 51.00 0.00 4.00 125.99
32.00 19.00 1.00 3.00 83.30
50.00 38.00 0.00 1.00 172.50
54.00 55.00 1.00 5.00 53.47
11.00 31.00 0.00 4.00 107.25
5.00 44.00 0.00 3.00 174.69
53.00 7.00 0.00 4.00 186.83
8.00 55.00 1.00 3.00 33.84
42.00 53.00 0.00 5.00 111.40
19.00 39.00 1.00 4.00 84.22
52.00 56.00 0.00 1.00 73.81
53.00 36.00 0.00 2.00 180.98
56.00 53.00 0.00 2.00 49.59
59.00 35.00 0.00 4.00 31.59
21.00 12.00 1.00 1.00 119.43
33.00 23.00 0.00 4.00 166.73
53.00 56.00 1.00 1.00 84.31
52.00 58.00 0.00 4.00 101.13
55.00 2.00 0.00 5.00 185.18
34.00 58.00 0.00 2.00 52.82
3.00 58.00 0.00 2.00 111.47
51.00 10.00 0.00 1.00 63.36
11.00 51.00 1.00 4.00 144.67
55.00 33.00 1.00 3.00 123.34
55.00 19.00 0.00 3.00 146.64
59.00 37.00 0.00 5.00 58.72
53.00 14.00 0.00 3.00 130.09
13.00 57.00 1.00 2.00 35.54
58.00 53.00 0.00 2.00 175.83
14.00 42.00 1.00 2.00 110.60
58.00 14.00 0.00 3.00 98.09
43.00 0.00 1.00 3.00 149.13
59.00 21.00 1.00 3.00 45.31
31.00 52.00 0.00 3.00 173.87
34.00 54.00 1.00 4.00 148.05
58.00 8.00 1.00 2.00 59.65
9.00 44.00 0.00 1.00 47.94
19.00 9.00 0.00 3.00 198.97
59.00 34.00 1.00 1.00 101.58
15.00 54.00 1.00 1.00 96.13
58.00 53.00 0.00 5.00 73.44
53.00 59.00 0.00 4.00 102.41
57.00 54.00 0.00 5.00 64.45
19.00 10.00 1.00 5.00 150.13
59.00 45.00 1.00 1.00 97.25
54.00 56.00 1.00 2.00 182.32
4.00 59.00 1.00 1.00 164.06
7.00 58.00 1.00 3.00 182.21
4.00 50.00 0.00 1.00 131.17
47.00 52.00 0.00 3.00 62.25
57.00 7.00 1.00 2.00 91.84
59.00 33.00 1.00 4.00 77.60
56.00 33.00 1.00 5.00 199.19
56.00 1.00 1.00 3.00 92.97
54.00 55.00 0.00 4.00 58.45
56.00 12.00 1.00 3.00 121.80
17.00 3.00 1.00 5.00 103.13
34.00 14.00 1.00 1.00 91.93
51.00 27.00 1.00 5.00 114.11
55.00 53.00 0.00 2.00 32.88
7.00 26.00 0.00 2.00 35.01
57.00 5.00 1.00 2.00 58.51
51.00 57.00 1.00 2.00 148.99
26.00 7.00 0.00 5.00 56.07
34.00 48.00 0.00 3.00 91.61
29.00 23.00 1.00 1.00 149.16
27.00 59.00 0.00 3.00 145.43
33.00 50.00 0.00 5.00 71.73
56.00 50.00 0.00 5.00 182.45
51.00 56.00 1.00 2.00 53.91
8.00 38.00 1.00 3.00 67.49
59.00 52.00 0.00 4.00 141.34
59.00 3.00 0.00 5.00 51.15
51.00 56.00 1.00 5.00 101.04
25.00 56.00 0.00 3.00 37.17
53.00 31.00 1.00 5.00 130.77
55.00 52.00 1.00 2.00 182.11
58.00 31.00 1.00 5.00 136.27
58.00 29.00 1.00 3.00 40.50
13.00 54.00 0.00 4.00 139.89
50.00 4.00 0.00 4.00 161.95
56.00 50.00 0.00 2.00 58.83
47.00 12.00 1.00 5.00 196.67
56.00 5.00 0.00 5.00 51.36
40.00 11.00 1.00 5.00 96.13
55.00 50.00 0.00 2.00 169.69
32.00 21.00 0.00 3.00 89.07
12.00 19.00 0.00 1.00 162.15
54.00 41.00 0.00 2.00 44.05
19.00 20.00 1.00 2.00 37.92
52.00 57.00 0.00 4.00 142.02
54.00 45.00 1.00 5.00 100.92
7.00 47.00 0.00 1.00 92.86
58.00 54.00 0.00 1.00 114.90
54.00 10.00 1.00 2.00 139.40
51.00 55.00 1.00 5.00 158.19
13.00 44.00 0.00 2.00 102.35
36.00 17.00 0.00 2.00 85.33
6.00 50.00 1.00 5.00 181.78
53.00 57.00 0.00 1.00 47.23
58.00 9.00 0.00 3.00 38.02
52.00 25.00 1.00 3.00 55.89
12.00 58.00 1.00 3.00 159.16
53.00 57.00 0.00 4.00 104.42
41.00 19.00 1.00 3.00 55.97
50.00 55.00 1.00 4.00 80.65
8.00 52.00 0.00 5.00 91.67
26.00 54.00 1.00 2.00 132.19
3.00 14.00 1.00 1.00 148.05
39.00 21.00 0.00 5.00 36.55
54.00 8.00 0.00 1.00 53.24
51.00 56.00 0.00 5.00 82.07
56.00 54.00 0.00 5.00 123.78
52.00 1.00 1.00 2.00 145.85
44.00 3.00 1.00 4.00 165.06
26.00 56.00 0.00 3.00 170.87
59.00 1.00 1.00 4.00 190.66
54.00 59.00 0.00 1.00 184.82
56.00 52.00 1.00 5.00 99.51
29.00 11.00 1.00 2.00 37.13
34.00 51.00 1.00 1.00 35.98
10.00 50.00 0.00 1.00 54.12
35.00 58.00 1.00 4.00 55.46
2.00 52.00 1.00 2.00 97.05
59.00 7.00 1.00 2.00 104.33
56.00 13.00 1.00 1.00 143.16
54.00 7.00 0.00 3.00 77.58
48.00 52.00 0.00 1.00 131.00
59.00 15.00 0.00 3.00 180.15
26.00 56.00 0.00 5.00 39.56
2.00 43.00 1.00 4.00 78.63
25.00 54.00 0.00 1.00 178.80
25.00 51.00 0.00 1.00 68.50
43.00 54.00 1.00 3.00 116.37
58.00 19.00 1.00 2.00 135.69
38.00 45.00 0.00 5.00 183.02
54.00 55.00 0.00 1.00 79.97
58.00 50.00 0.00 5.00 151.66
36.00 53.00 1.00 1.00 119.60
54.00 56.00 1.00 3.00 185.00
23.00 26.00 0.00 2.00 86.27
3.00 30.00 1.00 5.00 128.59
57.00 19.00 1.00 4.00 188.42
10.00 45.00 1.00 5.00 185.02
54.00 36.00 0.00 2.00 59.25
54.00 57.00 0.00 2.00 108.33
59.00 54.00 1.00 3.00 58.00
55.00 50.00 0.00 4.00 72.96
51.00 59.00 1.00 3.00 183.83
0.00 43.00 0.00 1.00 125.40
46.00 52.00 1.00 3.00 198.78
58.00 29.00 0.00 5.00 142.71
12.00 57.00 0.00 2.00 44.75
55.00 51.00 0.00 3.00 127.11
56.00 54.00 1.00 4.00 123.53
19.00 0.00 1.00 2.00 154.11
59.00 50.00 0.00 1.00 199.04
49.00 51.00 1.00 2.00 78.46
52.00 47.00 1.00 1.00 41.53
14.00 54.00 1.00 5.00 104.00
39.00 53.00 0.00 1.00 192.07
15.00 56.00 0.00 1.00 175.18
39.00 55.00 0.00 2.00 160.59
0.00 56.00 0.00 4.00 128.17
56.00 38.00 0.00 1.00 58.67
16.00 13.00 0.00 2.00 184.96
24.00 38.00 0.00 4.00 157.86
35.00 52.00 0.00 5.00 152.76
52.00 5.00 0.00 3.00 142.14
20.00 39.00 1.00 3.00 129.79
6.00 45.00 0.00 2.00 195.73
59.00 17.00 1.00 1.00 76.62
28.00 19.00 0.00 2.00 65.65
57.00 51.00 1.00 1.00 190.56
24.00 54.00 0.00 1.00 174.67
56.00 33.00 1.00 5.00 138.62
59.00 28.00 1.00 5.00 113.41
56.00 51.00 0.00 2.00 161.97
54.00 46.00 0.00 2.00 46.61
56.00 52.00 1.00 5.00 46.09
7.00 55.00 0.00 3.00 143.52
10.00 39.00 0.00 5.00 164.35
16.00 59.00 0.00 2.00 145.18
26.00 51.00 1.00 3.00 147.84
42.00 54.00 1.00 4.00 141.74
55.00 50.00 1.00 5.00 90.21
59.00 49.00 1.00 5.00 93.50
58.00 31.00 0.00 2.00 151.17
48.00 26.00 0.00 4.00 174.54
57.00 12.00 1.00 4.00 127.10
55.00 50.00 0.00 5.00 54.11
55.00 25.00 1.00 4.00 70.73
52.00 45.00 1.00 5.00 161.78
59.00 32.00 1.00 3.00 79.75
56.00 50.00 1.00 5.00 75.34
21.00 57.00 0.00 2.00 97.25
3.00 53.00 0.00 5.00 66.80
51.00 55.00 0.00 5.00 135.44
55.00 53.00 0.00 3.00 130.58
57.00 51.00 1.00 4.00 186.74
47.00 2.00 1.00 3.00 131.01
29.00 53.00 1.00 3.00 48.83
51.00 46.00 0.00 4.00 169.14
50.00 55.00 0.00 2.00 34.66
52.00 15.00 1.00 4.00 76.61
53.00 9.00 0.00 4.00 54.42
53.00 4.00 0.00 3.00 105.76
26.00 25.00 1.00 2.00 61.45
55.00 52.00 0.00 2.00 165.96
55.00 15.00 0.00 2.00 178.99
51.00 58.00 0.00 4.00 125.77
57.00 52.00 1.00 5.00 184.05
12.00 27.00 1.00 1.00 170.21
59.00 50.00 1.00 1.00 71.68
49.00 54.00 1.00 5.00 138.50
55.00 52.00 0.00 2.00 51.89
46.00 50.00 1.00 2.00 88.74
53.00 58.00 1.00 4.00 96.32
1.00 51.00 1.00 4.00 143.88
52.00 59.00 0.00 5.00 49.76
3.00 43.00 0.00 2.00 63.92
59.00 50.00 0.00 3.00 87.05
32.00 52.00 0.00 5.00 196.37
15.00 0.00 0.00 4.00 31.64
52.00 57.00 1.00 4.00 50.13
51.00 57.00 0.00 2.00 105.65
50.00 7.00 1.00 4.00 147.97
2.00 56.00 0.00 2.00 147.47
28.00 55.00 1.00 5.00 83.52
56.00 38.00 0.00 4.00 143.83
59.00 38.00 0.00 4.00 47.39
54.00 20.00 0.00 3.00 146.31
30.00 54.00 0.00 1.00 191.85
21.00 33.00 1.00 5.00 41.48
47.00 54.00 0.00 2.00 31.70
58.00 51.00 0.00 5.00 197.32
57.00 53.00 1.00 5.00 107.05
18.00 9.00 0.00 4.00 101.23
59.00 53.00 0.00 5.00 39.04
29.00 23.00 1.00 2.00 83.86
4.00 23.00 1.00 4.00 51.70
51.00 34.00 1.00 1.00 80.28
57.00 52.00 0.00 3.00 118.95
34.00 22.00 0.00 4.00 94.60
53.00 56.00 1.00 5.00 173.07
51.00 41.00 1.00 3.00 71.23
36.00 56.00 1.00 2.00 145.62
55.00 15.00 0.00 2.00 95.76
32.00 51.00 1.00 5.00 185.31
6.00 54.00 1.00 4.00 160.02
52.00 30.00 1.00 2.00 46.42
31.00 57.00 1.00 1.00 153.05
20.00 41.00 1.00 1.00 58.55
39.00 56.00 1.00 3.00 105.88
59.00 50.00 0.00 2.00 141.20
57.00 54.00 0.00 3.00 63.95
7.00 50.00 0.00 2.00 132.15
56.00 51.00 1.00 4.00 33.93
50.00 10.00 0.00 4.00 161.95
52.00 0.00 0.00 2.00 178.16
4.00 58.00 0.00 2.00 119.29
30.00 53.00 1.00 5.00 132.09
51.00 27.00 0.00 1.00 53.43
57.00 25.00 1.00 5.00 111.57
57.00 18.00 0.00 3.00 173.49
54.00 28.00 0.00 3.00 72.53
21.00 55.00 0.00 1.00 167.15
56.00 54.00 1.00 2.00 68.74
11.00 22.00 0.00 3.00 75.95
54.00 59.00 1.00 1.00 170.09
58.00 23.00 0.00 4.00 116.46
49.00 50.00 1.00 3.00 197.34
52.00 58.00 1.00 2.00 170.50
18.00 3.00 0.00 1.00 57.62
26.00 54.00 0.00 2.00 57.21
50.00 35.00 1.00 1.00 106.27
50.00 56.00 1.00 1.00 174.39
52.00 10.00 0.00 2.00 173.60
59.00 10.00 1.00 4.00 188.96
52.00 57.00 1.00 2.00 77.89
12.00 51.00 1.00 1.00 47.78
25.00 58.00 1.00 5.00 154.53
56.00 26.00 0.00 3.00 110.84
30.00 58.00 1.00 5.00 146.51
51.00 59.00 1.00 1.00 64.42
54.00 14.00 0.00 5.00 186.23
52.00 56.00 0.00 4.00 154.27
59.00 7.00 0.00 1.00 47.60
58.00 29.00 0.00 2.00 167.35
15.00 55.00 0.00 3.00 138.23
13.00 29.00 1.00 3.00 130.21
36.00 50.00 0.00 3.00 48.17
50.00 26.00 0.00 5.00 165.28
53.00 36.00 1.00 1.00 48.02
56.00 51.00 1.00 1.00 131.05
53.00 57.00 1.00 2.00 31.64
55.00 54.00 0.00 5.00 143.18
35.00 50.00 1.00 2.00 85.14
28.00 23.00 1.00 3.00 72.12
50.00 27.00 1.00 3.00 82.52
10.00 48.00 1.00 2.00 88.66
51.00 56.00 1.00 3.00 85.10
53.00 44.00 1.00 1.00 185.14
5.00 24.00 0.00 2.00 99.27
59.00 20.00 1.00 1.00 143.58
56.00 51.00 1.00 5.00 62.21
42.00 52.00 0.00 5.00 144.17
59.00 51.00 1.00 4.00 98.71
47.00 55.00 0.00 1.00 125.59
10.00 28.00 1.00 2.00 146.04
57.00 5.00 1.00 3.00 121.81
14.00 53.00 1.00 3.00 111.67
41.00 19.00 0.00 3.00 77.53
51.00 49.00 0.00 3.00 87.36
4.00 55.00 0.00 4.00 179.80
24.00 40.00 0.00 2.00 176.63
51.00 57.00 0.00 5.00 117.42
40.00 27.00 1.00 4.00 139.57
34.00 58.00 0.00 3.00 132.83
37.00 53.00 1.00 5.00 116.49
52.00 13.00 0.00 2.00 59.12
56.00 53.00 1.00 3.00 106.71
10.00 15.00 1.00 4.00 124.82
56.00 54.00 1.00 1.00 49.73
53.00 59.00 0.00 4.00 107.62
57.00 30.00 1.00 4.00 43.26
59.00 29.00 0.00 5.00 150.33
54.00 58.00 0.00 4.00 108.63
50.00 43.00 1.00 3.00 151.22
37.00 56.00 0.00 5.00 106.36
53.00 7.00 0.00 4.00 61.50
54.00 41.00 0.00 3.00 79.21
21.00 57.00 1.00 3.00 168.27
54.00 13.00 0.00 1.00 102.02
57.00 24.00 0.00 5.00 150.34
50.00 26.00 1.00 4.00 57.67
55.00 51.00 1.00 5.00 134.24
54.00 46.00 0.00 3.00 189.65
22.00 58.00 0.00 2.00 35.15
47.00 54.00 1.00 2.00 185.00
5.00 26.00 0.00 2.00 70.78
40.00 24.00 1.00 5.00 152.27
19.00 55.00 0.00 5.00 65.04
16.00 58.00 0.00 5.00 61.17
59.00 37.00 1.00 5.00 80.91
50.00 45.00 0.00 4.00 189.11
44.00 26.00 1.00 4.00 49.07
3.00 20.00 1.00 5.00 114.43
37.00 57.00 0.00 4.00 161.95
58.00 23.00 1.00 5.00 185.43
3.00 59.00 1.00 3.00 175.06
50.00 30.00 1.00 5.00 88.97
14.00 53.00 0.00 2.00 148.80
53.00 10.00 0.00 1.00 61.30
51.00 59.00 0.00 4.00 101.83
22.00 55.00 0.00 1.00 113.91
49.00 59.00 1.00 5.00 97.43
54.00 56.00 0.00 4.00 45.09
19.00 13.00 0.00 2.00 116.42
15.00 58.00 0.00 3.00 152.24
55.00 20.00 1.00 2.00 105.23
29.00 50.00 0.00 5.00 58.49
51.00 55.00 1.00 4.00 130.69
34.00 58.00 0.00 5.00 130.95
58.00 16.00 1.00 3.00 123.82
1.00 55.00 1.00 2.00 107.53
27.00 3.00 1.00 2.00 189.49
51.00 47.00 0.00 1.00 145.43
58.00 13.00 1.00 3.00 120.66
50.00 35.00 1.00 3.00 71.46
56.00 11.00 0.00 1.00 147.37
52.00 13.00 0.00 4.00 97.73
32.00 50.00 0.00 2.00 180.26
55.00 53.00 0.00 1.00 164.45
38.00 58.00 0.00 1.00 71.21
36.00 5.00 0.00 5.00 191.58
53.00 57.00 0.00 4.00 161.78
52.00 0.00 1.00 3.00 70.83
53.00 13.00 1.00 2.00 75.46
52.00 5.00 0.00 5.00 175.35
33.00 45.00 1.00 2.00 109.68
48.00 58.00 0.00 2.00 153.95
6.00 23.00 0.00 2.00 117.14
16.00 26.00 1.00 5.00 177.37
1.00 19.00 0.00 4.00 67.55
57.00 50.00 1.00 1.00 93.10
32.00 50.00 1.00 5.00 82.89
53.00 58.00 1.00 1.00 186.49
53.00 27.00 1.00 2.00 107.88
50.00 44.00 1.00 3.00 65.03
57.00 36.00 0.00 1.00 80.09
43.00 50.00 0.00 1.00 80.24
39.00 56.00 0.00 4.00 99.50
54.00 30.00 0.00 2.00 156.94
55.00 13.00 1.00 5.00 90.75
52.00 57.00 0.00 2.00 77.11
58.00 28.00 1.00 5.00 136.98
25.00 29.00 0.00 5.00 101.34
57.00 14.00 1.00 4.00 94.17
51.00 27.00 0.00 4.00 63.42
50.00 57.00 0.00 5.00 129.52
58.00 22.00 1.00 3.00 122.69
59.00 51.00 1.00 5.00 110.01
22.00 37.00 0.00 5.00 127.53
55.00 47.00 0.00 4.00 83.50
59.00 31.00 1.00 1.00 132.63
52.00 4.00 1.00 3.00 177.72
58.00 1.00 1.00 1.00 87.70
52.00 11.00 0.00 3.00 43.84
59.00 1.00 0.00 1.00 104.92
53.00 55.00 0.00 4.00 166.54
25.00 51.00 0.00 5.00 31.52
51.00 5.00 0.00 5.00 54.65
59.00 45.00 1.00 2.00 145.63
57.00 8.00 0.00 1.00 74.21
4.00 54.00 1.00 5.00 152.57
57.00 54.00 0.00 5.00 78.62
56.00 21.00 1.00 4.00 85.68
59.00 39.00 1.00 5.00 194.76
23.00 30.00 1.00 5.00 157.13
16.00 56.00 0.00 3.00 156.69
5.00 50.00 1.00 3.00 31.46
56.00 24.00 0.00 1.00 83.77
2.00 57.00 0.00 2.00 184.40
35.00 53.00 0.00 1.00 185.91
51.00 28.00 1.00 5.00 65.21
52.00 55.00 1.00 1.00 179.40
58.00 33.00 0.00 1.00 196.53
57.00 50.00 0.00 4.00 49.65
53.00 57.00 1.00 4.00 119.06
57.00 54.00 1.00 4.00 187.10
54.00 29.00 0.00 4.00 163.82
52.00 33.00 0.00 4.00 92.60
57.00 4.00 0.00 2.00 164.46
6.00 42.00 1.00 3.00 156.74
54.00 27.00 1.00 5.00 180.05
51.00 56.00 1.00 2.00 167.77
39.00 59.00 1.00 2.00 153.41
19.00 11.00 0.00 2.00 121.36
52.00 43.00 0.00 2.00 65.50
24.00 58.00 0.00 4.00 99.70
10.00 54.00 0.00 4.00 58.86
1.00 51.00 0.00 1.00 154.02
54.00 7.00 1.00 1.00 142.31
51.00 56.00 0.00 2.00 69.32
57.00 54.00 1.00 5.00 170.26
57.00 39.00 0.00 1.00 179.22
54.00 27.00 0.00 5.00 36.89
48.00 21.00 1.00 5.00 97.59
16.00 53.00 1.00 2.00 154.58
19.00 58.00 0.00 5.00 195.79
56.00 1.00 1.00 4.00 43.84
58.00 51.00 1.00 3.00 151.90
13.00 59.00 1.00 5.00 154.71
5.00 18.00 0.00 4.00 78.06
1.00 51.00 1.00 1.00 140.59
46.00 50.00 0.00 5.00 90.15
56.00 53.00 0.00 4.00 170.71
8.00 39.00 1.00 1.00 123.70
54.00 55.00 0.00 5.00 124.78
31.00 53.00 1.00 4.00 107.86
50.00 59.00 0.00 4.00 92.66
52.00 57.00 0.00 3.00 30.65
52.00 59.00 1.00 5.00 99.77
4.00 54.00 0.00 3.00 153.92
50.00 57.00 0.00 5.00 73.39
59.00 53.00 1.00 1.00 128.99
7.00 39.00 1.00 4.00 110.33
49.00 20.00 0.00 2.00 155.54
33.00 43.00 1.00 1.00 36.24
54.00 55.00 0.00 1.00 84.81
42.00 33.00 0.00 3.00 190.75
52.00 56.00 1.00 2.00 91.09
52.00 9.00 1.00 5.00 45.24
54.00 34.00 1.00 1.00 127.88
55.00 17.00 0.00 5.00 170.44
10.00 22.00 1.00 3.00 35.92
34.00 24.00 1.00 5.00 67.09
59.00 26.00 1.00 3.00 169.92
25.00 51.00 0.00 1.00 108.60
4.00 53.00 1.00 4.00 98.39
51.00 39.00 0.00 5.00 155.22
58.00 23.00 0.00 3.00 171.41
48.00 18.00 0.00 4.00 132.64
55.00 53.00 0.00 2.00 106.00
4.00 41.00 1.00 4.00 166.82
28.00 52.00 0.00 5.00 138.61
5.00 58.00 0.00 4.00 113.63
16.00 2.00 1.00 4.00 132.91
56.00 29.00 1.00 1.00 110.71
37.00 3.00 0.00 4.00 65.38
53.00 47.00 0.00 1.00 113.25
53.00 15.00 1.00 3.00 77.17
46.00 1.00 0.00 5.00 78.69
59.00 11.00 0.00 5.00 160.90
51.00 56.00 0.00 2.00 106.12
58.00 12.00 0.00 5.00 196.63
43.00 29.00 0.00 1.00 121.38
36.00 46.00 1.00 3.00 81.81
54.00 25.00 1.00 2.00 124.88
2.00 50.00 0.00 4.00 131.36
6.00 50.00 0.00 1.00 173.73
0.00 59.00 1.00 3.00 194.06
53.00 59.00 1.00 3.00 59.60
52.00 42.00 0.00 5.00 120.89
59.00 52.00 0.00 4.00 66.21
33.00 56.00 1.00 2.00 107.11
56.00 6.00 1.00 3.00 61.74
59.00 53.00 0.00 5.00 182.08
34.00 14.00 0.00 3.00 133.04
18.00 40.00 1.00 3.00 93.83
18.00 42.00 1.00 1.00 30.35
15.00 52.00 1.00 3.00 138.03
59.00 30.00 0.00 1.00 100.06
57.00 51.00 0.00 3.00 119.22
27.00 22.00 0.00 3.00 111.67
56.00 10.00 0.00 2.00 51.42
52.00 58.00 1.00 1.00 157.04
58.00 7.00 1.00 1.00 103.68
14.00 18.00 0.00 5.00 131.87
52.00 33.00 0.00 1.00 127.53
52.00 29.00 0.00 2.00 48.95
6.00 53.00 0.00 4.00 155.99
53.00 57.00 1.00 3.00 179.40
18.00 57.00 1.00 5.00 73.67
7.00 56.00 1.00 2.00 107.03
51.00 49.00 1.00 5.00 175.60
31.00 57.00 0.00 1.00 73.03
42.00 9.00 0.00 2.00 40.26
53.00 59.00 0.00 3.00 160.61
54.00 59.00 1.00 3.00 134.43
58.00 32.00 0.00 1.00 31.95
52.00 55.00 1.00 1.00 60.29
57.00 52.00 0.00 2.00 98.47
4.00 58.00 1.00 4.00 40.62
51.00 39.00 0.00 5.00 77.21
14.00 54.00 0.00 3.00 132.68
26.00 55.00 0.00 1.00 104.58
29.00 51.00 1.00 5.00 149.57
54.00 9.00 0.00 2.00 65.62
58.00 22.00 0.00 2.00 158.57
54.00 0.00 0.00 1.00 53.89
52.00 59.00 0.00 2.00 110.31
0.00 45.00 0.00 4.00 109.55
54.00 9.00 1.00 2.00 54.90
28.00 3.00 0.00 2.00 192.67
12.00 52.00 0.00 5.00 180.48
59.00 52.00 1.00 2.00 142.10
1.00 18.00 0.00 4.00 187.10
50.00 55.00 0.00 4.00 104.70
53.00 59.00 0.00 2.00 104.87
54.00 58.00 0.00 1.00 63.78
30.00 58.00 0.00 4.00 148.50
59.00 53.00 1.00 3.00 61.52
46.00 3.00 1.00 1.00 54.18
1.00 39.00 0.00 4.00 155.28
14.00 59.00 1.00 3.00 195.80
51.00 55.00 1.00 1.00 158.69
12.00 50.00 1.00 5.00 177.32
50.00 12.00 1.00 4.00 40.58
15.00 55.00 1.00 5.00 79.49
51.00 27.00 1.00 4.00 44.57
56.00 1.00 0.00 3.00 123.92
38.00 55.00 0.00 2.00 141.22
18.00 4.00 1.00 5.00 127.37
56.00 50.00 0.00 2.00 165.45
57.00 3.00 1.00 2.00 55.88
56.00 13.00 0.00 3.00 130.85
57.00 53.00 0.00 1.00 91.96
54.00 39.00 0.00 4.00 30.11
19.00 3.00 0.00 3.00 101.70
53.00 7.00 0.00 5.00 106.32
59.00 54.00 1.00 5.00 111.59
58.00 21.00 1.00 1.00 194.28
48.00 13.00 1.00 5.00 150.93
24.00 27.00 1.00 2.00 156.28
22.00 30.00 1.00 4.00 93.09
55.00 18.00 1.00 4.00 116.86
51.00 10.00 1.00 5.00 102.85
4.00 58.00 1.00 2.00 80.34
24.00 44.00 1.00 1.00 115.96
50.00 55.00 0.00 1.00 93.69
32.00 11.00 0.00 4.00 43.13
34.00 55.00 0.00 1.00 124.61
2.00 51.00 1.00 1.00 93.38
52.00 56.00 0.00 1.00 192.72
30.00 17.00 1.00 3.00 79.33
52.00 55.00 0.00 2.00 150.70
51.00 59.00 1.00 5.00 80.17
59.00 31.00 1.00 4.00 135.39
44.00 52.00 0.00 1.00 100.90
30.00 58.00 1.00 4.00 181.79
19.00 41.00 1.00 5.00 59.82
27.00 46.00 0.00 2.00 127.95
16.00 58.00 0.00 4.00 44.32
52.00 5.00 1.00 1.00 63.71
8.00 57.00 1.00 5.00 70.68
22.00 39.00 0.00 5.00 152.17
53.00 40.00 1.00 1.00 67.36
13.00 42.00 1.00 1.00 193.91
55.00 52.00 1.00 1.00 97.20
57.00 36.00 1.00 1.00 157.15
27.00 58.00 1.00 5.00 193.51
57.00 33.00 0.00 2.00 160.65
56.00 54.00 1.00 2.00 74.63
57.00 0.00 0.00 3.00 153.85
58.00 52.00 0.00 1.00 98.49
14.00 29.00 0.00 1.00 42.00
15.00 0.00 0.00 5.00 65.39
26.00 50.00 0.00 5.00 89.97
51.00 49.00 0.00 2.00 118.19
53.00 5.00 0.00 1.00 102.09
53.00 7.00 0.00 3.00 156.70
30.00 21.00 0.00 4.00 189.12
3.00 55.00 1.00 5.00 104.84
58.00 2.00 1.00 2.00 98.26
45.00 51.00 0.00 4.00 72.90
52.00 8.00 1.00 4.00 70.77
25.00 40.00 1.00 5.00 66.89
58.00 8.00 0.00 1.00 185.83
55.00 25.00 0.00 1.00 191.03
56.00 23.00 1.00 5.00 118.18
7.00 50.00 1.00 1.00 95.34
13.00 23.00 0.00 1.00 78.41
35.00 41.00 1.00 5.00 137.78
59.00 16.00 1.00 1.00 130.21
52.00 5.00 0.00 1.00 181.46
38.00 12.00 0.00 5.00 82.32
46.00 54.00 0.00 4.00 102.61
42.00 18.00 1.00 3.00 41.22
53.00 32.00 0.00 3.00 152.62
44.00 10.00 1.00 1.00 174.02
54.00 59.00 0.00 2.00 152.50
59.00 52.00 1.00 1.00 75.29
53.00 39.00 0.00 4.00 94.51
8.00 18.00 0.00 3.00 169.07
59.00 0.00 0.00 1.00 148.08
0.00 42.00 0.00 1.00 80.28
55.00 0.00 0.00 4.00 35.06
14.00 42.00 1.00 3.00 78.98
3.00 27.00 0.00 4.00 173.89
55.00 33.00 1.00 5.00 71.95
12.00 29.00 1.00 4.00 114.44
36.00 56.00 1.00 5.00 65.11
56.00 51.00 1.00 4.00 153.30
6.00 19.00 1.00 4.00 164.74
53.00 57.00 0.00 1.00 171.29
51.00 47.00 1.00 3.00 31.99
18.00 41.00 1.00 1.00 192.88
53.00 57.00 1.00 3.00 156.02
8.00 0.00 1.00 3.00 108.52
30.00 3.00 1.00 3.00 83.47
54.00 59.00 0.00 1.00 187.09
54.00 11.00 1.00 2.00 33.77
28.00 51.00 0.00 2.00 100.82
31.00 57.00 0.00 5.00 116.08
50.00 6.00 0.00 4.00 153.29
37.00 52.00 0.00 2.00 112.49
59.00 50.00 0.00 5.00 100.30
32.00 58.00 0.00 2.00 104.75
21.00 5.00 0.00 2.00 71.78
16.00 57.00 0.00 5.00 179.04
57.00 53.00 1.00 2.00 193.63
54.00 57.00 0.00 2.00 34.84
59.00 52.00 0.00 5.00 120.05
55.00 15.00 0.00 4.00 100.34
54.00 7.00 1.00 3.00 100.32
55.00 10.00 1.00 2.00 71.59
36.00 54.00 0.00 5.00 47.98
54.00 1.00 0.00 2.00 131.39
55.00 53.00 0.00 2.00 133.30
14.00 57.00 1.00 4.00 47.60
28.00 54.00 1.00 2.00 34.59
51.00 28.00 0.00 2.00 52.02
57.00 51.00 1.00 4.00 46.25
39.00 15.00 0.00 3.00 100.69
33.00 11.00 1.00 1.00 31.01
52.00 36.00 0.00 4.00 53.23
55.00 16.00 1.00 4.00 117.59
25.00 40.00 0.00 2.00 31.52
16.00 29.00 1.00 5.00 46.84
3.00 54.00 0.00 4.00 146.39
53.00 58.00 1.00 5.00 110.75
57.00 39.00 0.00 3.00 189.01
57.00 22.00 0.00 1.00 136.83
3.00 51.00 1.00 3.00 88.86
53.00 59.00 0.00 4.00 152.20
56.00 53.00 1.00 3.00 141.24
51.00 58.00 1.00 1.00 82.02
59.00 38.00 0.00 4.00 133.93
36.00 56.00 0.00 5.00 160.50
35.00 51.00 1.00 5.00 163.67
59.00 50.00 1.00 3.00 169.59
26.00 47.00 0.00 5.00 114.10
54.00 57.00 0.00 2.00 58.04
54.00 57.00 1.00 4.00 148.55
53.00 59.00 0.00 3.00 107.63
53.00 56.00 0.00 5.00 152.40
7.00 5.00 0.00 1.00 153.49
24.00 57.00 1.00 4.00 182.27
51.00 57.00 0.00 2.00 146.13
37.00 55.00 1.00 1.00 42.82
53.00 35.00 0.00 4.00 158.43
10.00 49.00 0.00 2.00 69.76
2.00 57.00 1.00 3.00 59.61
53.00 58.00 0.00 3.00 129.79
15.00 56.00 0.00 4.00 54.39
58.00 51.00 0.00 2.00 83.71
21.00 28.00 1.00 3.00 76.07
32.00 51.00 0.00 1.00 169.96
59.00 52.00 0.00 4.00 190.66
55.00 53.00 1.00 5.00 187.73
56.00 54.00 0.00 2.00 62.34
54.00 57.00 0.00 1.00 173.82
1.00 55.00 1.00 3.00 55.43
26.00 52.00 0.00 5.00 181.37
51.00 12.00 0.00 3.00 88.74
20.00 48.00 1.00 4.00 100.75
57.00 53.00 1.00 5.00 178.72
33.00 53.00 0.00 4.00 186.38
50.00 58.00 0.00 1.00 31.53
8.00 52.00 0.00 3.00 110.09
32.00 34.00 0.00 2.00 52.71
4.00 55.00 0.00 2.00 82.10
7.00 55.00 0.00 2.00 94.91
52.00 55.00 1.00 5.00 149.97
28.00 50.00 1.00 5.00 58.71
54.00 33.00 1.00 3.00 196.18
55.00 8.00 1.00 5.00 142.71
51.00 57.00 0.00 3.00 66.02
39.00 30.00 1.00 5.00 77.58
53.00 16.00 0.00 5.00 189.24
28.00 40.00 0.00 1.00 151.48
18.00 11.00 1.00 4.00 148.42
58.00 51.00 0.00 4.00 119.09
56.00 54.00 0.00 3.00 191.32
40.00 52.00 1.00 1.00 105.78
55.00 26.00 1.00 1.00 108.17
52.00 57.00 0.00 2.00 119.76
46.00 2.00 1.00 1.00 30.62
59.00 22.00 1.00 4.00 36.58
54.00 4.00 0.00 1.00 176.64
53.00 44.00 1.00 2.00 128.58
51.00 30.00 1.00 3.00 135.74
50.00 58.00 0.00 1.00 161.19
57.00 14.00 1.00 3.00 134.32
3.00 28.00 1.00 5.00 110.69
0.00 56.00 1.00 2.00 196.52
40.00 20.00 1.00 2.00 131.24
34.00 50.00 0.00 2.00 115.33
10.00 52.00 0.00 1.00 74.22
28.00 53.00 0.00 1.00 99.63
51.00 29.00 1.00 2.00 106.28
55.00 54.00 0.00 2.00 101.39
56.00 28.00 0.00 1.00 47.03
30.00 54.00 1.00 3.00 84.88
54.00 33.00 1.00 4.00 95.75
55.00 50.00 1.00 1.00 48.23
2.00 53.00 0.00 3.00 142.96
59.00 50.00 0.00 1.00 83.47
57.00 51.00 1.00 1.00 195.88
53.00 37.00 1.00 4.00 164.83
50.00 41.00 0.00 4.00 75.37
52.00 57.00 1.00 3.00 174.54
55.00 3.00 1.00 4.00 84.06
57.00 50.00 0.00 3.00 49.32
55.00 24.00 0.00 4.00 188.13
29.00 44.00 1.00 3.00 125.29
52.00 12.00 0.00 3.00 61.06
56.00 36.00 0.00 2.00 79.11
35.00 16.00 0.00 1.00 125.39
50.00 39.00 0.00 5.00 183.42
58.00 54.00 1.00 4.00 110.34
58.00 16.00 1.00 2.00 97.13
8.00 46.00 0.00 2.00 169.13
45.00 52.00 1.00 1.00 139.50
54.00 55.00 1.00 1.00 95.83
6.00 49.00 0.00 3.00 169.47
54.00 15.00 0.00 1.00 155.81
4.00 54.00 1.00 1.00 90.18
37.00 53.00 0.00 2.00 195.43
7.00 42.00 0.00 3.00 120.65
23.00 31.00 0.00 2.00 127.46
39.00 24.00 1.00 5.00 98.10
49.00 54.00 0.00 5.00 140.65
20.00 54.00 1.00 1.00 184.93
58.00 6.00 0.00 1.00 32.85
48.00 27.00 0.00 4.00 141.24
43.00 52.00 1.00 2.00 144.50
54.00 57.00 1.00 4.00 115.68
51.00 59.00 0.00 4.00 52.48
46.00 36.00 0.00 1.00 141.07
35.00 53.00 1.00 2.00 104.12
55.00 50.00 1.00 4.00 162.91
59.00 50.00 1.00 1.00 113.67
59.00 52.00 1.00 3.00 150.50
0.00 54.00 0.00 3.00 70.36
51.00 37.00 1.00 5.00 177.75
13.00 22.00 1.00 4.00 60.33
55.00 52.00 0.00 3.00 188.01
6.00 54.00 1.00 2.00 71.05
51.00 59.00 0.00 1.00 121.68
23.00 58.00 0.00 1.00 123.47
57.00 7.00 1.00 3.00 109.29
4.00 52.00 0.00 3.00 93.25
9.00 56.00 1.00 4.00 133.20
18.00 58.00 1.00 5.00 102.46
21.00 59.00 0.00 3.00 184.88
53.00 55.00 0.00 5.00 172.76
58.00 23.00 0.00 5.00 46.47
2.00 19.00 0.00 4.00 190.35
39.00 57.00 0.00 4.00 75.14
33.00 57.00 0.00 1.00 71.45
11.00 57.00 0.00 5.00 87.12
6.00 17.00 1.00 3.00 112.73
51.00 57.00 1.00 2.00 99.87
57.00 50.00 0.00 5.00 50.19
21.00 58.00 0.00 4.00 75.83
50.00 30.00 1.00 3.00 42.72
53.00 40.00 0.00 4.00 142.31
59.00 54.00 0.00 2.00 47.74
53.00 55.00 0.00 1.00 157.38
34.00 15.00 1.00 1.00 32.38
57.00 50.00 1.00 1.00 54.93
52.00 59.00 1.00 1.00 198.23
29.00 54.00 1.00 5.00 160.86
25.00 27.00 1.00 3.00 146.71
58.00 6.00 0.00 4.00 141.20
29.00 12.00 1.00 3.00 146.82
52.00 2.00 1.00 4.00 145.27
5.00 54.00 0.00 5.00 79.80
52.00 56.00 0.00 3.00 100.08
41.00 22.00 0.00 1.00 191.57
52.00 59.00 1.00 1.00 88.94
54.00 37.00 1.00 4.00 173.90
53.00 30.00 0.00 1.00 138.69
57.00 0.00 1.00 2.00 112.53
27.00 50.00 1.00 1.00 83.12
53.00 12.00 0.00 1.00 143.68
14.00 56.00 0.00 3.00 186.37
5.00 58.00 0.00 2.00 142.92
52.00 55.00 1.00 5.00 110.05
57.00 54.00 0.00 3.00 176.75
53.00 48.00 1.00 2.00 196.14
52.00 12.00 0.00 2.00 86.07
50.00 57.00 0.00 1.00 142.92
51.00 57.00 1.00 3.00 81.42
57.00 50.00 0.00 3.00 124.86
14.00 12.00 1.00 3.00 61.41
58.00 33.00 0.00 4.00 152.30
25.00 51.00 1.00 2.00 188.09
13.00 50.00 0.00 4.00 123.78
28.00 59.00 0.00 5.00 103.13
23.00 27.00 0.00 1.00 134.18
50.00 56.00 0.00 3.00 160.58
55.00 3.00 0.00 5.00 47.69
52.00 40.00 0.00 2.00 168.94
50.00 59.00 0.00 2.00 116.15
58.00 53.00 1.00 3.00 46.20
43.00 3.00 1.00 3.00 76.81
26.00 1.00 1.00 4.00 117.41
59.00 53.00 0.00 5.00 83.68
40.00 53.00 0.00 2.00 129.66
57.00 53.00 0.00 5.00 116.25
24.00 53.00 0.00 1.00 38.20
51.00 46.00 1.00 3.00 194.26
52.00 6.00 0.00 2.00 123.86
36.00 56.00 0.00 5.00 114.93
54.00 40.00 1.00 2.00 162.95
26.00 4.00 0.00 1.00 65.44
57.00 52.00 1.00 5.00 50.51
36.00 56.00 0.00 3.00 162.76
42.00 0.00 0.00 5.00 137.80
57.00 10.00 1.00 2.00 107.51
36.00 40.00 0.00 4.00 102.88
58.00 5.00 0.00 5.00 178.16
53.00 7.00 0.00 1.00 66.89
54.00 55.00 0.00 3.00 90.82
27.00 40.00 0.00 5.00 54.79
52.00 33.00 1.00 2.00 114.06
4.00 30.00 0.00 3.00 66.77
54.00 57.00 1.00 4.00 125.98
44.00 35.00 1.00 2.00 142.43
54.00 55.00 0.00 2.00 168.11
54.00 55.00 0.00 5.00 115.32
55.00 52.00 1.00 4.00 95.36
57.00 26.00 0.00 3.00 98.05
52.00 13.00 1.00 3.00 145.00
42.00 14.00 0.00 1.00 162.05
40.00 24.00 0.00 2.00 30.63
3.00 57.00 1.00 2.00 97.55
55.00 50.00 0.00 4.00 164.70
57.00 54.00 1.00 2.00 38.76
59.00 51.00 1.00 5.00 145.20
3.00 54.00 1.00 1.00 39.93
59.00 2.00 1.00 4.00 126.14
50.00 27.00 1.00 1.00 83.44
53.00 58.00 1.00 5.00 80.04
50.00 34.00 1.00 3.00 195.70
54.00 37.00 0.00 2.00 135.33
10.00 59.00 0.00 5.00 41.66
9.00 29.00 0.00 1.00 45.06
50.00 59.00 1.00 1.00 157.47
59.00 53.00 1.00 2.00 130.01
30.00 57.00 1.00 1.00 178.99
51.00 56.00 1.00 4.00 86.27
58.00 53.00 0.00 5.00 49.47
59.00 12.00 1.00 4.00 58.23
57.00 11.00 1.00 1.00 194.97
59.00 53.00 1.00 3.00 88.51
50.00 36.00 1.00 5.00 87.32
42.00 52.00 0.00 2.00 52.08
48.00 5.00 0.00 2.00 166.02
50.00 56.00 1.00 3.00 138.23
50.00 58.00 0.00 3.00 155.57
52.00 57.00 1.00 4.00 144.44
58.00 8.00 0.00 3.00 67.34
0.00 53.00 1.00 3.00 150.69
53.00 59.00 0.00 3.00 73.39
44.00 33.00 0.00 3.00 70.77
52.00 5.00 1.00 2.00 37.33
28.00 54.00 1.00 2.00 58.95
54.00 59.00 0.00 5.00 93.61
50.00 0.00 0.00 3.00 153.80
59.00 53.00 0.00 3.00 91.44
14.00 59.00 0.00 3.00 176.33
52.00 43.00 0.00 4.00 85.53
52.00 4.00 1.00 2.00 56.15
54.00 2.00 1.00 5.00 41.84
9.00 55.00 1.00 2.00 196.96
54.00 44.00 1.00 4.00 180.25
42.00 54.00 0.00 4.00 136.66
23.00 37.00 1.00 3.00 114.08
55.00 27.00 1.00 3.00 168.86
41.00 39.00 0.00 3.00 142.84
5.00 57.00 1.00 2.00 60.09
57.00 24.00 0.00 1.00 140.88
55.00 50.00 1.00 2.00 69.05
49.00 53.00 1.00 3.00 168.76
53.00 25.00 0.00 2.00 31.77
42.00 24.00 0.00 4.00 184.13
20.00 43.00 0.00 2.00 119.17
55.00 54.00 0.00 5.00 86.45
23.00 56.00 1.00 1.00 110.40
55.00 24.00 0.00 5.00 199.85
3.00 46.00 0.00 2.00 58.06
40.00 51.00 0.00 5.00 55.67
56.00 53.00 1.00 2.00 148.03
55.00 52.00 0.00 5.00 34.81
52.00 57.00 1.00 2.00 96.87
50.00 56.00 1.00 4.00 96.90
53.00 16.00 1.00 1.00 112.46
52.00 26.00 1.00 4.00 93.08
57.00 6.00 1.00 2.00 48.67
50.00 3.00 1.00 2.00 124.41
53.00 58.00 0.00 1.00 99.84
55.00 52.00 1.00 1.00 125.21
52.00 58.00 1.00 1.00 69.97
50.00 58.00 1.00 2.00 167.51
51.00 9.00 1.00 3.00 190.02
23.00 59.00 0.00 4.00 111.33
50.00 59.00 0.00 4.00 127.43
26.00 53.00 0.00 3.00 172.96
48.00 39.00 0.00 1.00 44.05
51.00 55.00 1.00 3.00 106.07
52.00 59.00 0.00 4.00 100.21
52.00 47.00 1.00 5.00 53.09
28.00 55.00 0.00 3.00 34.66
58.00 38.00 1.00 4.00 194.82
18.00 58.00 1.00 5.00 122.09
38.00 7.00 1.00 4.00 128.44
53.00 57.00 1.00 3.00 74.32
52.00 58.00 0.00 1.00 56.14
53.00 39.00 0.00 1.00 59.42
58.00 52.00 0.00 5.00 51.13
55.00 16.00 1.00 3.00 75.74
39.00 56.00 0.00 3.00 133.61
55.00 53.00 1.00 1.00 56.38
43.00 38.00 0.00 5.00 93.13
7.00 50.00 0.00 5.00 69.71
40.00 52.00 1.00 3.00 159.39
52.00 9.00 1.00 2.00 109.77
29.00 51.00 0.00 2.00 70.21
15.00 34.00 0.00 2.00 69.08
3.00 57.00 1.00 5.00 123.66
35.00 45.00 1.00 5.00 65.23
50.00 59.00 1.00 1.00 75.38
57.00 24.00 0.00 4.00 191.35
37.00 52.00 0.00 4.00 113.68
4.00 51.00 0.00 4.00 188.60
55.00 50.00 0.00 1.00 42.02
35.00 50.00 0.00 4.00 123.65
50.00 33.00 0.00 1.00 179.33
43.00 36.00 1.00 5.00 115.66
59.00 15.00 0.00 5.00 72.15
44.00 32.00 0.00 5.00 35.64
56.00 3.00 1.00 3.00 167.17
58.00 17.00 0.00 1.00 136.68
50.00 56.00 1.00 1.00 149.59
54.00 0.00 0.00 2.00 79.14
50.00 58.00 0.00 2.00 62.26
59.00 52.00 1.00 2.00 166.81
31.00 23.00 1.00 4.00 114.27
54.00 58.00 1.00 4.00 153.93
37.00 18.00 0.00 2.00 111.53
10.00 58.00 0.00 1.00 121.90
57.00 51.00 0.00 3.00 163.65
26.00 43.00 0.00 4.00 148.63
52.00 57.00 0.00 1.00 155.87
7.00 56.00 1.00 4.00 53.92
29.00 43.00 0.00 1.00 144.75
42.00 53.00 1.00 3.00 126.11
51.00 46.00 1.00 1.00 105.14
0.00 59.00 0.00 1.00 61.04
42.00 20.00 0.00 3.00 76.29
46.00 11.00 1.00 2.00 171.20
54.00 25.00 0.00 5.00 133.06
51.00 11.00 0.00 1.00 76.69
25.00 47.00 0.00 4.00 30.36
43.00 21.00 0.00 3.00 70.29
27.00 57.00 1.00 1.00 105.00
12.00 51.00 0.00 4.00 181.28
57.00 53.00 0.00 5.00 53.57
48.00 50.00 1.00 1.00 121.20
57.00 51.00 0.00 3.00 188.06
33.00 45.00 0.00 5.00 190.76
57.00 8.00 0.00 4.00 182.03
18.00 11.00 0.00 2.00 67.42
0.00 57.00 0.00 5.00 46.61
58.00 39.00 1.00 5.00 40.60
44.00 53.00 0.00 3.00 193.09
18.00 58.00 0.00 2.00 190.19
18.00 59.00 1.00 2.00 189.47
50.00 42.00 1.00 3.00 174.50
50.00 29.00 1.00 5.00 66.14
50.00 55.00 1.00 3.00 63.16
50.00 57.00 0.00 5.00 182.12
57.00 53.00 0.00 3.00 73.81
44.00 50.00 0.00 5.00 60.15
37.00 52.00 1.00 5.00 45.79
55.00 53.00 0.00 4.00 85.42
44.00 35.00 0.00 5.00 189.56
6.00 16.00 0.00 1.00 34.13
52.00 58.00 1.00 3.00 85.13
56.00 5.00 1.00 1.00 110.83
5.00 51.00 0.00 2.00 90.61
49.00 12.00 0.00 3.00 62.77
46.00 9.00 0.00 4.00 68.80
42.00 52.00 0.00 3.00 51.65
6.00 17.00 1.00 5.00 143.05
59.00 20.00 0.00 5.00 133.22
30.00 58.00 1.00 5.00 165.86
50.00 36.00 0.00 2.00 70.10
53.00 55.00 0.00 3.00 121.87
8.00 56.00 0.00 2.00 121.38
55.00 54.00 0.00 5.00 194.57
58.00 51.00 1.00 3.00 62.67
2.00 51.00 0.00 5.00 108.50
56.00 53.00 0.00 5.00 198.54
19.00 56.00 1.00 2.00 45.38
9.00 56.00 0.00 1.00 189.42
34.00 23.00 0.00 4.00 101.37
40.00 53.00 0.00 4.00 146.16
55.00 25.00 0.00 1.00 76.14
28.00 54.00 1.00 5.00 185.84
54.00 55.00 0.00 1.00 120.10
33.00 17.00 0.00 2.00 52.29
59.00 53.00 0.00 3.00 186.02
5.00 58.00 0.00 1.00 93.78
14.00 38.00 1.00 4.00 73.70
6.00 54.00 1.00 4.00 171.88
53.00 32.00 1.00 4.00 79.21
50.00 33.00 1.00 3.00 123.08
29.00 18.00 1.00 2.00 144.37
3.00 19.00 1.00 4.00 160.61
47.00 54.00 1.00 2.00 134.11
58.00 54.00 0.00 4.00 166.46
17.00 50.00 0.00 1.00 121.02
50.00 56.00 1.00 1.00 33.18
59.00 33.00 0.00 4.00 49.81
32.00 52.00 1.00 1.00 182.04
55.00 54.00 0.00 3.00 161.62
53.00 25.00 0.00 1.00 111.95
51.00 39.00 1.00 2.00 177.39
20.00 57.00 1.00 1.00 129.30
58.00 30.00 1.00 5.00 92.60
56.00 51.00 1.00 2.00 180.58
56.00 52.00 1.00 5.00 154.21
52.00 1.00 1.00 5.00 148.26
6.00 22.00 1.00 1.00 65.93
28.00 3.00 0.00 4.00 119.83
59.00 12.00 1.00 3.00 156.85
7.00 52.00 1.00 4.00 199.65
4.00 29.00 1.00 4.00 146.84
17.00 57.00 1.00 2.00 93.98
39.00 59.00 0.00 2.00 166.90
53.00 55.00 1.00 4.00 54.23
49.00 8.00 0.00 4.00 130.24
38.00 32.00 0.00 5.00 134.59
43.00 53.00 1.00 1.00 88.51
4.00 43.00 1.00 1.00 157.40
58.00 20.00 1.00 4.00 187.74
59.00 51.00 1.00 2.00 79.63
52.00 57.00 1.00 3.00 33.45
32.00 51.00 1.00 1.00 36.31
26.00 51.00 1.00 4.00 68.55
41.00 36.00 1.00 2.00 107.51
8.00 47.00 1.00 3.00 80.33
34.00 56.00 0.00 5.00 117.80
17.00 34.00 0.00 4.00 83.47
59.00 50.00 0.00 3.00 138.90
58.00 52.00 1.00 3.00 42.09
49.00 50.00 0.00 2.00 56.99
12.00 49.00 1.00 3.00 193.80
1.00 16.00 0.00 4.00 106.24
52.00 25.00 0.00 2.00 50.34
54.00 55.00 1.00 5.00 36.09
38.00 24.00 1.00 3.00 146.62
51.00 58.00 0.00 2.00 118.71
51.00 5.00 0.00 5.00 195.82
13.00 53.00 0.00 5.00 98.12
54.00 12.00 1.00 2.00 168.11
53.00 56.00 1.00 2.00 180.27
1.00 53.00 1.00 3.00 33.86
48.00 28.00 0.00 2.00 197.32
25.00 23.00 0.00 1.00 146.59
35.00 56.00 1.00 4.00 86.00
9.00 3.00 0.00 3.00 139.79
50.00 57.00 1.00 1.00 34.78
54.00 30.00 1.00 1.00 110.11
50.00 58.00 1.00 4.00 154.70
42.00 29.00 1.00 4.00 94.75
8.00 55.00 0.00 5.00 108.99
54.00 24.00 0.00 5.00 134.83
15.00 30.00 1.00 3.00 75.38
57.00 30.00 0.00 2.00 178.42
21.00 30.00 0.00 2.00 61.31
29.00 51.00 1.00 1.00 66.95
55.00 35.00 1.00 1.00 194.50
52.00 57.00 1.00 5.00 105.30
8.00 18.00 1.00 5.00 109.38
58.00 53.00 0.00 2.00 104.65
56.00 51.00 0.00 3.00 158.29
59.00 53.00 1.00 1.00 141.78
9.00 26.00 1.00 1.00 91.27
31.00 53.00 1.00 5.00 195.04
12.00 56.00 1.00 4.00 110.86
50.00 56.00 0.00 3.00 113.54
58.00 17.00 0.00 4.00 35.43
34.00 21.00 1.00 1.00 130.55
53.00 44.00 1.00 2.00 169.63
50.00 43.00 1.00 1.00 176.46
41.00 2.00 1.00 3.00 109.09
20.00 54.00 1.00 4.00 39.55
27.00 4.00 0.00 1.00 167.01
1.00 59.00 1.00 1.00 72.60
50.00 49.00 0.00 3.00 65.35
44.00 52.00 0.00 4.00 44.60
59.00 51.00 1.00 2.00 93.31
19.00 1.00 0.00 5.00 130.46
32.00 10.00 1.00 4.00 139.28
6.00 21.00 0.00 1.00 72.19
56.00 38.00 1.00 1.00 126.88
12.00 41.00 0.00 3.00 60.26
54.00 0.00 1.00 4.00 169.72
53.00 59.00 1.00 4.00 90.71
2.00 42.00 0.00 4.00 105.89
52.00 1.00 0.00 1.00 93.81
56.00 21.00 1.00 3.00 199.55
59.00 53.00 0.00 1.00 174.35
30.00 52.00 1.00 5.00 195.81
57.00 54.00 1.00 3.00 50.12
18.00 24.00 1.00 2.00 98.83
29.00 58.00 1.00 4.00 103.23
58.00 37.00 1.00 4.00 39.96
58.00 54.00 0.00 1.00 48.14
16.00 38.00 0.00 1.00 146.58
51.00 41.00 1.00 3.00 112.32
52.00 58.00 0.00 4.00 130.78
55.00 16.00 1.00 5.00 185.05
7.00 55.00 0.00 4.00 133.02
29.00 52.00 0.00 2.00 184.79
25.00 44.00 1.00 3.00 143.19
53.00 43.00 0.00 5.00 92.09
24.00 53.00 0.00 1.00 35.53
55.00 50.00 1.00 4.00 150.26
9.00 29.00 1.00 3.00 59.35
27.00 57.00 0.00 5.00 108.80
6.00 51.00 1.00 4.00 135.26
50.00 36.00 1.00 1.00 68.18
51.00 55.00 1.00 4.00 160.54
53.00 33.00 1.00 4.00 104.16
46.00 10.00 0.00 1.00 71.55
46.00 5.00 0.00 1.00 139.35
51.00 36.00 0.00 4.00 59.72
24.00 59.00 0.00 2.00 67.98
37.00 43.00 0.00 4.00 51.69
34.00 51.00 1.00 2.00 85.00
50.00 6.00 1.00 1.00 172.16
57.00 51.00 0.00 2.00 198.63
58.00 26.00 1.00 2.00 108.22
46.00 1.00 0.00 4.00 72.80
51.00 59.00 0.00 4.00 156.40
58.00 1.00 1.00 3.00 72.96
52.00 48.00 1.00 2.00 197.82
26.00 50.00 1.00 1.00 109.19
54.00 58.00 1.00 2.00 72.85
57.00 29.00 0.00 4.00 144.17
37.00 50.00 1.00 4.00 104.97
16.00 56.00 0.00 1.00 148.00
58.00 51.00 0.00 5.00 143.13
27.00 25.00 0.00 5.00 149.11
53.00 56.00 0.00 1.00 199.96
34.00 42.00 1.00 4.00 147.74
57.00 50.00 1.00 2.00 113.21
34.00 17.00 0.00 2.00 168.35
37.00 51.00 1.00 5.00 166.54
47.00 20.00 1.00 2.00 111.86
8.00 58.00 0.00 2.00 106.08
36.00 57.00 0.00 2.00 134.47
57.00 51.00 1.00 4.00 59.47
42.00 50.00 1.00 3.00 158.54
6.00 23.00 0.00 2.00 44.91
55.00 18.00 0.00 5.00 160.95
49.00 51.00 1.00 4.00 152.38
47.00 8.00 1.00 2.00 64.65
17.00 57.00 0.00 1.00 193.86
59.00 31.00 0.00 1.00 117.07
58.00 52.00 0.00 2.00 55.51
8.00 56.00 0.00 5.00 44.01
55.00 37.00 0.00 2.00 198.63
45.00 50.00 1.00 3.00 88.60
58.00 37.00 0.00 3.00 97.27
54.00 59.00 1.00 5.00 156.48
51.00 56.00 1.00 5.00 89.06
50.00 56.00 0.00 1.00 61.44
41.00 54.00 1.00 4.00 71.02
53.00 9.00 1.00 1.00 75.66
54.00 49.00 0.00 2.00 183.40
55.00 4.00 1.00 5.00 99.36
18.00 59.00 0.00 3.00 151.87
2.00 51.00 0.00 3.00 75.97
52.00 59.00 0.00 1.00 145.10
59.00 13.00 1.00 1.00 153.30
40.00 39.00 1.00 2.00 180.03
0.00 46.00 0.00 3.00 158.74
25.00 59.00 1.00 3.00 35.48
58.00 7.00 1.00 1.00 176.39
32.00 34.00 1.00 1.00 98.08
37.00 17.00 0.00 3.00 130.75
23.00 6.00 1.00 4.00 114.18
53.00 12.00 1.00 4.00 146.66
53.00 59.00 0.00 5.00 80.75
44.00 32.00 1.00 2.00 97.03
43.00 53.00 0.00 4.00 131.47
58.00 51.00 1.00 4.00 42.35
54.00 45.00 1.00 1.00 125.03
9.00 19.00 1.00 3.00 198.04
53.00 5.00 1.00 1.00 164.42
55.00 1.00 0.00 3.00 85.38
35.00 51.00 1.00 3.00 83.22
58.00 1.00 0.00 4.00 120.94
56.00 54.00 1.00 3.00 196.26
42.00 10.00 1.00 4.00 102.57
54.00 7.00 0.00 5.00 133.29
59.00 25.00 1.00 2.00 172.30
53.00 0.00 0.00 3.00 62.64
56.00 51.00 0.00 5.00 69.21
47.00 37.00 1.00 1.00 97.82
36.00 50.00 0.00 2.00 92.34
36.00 50.00 0.00 5.00 62.94
19.00 58.00 0.00 2.00 162.06
52.00 58.00 1.00 3.00 126.91
6.00 55.00 0.00 5.00 98.02
52.00 58.00 0.00 5.00 108.01
56.00 50.00 0.00 4.00 120.42
52.00 55.00 1.00 5.00 42.46
16.00 57.00 1.00 3.00 186.33
54.00 8.00 0.00 2.00 91.61
53.00 57.00 1.00 4.00 66.65
29.00 4.00 1.00 2.00 51.28
44.00 32.00 1.00 1.00 91.53
12.00 52.00 0.00 1.00 43.14
59.00 54.00 1.00 1.00 175.24
25.00 40.00 1.00 2.00 192.56
59.00 53.00 0.00 5.00 148.86
5.00 19.00 1.00 5.00 77.56
53.00 44.00 0.00 3.00 181.23
0.00 50.00 1.00 4.00 116.10
6.00 56.00 0.00 3.00 158.32
23.00 58.00 1.00 2.00 87.63
56.00 53.00 1.00 3.00 177.59
54.00 59.00 0.00 2.00 153.01
57.00 52.00 1.00 1.00 179.71
50.00 13.00 1.00 2.00 69.13
51.00 12.00 1.00 4.00 44.17
17.00 56.00 1.00 2.00 127.92
59.00 51.00 1.00 4.00 79.36
57.00 18.00 1.00 1.00 77.48
3.00 52.00 0.00 2.00 142.19
21.00 33.00 0.00 3.00 109.28
11.00 59.00 0.00 2.00 117.22
58.00 26.00 0.00 4.00 48.80
45.00 6.00 1.00 2.00 111.18
59.00 31.00 1.00 1.00 52.12
44.00 39.00 0.00 4.00 108.57
6.00 41.00 0.00 1.00 82.38
57.00 53.00 1.00 2.00 57.78
56.00 52.00 1.00 5.00 194.25
17.00 34.00 0.00 4.00 148.69
30.00 5.00 1.00 4.00 87.73
59.00 51.00 0.00 1.00 44.15
54.00 24.00 0.00 1.00 144.55
43.00 37.00 0.00 5.00 36.98
28.00 58.00 0.00 2.00 162.55
25.00 52.00 1.00 2.00 30.51
58.00 9.00 0.00 1.00 152.43
59.00 22.00 0.00 5.00 66.36
54.00 4.00 0.00 4.00 124.99
52.00 1.00 0.00 5.00 101.40
