15.00 52.00 0.00 4.00 104.33
27.00 59.00 0.00 2.00 119.12
36.00 17.00 1.00 4.00 152.15
35.00 54.00 1.00 3.00 179.07
58.00 5.00 1.00 4.00 95.01
55.00 52.00 1.00 5.00 173.98
55.00 17.00 0.00 2.00 158.91
31.00 53.00 1.00 5.00 169.17
52.00 57.00 1.00 4.00 198.90
57.00 18.00 1.00 4.00 197.54
52.00 34.00 0.00 2.00 156.61
52.00 3.00 0.00 2.00 196.24
12.00 54.00 0.00 5.00 89.98
57.00 51.00 1.00 5.00 198.08
45.00 10.00 1.00 1.00 152.77
14.00 26.00 0.00 3.00 117.06
10.00 59.00 1.00 4.00 99.64
53.00 12.00 0.00 3.00 160.05
6.00 56.00 0.00 3.00 141.42
8.00 54.00 0.00 5.00 31.99
56.00 52.00 1.00 3.00 118.08
57.00 51.00 1.00 5.00 183.05
55.00 54.00 1.00 4.00 49.58
46.00 4.00 0.00 5.00 136.74
54.00 44.00 1.00 4.00 50.26
33.00 17.00 1.00 5.00 146.79
51.00 57.00 1.00 2.00 79.44
25.00 39.00 0.00 5.00 189.56
55.00 35.00 1.00 1.00 183.18
27.00 23.00 0.00 5.00 35.09
50.00 55.00 1.00 1.00 149.24
0.00 57.00 1.00 4.00 159.24
52.00 7.00 0.00 2.00 118.02
58.00 52.00 1.00 3.00 129.75
28.00 56.00 1.00 3.00 50.39
9.00 54.00 1.00 1.00 199.50
53.00 47.00 1.00 5.00 172.01
14.00 52.00 1.00 4.00 186.58
52.00 55.00 0.00 3.00 112.78
51.00 57.00 1.00 1.00 93.65
0.00 51.00 1.00 3.00 110.68
58.00 52.00 1.00 3.00 177.87
50.00 59.00 1.00 2.00 61.51
56.00 28.00 0.00 4.00 183.11
8.00 38.00 1.00 1.00 38.82
57.00 54.00 1.00 5.00 155.41
46.00 3.00 1.00 4.00 114.99
52.00 48.00 1.00 2.00 196.88
7.00 56.00 1.00 5.00 198.38
57.00 54.00 0.00 1.00 125.92
50.00 57.00 0.00 1.00 159.44
57.00 52.00 1.00 3.00 123.88
56.00 53.00 1.00 4.00 198.69
12.00 50.00 0.00 3.00 112.90
54.00 0.00 0.00 1.00 160.16
31.00 57.00 1.00 2.00 43.79
57.00 51.00 0.00 1.00 71.68
53.00 58.00 0.00 3.00 92.78
57.00 53.00 0.00 5.00 60.32
12.00 18.00 1.00 4.00 186.58
52.00 14.00 1.00 3.00 109.65
45.00 54.00 1.00 2.00 94.34
8.00 33.00 0.00 3.00 176.57
10.00 50.00 1.00 2.00 158.03
57.00 6.00 0.00 1.00 111.80
56.00 39.00 1.00 2.00 53.08
6.00 17.00 0.00 3.00 113.93
21.00 39.00 0.00 1.00 61.17
50.00 58.00 1.00 5.00 148.83
50.00 55.00 0.00 5.00 30.46
50.00 30.00 0.00 1.00 118.95
59.00 53.00 1.00 1.00 34.47
53.00 4.00 1.00 2.00 98.78
7.00 50.00 1.00 2.00 186.51
26.00 53.00 0.00 4.00 198.24
50.00 37.00 1.00 1.00 56.41
58.00 26.00 1.00 4.00 174.17
59.00 51.00 0.00 1.00 65.46
5.00 51.00 0.00 2.00 150.92
15.00 57.00 0.00 5.00 69.51
24.00 58.00 0.00 5.00 190.14
50.00 17.00 0.00 1.00 138.33
41.00 50.00 0.00 4.00 184.02
49.00 59.00 0.00 1.00 166.01
51.00 25.00 0.00 1.00 158.94
49.00 0.00 1.00 4.00 108.30
37.00 3.00 1.00 2.00 130.35
53.00 59.00 0.00 5.00 135.01
21.00 37.00 0.00 4.00 85.95
21.00 38.00 1.00 3.00 50.10
49.00 54.00 0.00 2.00 52.98
52.00 30.00 1.00 3.00 81.56
50.00 56.00 1.00 3.00 134.79
56.00 14.00 1.00 1.00 30.98
54.00 2.00 1.00 4.00 183.49
24.00 55.00 0.00 2.00 51.19
56.00 20.00 0.00 4.00 55.10
5.00 56.00 1.00 1.00 166.23
54.00 56.00 1.00 2.00 141.15
53.00 56.00 1.00 3.00 85.69
31.00 52.00 1.00 3.00 187.40
51.00 30.00 1.00 5.00 95.83
54.00 57.00 1.00 2.00 184.90
19.00 55.00 0.00 1.00 117.70
52.00 11.00 1.00 5.00 116.48
1.00 57.00 0.00 4.00 121.46
25.00 41.00 0.00 3.00 93.99
30.00 17.00 1.00 1.00 42.87
56.00 19.00 1.00 4.00 38.61
50.00 45.00 1.00 2.00 119.60
12.00 38.00 0.00 4.00 150.15
11.00 55.00 1.00 4.00 152.59
50.00 59.00 0.00 2.00 47.42
59.00 53.00 1.00 3.00 115.01
59.00 45.00 1.00 2.00 194.00
51.00 40.00 1.00 5.00 76.99
50.00 0.00 0.00 2.00 147.07
55.00 53.00 1.00 5.00 173.18
51.00 56.00 1.00 3.00 166.15
49.00 11.00 1.00 4.00 181.96
29.00 45.00 1.00 3.00 167.57
1.00 58.00 0.00 4.00 125.99
0.00 56.00 0.00 1.00 145.92
57.00 53.00 0.00 2.00 140.76
53.00 8.00 0.00 4.00 131.79
4.00 59.00 1.00 1.00 93.43
59.00 12.00 1.00 3.00 92.41
44.00 29.00 1.00 4.00 85.44
50.00 55.00 0.00 1.00 102.90
51.00 8.00 0.00 3.00 99.42
58.00 23.00 0.00 1.00 125.70
54.00 59.00 1.00 2.00 54.67
32.00 58.00 0.00 4.00 106.16
59.00 51.00 1.00 1.00 30.35
52.00 46.00 0.00 2.00 156.17
45.00 57.00 1.00 3.00 163.18
55.00 54.00 0.00 4.00 54.55
25.00 51.00 0.00 5.00 197.28
10.00 38.00 0.00 2.00 151.20
14.00 38.00 0.00 1.00 110.14
50.00 55.00 0.00 1.00 62.31
51.00 55.00 0.00 1.00 144.44
57.00 52.00 1.00 2.00 120.69
32.00 54.00 1.00 1.00 82.63
50.00 43.00 0.00 2.00 33.18
13.00 57.00 1.00 1.00 129.45
54.00 56.00 1.00 3.00 144.73
9.00 47.00 1.00 2.00 69.89
58.00 18.00 0.00 4.00 120.73
1.00 50.00 1.00 3.00 167.54
59.00 3.00 0.00 4.00 129.38
38.00 53.00 1.00 5.00 149.89
4.00 43.00 0.00 5.00 152.90
56.00 23.00 0.00 4.00 193.45
58.00 50.00 0.00 5.00 58.83
19.00 41.00 0.00 3.00 174.06
56.00 23.00 1.00 3.00 67.87
50.00 0.00 1.00 4.00 61.86
50.00 1.00 0.00 2.00 43.52
31.00 58.00 0.00 1.00 37.53
30.00 11.00 1.00 2.00 104.46
56.00 52.00 1.00 3.00 151.95
45.00 28.00 1.00 2.00 161.33
58.00 17.00 0.00 4.00 161.81
49.00 11.00 1.00 1.00 187.76
8.00 59.00 0.00 1.00 149.20
2.00 56.00 1.00 4.00 90.38
54.00 55.00 0.00 1.00 36.45
58.00 15.00 1.00 5.00 142.88
58.00 33.00 1.00 1.00 66.83
49.00 0.00 0.00 5.00 155.65
56.00 23.00 0.00 5.00 121.76
2.00 50.00 1.00 3.00 115.40
59.00 36.00 0.00 2.00 179.12
0.00 56.00 1.00 5.00 179.38
51.00 57.00 1.00 1.00 142.29
54.00 47.00 0.00 2.00 90.37
5.00 55.00 0.00 1.00 174.75
30.00 58.00 1.00 5.00 47.08
26.00 54.00 1.00 4.00 57.12
18.00 2.00 0.00 4.00 35.89
12.00 19.00 1.00 2.00 133.09
54.00 4.00 1.00 4.00 85.48
52.00 59.00 1.00 1.00 123.29
58.00 14.00 1.00 5.00 109.17
43.00 10.00 0.00 1.00 188.79
53.00 41.00 0.00 2.00 130.52
52.00 57.00 0.00 3.00 108.37
21.00 57.00 1.00 4.00 119.04
54.00 20.00 0.00 4.00 188.37
55.00 54.00 0.00 3.00 105.28
56.00 54.00 0.00 4.00 147.93
9.00 55.00 0.00 4.00 177.25
59.00 45.00 0.00 3.00 164.67
54.00 58.00 1.00 4.00 179.83
57.00 34.00 0.00 3.00 67.11
58.00 52.00 1.00 2.00 32.83
50.00 58.00 1.00 1.00 137.05
10.00 52.00 1.00 1.00 196.87
10.00 49.00 1.00 4.00 88.58
29.00 53.00 0.00 4.00 185.49
51.00 28.00 0.00 3.00 195.02
57.00 2.00 1.00 5.00 144.99
50.00 56.00 1.00 2.00 104.28
30.00 19.00 0.00 5.00 195.97
54.00 7.00 0.00 3.00 175.62
35.00 53.00 1.00 5.00 74.09
37.00 52.00 0.00 3.00 80.26
53.00 1.00 1.00 1.00 157.24
58.00 54.00 0.00 3.00 179.84
49.00 52.00 1.00 1.00 39.05
58.00 45.00 1.00 1.00 97.23
51.00 55.00 1.00 4.00 162.82
14.00 56.00 1.00 3.00 43.70
43.00 33.00 0.00 4.00 129.06
2.00 19.00 0.00 5.00 54.18
41.00 53.00 0.00 3.00 117.81
54.00 59.00 0.00 5.00 125.65
52.00 58.00 0.00 1.00 127.09
53.00 57.00 0.00 2.00 172.56
7.00 18.00 0.00 3.00 136.62
27.00 20.00 1.00 3.00 134.37
56.00 20.00 1.00 4.00 195.27
59.00 51.00 1.00 1.00 136.04
56.00 10.00 0.00 5.00 163.89
14.00 29.00 0.00 4.00 40.59
55.00 51.00 0.00 3.00 77.41
59.00 29.00 0.00 1.00 108.18
22.00 55.00 1.00 3.00 71.24
44.00 50.00 0.00 1.00 156.78
47.00 24.00 1.00 2.00 72.22
51.00 3.00 1.00 4.00 40.20
54.00 47.00 0.00 2.00 117.66
54.00 42.00 1.00 1.00 54.82
58.00 53.00 0.00 5.00 77.42
6.00 59.00 1.00 2.00 189.12
53.00 59.00 1.00 5.00 136.84
30.00 17.00 1.00 4.00 47.67
16.00 56.00 0.00 2.00 174.13
51.00 56.00 1.00 1.00 168.23
59.00 52.00 1.00 5.00 63.11
0.00 19.00 1.00 4.00 116.80
50.00 41.00 0.00 4.00 89.70
20.00 42.00 0.00 5.00 37.76
33.00 41.00 0.00 4.00 125.16
58.00 54.00 0.00 1.00 36.82
22.00 31.00 1.00 1.00 30.16
34.00 18.00 1.00 3.00 94.68
53.00 57.00 0.00 3.00 84.47
32.00 53.00 0.00 4.00 96.29
59.00 51.00 0.00 5.00 129.14
11.00 42.00 0.00 2.00 34.93
56.00 54.00 1.00 1.00 92.86
19.00 56.00 0.00 1.00 175.33
55.00 51.00 1.00 5.00 145.72
56.00 21.00 0.00 2.00 144.36
56.00 52.00 0.00 3.00 102.73
59.00 53.00 0.00 3.00 172.08
23.00 35.00 1.00 3.00 69.50
27.00 56.00 0.00 4.00 63.60
0.00 15.00 0.00 4.00 73.66
58.00 11.00 1.00 3.00 151.72
32.00 11.00 0.00 5.00 147.76
19.00 57.00 0.00 3.00 68.45
57.00 18.00 0.00 2.00 70.38
54.00 38.00 1.00 5.00 88.78
15.00 35.00 1.00 2.00 154.80
25.00 57.00 1.00 3.00 30.26
39.00 52.00 1.00 3.00 111.53
54.00 37.00 1.00 4.00 107.21
58.00 11.00 1.00 2.00 159.84
57.00 0.00 0.00 4.00 65.64
56.00 52.00 0.00 5.00 123.98
50.00 10.00 1.00 3.00 156.98
49.00 59.00 0.00 1.00 190.91
52.00 59.00 1.00 5.00 81.92
24.00 55.00 1.00 3.00 79.15
23.00 4.00 0.00 3.00 86.44
15.00 38.00 0.00 1.00 193.26
20.00 33.00 1.00 3.00 100.55
57.00 3.00 1.00 3.00 157.47
0.00 50.00 0.00 4.00 92.27
57.00 53.00 0.00 4.00 167.98
51.00 55.00 1.00 5.00 130.14
1.00 46.00 0.00 2.00 76.79
51.00 59.00 1.00 5.00 113.90
56.00 6.00 0.00 5.00 115.24
2.00 16.00 1.00 2.00 141.23
56.00 10.00 0.00 3.00 174.14
8.00 57.00 0.00 4.00 92.03
58.00 33.00 0.00 4.00 113.63
54.00 14.00 1.00 2.00 127.23
51.00 55.00 1.00 4.00 126.07
10.00 55.00 1.00 1.00 60.38
57.00 20.00 0.00 2.00 106.13
52.00 2.00 1.00 5.00 58.65
31.00 59.00 1.00 5.00 162.50
38.00 57.00 0.00 4.00 100.57
21.00 13.00 0.00 4.00 94.82
6.00 21.00 0.00 3.00 83.33
10.00 41.00 1.00 1.00 193.13
41.00 21.00 1.00 3.00 47.60
57.00 50.00 1.00 4.00 81.54
29.00 51.00 1.00 1.00 188.84
55.00 53.00 1.00 3.00 59.41
52.00 58.00 0.00 4.00 184.44
52.00 58.00 1.00 4.00 149.84
59.00 50.00 1.00 3.00 112.61
57.00 54.00 0.00 4.00 99.84
53.00 57.00 1.00 5.00 180.72
26.00 14.00 1.00 4.00 45.59
20.00 1.00 1.00 2.00 131.87
34.00 43.00 0.00 3.00 107.34
8.00 51.00 1.00 3.00 41.27
58.00 53.00 0.00 2.00 128.53
6.00 55.00 1.00 2.00 172.27
58.00 53.00 0.00 1.00 44.78
58.00 52.00 0.00 1.00 195.09
24.00 56.00 0.00 2.00 190.57
54.00 57.00 0.00 2.00 129.62
0.00 30.00 1.00 2.00 144.98
5.00 55.00 0.00 1.00 66.06
52.00 55.00 1.00 4.00 116.90
25.00 23.00 1.00 4.00 68.54
50.00 58.00 0.00 3.00 95.63
35.00 41.00 1.00 3.00 154.41
58.00 19.00 0.00 1.00 67.94
38.00 15.00 0.00 2.00 40.18
59.00 22.00 1.00 4.00 113.74
59.00 50.00 0.00 2.00 42.26
14.00 59.00 1.00 1.00 69.00
51.00 1.00 1.00 2.00 74.17
50.00 58.00 1.00 5.00 46.19
31.00 52.00 1.00 3.00 71.27
59.00 54.00 0.00 3.00 40.61
21.00 28.00 0.00 5.00 188.50
56.00 52.00 0.00 3.00 175.90
46.00 53.00 1.00 1.00 159.24
50.00 59.00 0.00 1.00 85.60
43.00 54.00 0.00 5.00 152.26
57.00 13.00 1.00 3.00 121.76
32.00 10.00 1.00 3.00 57.00
57.00 3.00 1.00 5.00 33.56
3.00 54.00 0.00 4.00 101.62
54.00 58.00 1.00 4.00 169.02
16.00 54.00 1.00 4.00 52.67
4.00 55.00 0.00 5.00 90.51
58.00 52.00 1.00 5.00 156.51
30.00 57.00 1.00 1.00 110.89
58.00 50.00 0.00 5.00 62.55
16.00 2.00 1.00 1.00 147.05
43.00 24.00 0.00 4.00 166.90
54.00 24.00 0.00 2.00 69.56
51.00 57.00 1.00 1.00 98.84
55.00 2.00 0.00 1.00 116.50
50.00 46.00 0.00 4.00 150.91
26.00 54.00 0.00 3.00 176.02
58.00 52.00 0.00 4.00 197.17
59.00 53.00 1.00 4.00 169.29
0.00 56.00 1.00 1.00 158.67
4.00 54.00 1.00 3.00 78.55
56.00 54.00 1.00 4.00 185.83
51.00 2.00 0.00 4.00 141.38
32.00 11.00 0.00 4.00 98.54
56.00 37.00 0.00 4.00 161.01
3.00 56.00 1.00 4.00 156.40
7.00 44.00 1.00 1.00 157.18
14.00 51.00 0.00 2.00 142.47
56.00 23.00 0.00 5.00 65.94
50.00 5.00 0.00 5.00 147.80
40.00 19.00 1.00 3.00 132.48
51.00 35.00 0.00 1.00 102.45
52.00 57.00 1.00 5.00 125.60
51.00 59.00 0.00 2.00 89.92
59.00 54.00 0.00 4.00 140.98
1.00 42.00 1.00 2.00 116.18
42.00 50.00 0.00 2.00 49.79
53.00 59.00 0.00 1.00 72.77
1.00 42.00 0.00 3.00 36.41
3.00 50.00 1.00 2.00 132.64
33.00 51.00 0.00 4.00 175.71
52.00 59.00 1.00 4.00 76.71
55.00 25.00 0.00 3.00 60.89
15.00 59.00 1.00 3.00 103.31
10.00 18.00 1.00 1.00 144.61
57.00 17.00 0.00 4.00 175.07
57.00 52.00 0.00 2.00 37.99
53.00 46.00 1.00 1.00 139.30
55.00 52.00 1.00 1.00 38.93
48.00 12.00 1.00 4.00 55.46
39.00 56.00 0.00 2.00 175.44
54.00 55.00 0.00 5.00 130.41
53.00 10.00 0.00 3.00 175.24
10.00 48.00 1.00 1.00 146.56
29.00 53.00 1.00 5.00 70.45
20.00 13.00 0.00 3.00 144.53
57.00 52.00 0.00 5.00 180.74
59.00 52.00 1.00 5.00 193.90
56.00 52.00 1.00 5.00 172.59
54.00 43.00 0.00 4.00 30.56
44.00 11.00 1.00 1.00 172.80
56.00 50.00 1.00 5.00 37.81
54.00 32.00 0.00 2.00 91.79
58.00 52.00 0.00 3.00 170.06
51.00 57.00 1.00 2.00 38.67
12.00 26.00 1.00 5.00 142.01
59.00 54.00 0.00 4.00 49.30
50.00 27.00 1.00 3.00 146.87
51.00 28.00 0.00 4.00 137.86
50.00 27.00 1.00 3.00 172.16
10.00 58.00 1.00 5.00 148.80
50.00 56.00 0.00 3.00 97.12
51.00 26.00 1.00 5.00 186.31
51.00 57.00 1.00 2.00 57.50
53.00 39.00 1.00 3.00 107.90
25.00 41.00 1.00 2.00 182.32
25.00 51.00 1.00 5.00 114.82
39.00 8.00 1.00 1.00 45.92
51.00 55.00 1.00 2.00 92.89
11.00 56.00 0.00 1.00 90.33
56.00 50.00 1.00 5.00 126.97
55.00 54.00 0.00 3.00 157.95
11.00 54.00 0.00 5.00 183.92
54.00 3.00 1.00 1.00 160.48
53.00 57.00 1.00 1.00 153.10
55.00 6.00 1.00 3.00 57.96
15.00 4.00 0.00 2.00 62.37
20.00 0.00 1.00 3.00 170.84
38.00 57.00 0.00 1.00 159.85
23.00 34.00 0.00 4.00 168.89
59.00 17.00 0.00 5.00 133.44
2.00 58.00 0.00 2.00 129.26
50.00 59.00 0.00 2.00 184.90
59.00 54.00 0.00 1.00 108.46
53.00 58.00 0.00 5.00 34.56
28.00 16.00 1.00 4.00 117.84
55.00 52.00 1.00 1.00 186.23
57.00 52.00 1.00 3.00 96.39
1.00 48.00 0.00 4.00 130.26
15.00 26.00 0.00 5.00 102.36
50.00 57.00 1.00 2.00 66.22
19.00 55.00 0.00 3.00 149.49
58.00 54.00 1.00 5.00 79.98
54.00 43.00 0.00 4.00 133.85
18.00 24.00 0.00 5.00 197.90
52.00 29.00 0.00 1.00 121.31
54.00 59.00 0.00 5.00 43.24
56.00 53.00 1.00 2.00 91.46
40.00 53.00 1.00 3.00 130.82
9.00 47.00 1.00 2.00 184.37
58.00 30.00 0.00 2.00 144.13
10.00 57.00 1.00 1.00 52.81
50.00 55.00 1.00 3.00 96.29
37.00 50.00 1.00 3.00 158.19
11.00 58.00 1.00 2.00 41.34
11.00 19.00 1.00 3.00 153.12
2.00 15.00 0.00 5.00 180.81
10.00 59.00 1.00 3.00 47.32
3.00 52.00 1.00 4.00 54.84
53.00 26.00 0.00 3.00 67.95
52.00 28.00 1.00 4.00 178.08
24.00 39.00 1.00 1.00 110.03
40.00 4.00 1.00 3.00 123.04
21.00 56.00 1.00 3.00 99.20
15.00 3.00 1.00 5.00 123.60
30.00 57.00 1.00 3.00 192.87
52.00 58.00 0.00 1.00 168.91
51.00 14.00 1.00 3.00 55.64
4.00 56.00 1.00 5.00 195.12
50.00 12.00 1.00 4.00 193.15
55.00 50.00 0.00 4.00 173.37
59.00 51.00 1.00 4.00 105.61
54.00 55.00 1.00 4.00 163.39
7.00 54.00 1.00 1.00 182.61
47.00 55.00 0.00 3.00 169.76
54.00 0.00 1.00 5.00 45.54
11.00 42.00 1.00 5.00 63.16
51.00 59.00 1.00 2.00 180.91
26.00 54.00 0.00 1.00 80.62
38.00 48.00 0.00 1.00 35.36
13.00 22.00 1.00 4.00 98.24
53.00 57.00 0.00 1.00 71.95
55.00 19.00 0.00 5.00 120.23
31.00 52.00 0.00 2.00 121.88
41.00 9.00 0.00 2.00 118.85
17.00 55.00 1.00 3.00 87.67
6.00 49.00 1.00 4.00 34.33
41.00 18.00 1.00 1.00 199.74
57.00 52.00 1.00 2.00 114.78
21.00 2.00 0.00 1.00 81.32
10.00 56.00 0.00 1.00 59.08
1.00 57.00 1.00 5.00 140.48
59.00 53.00 1.00 1.00 169.54
2.00 41.00 0.00 3.00 178.29
54.00 58.00 0.00 5.00 114.91
51.00 59.00 1.00 2.00 116.86
27.00 53.00 1.00 5.00 51.64
52.00 1.00 0.00 2.00 119.32
53.00 9.00 1.00 1.00 89.48
30.00 4.00 1.00 2.00 61.60
33.00 17.00 1.00 5.00 72.98
58.00 54.00 0.00 2.00 121.92
54.00 56.00 0.00 1.00 165.57
0.00 15.00 1.00 5.00 127.87
28.00 17.00 0.00 1.00 188.58
54.00 58.00 1.00 5.00 108.14
24.00 42.00 1.00 1.00 158.95
55.00 51.00 1.00 5.00 166.81
31.00 20.00 0.00 1.00 125.24
22.00 12.00 0.00 1.00 89.10
52.00 59.00 0.00 1.00 148.62
55.00 53.00 1.00 1.00 150.32
54.00 57.00 1.00 2.00 121.60
19.00 7.00 0.00 1.00 68.86
46.00 59.00 0.00 5.00 53.10
45.00 13.00 0.00 2.00 33.51
11.00 53.00 0.00 4.00 180.94
1.00 14.00 0.00 4.00 75.93
52.00 58.00 0.00 1.00 90.89
54.00 28.00 1.00 5.00 180.88
59.00 2.00 1.00 1.00 189.53
23.00 8.00 0.00 4.00 194.12
2.00 55.00 1.00 2.00 51.03
59.00 51.00 0.00 1.00 88.69
59.00 53.00 0.00 4.00 158.53
57.00 9.00 1.00 5.00 51.03
58.00 26.00 1.00 1.00 83.17
50.00 3.00 0.00 2.00 134.91
16.00 30.00 0.00 3.00 47.84
55.00 51.00 1.00 4.00 83.75
59.00 53.00 0.00 1.00 139.98
48.00 50.00 0.00 1.00 163.51
56.00 53.00 1.00 3.00 192.38
53.00 59.00 1.00 3.00 192.51
52.00 56.00 1.00 2.00 32.36
37.00 56.00 0.00 2.00 86.31
3.00 32.00 1.00 1.00 98.53
10.00 40.00 1.00 2.00 93.05
24.00 54.00 0.00 4.00 149.96
12.00 32.00 0.00 4.00 72.07
54.00 41.00 1.00 1.00 98.76
58.00 23.00 1.00 2.00 93.53
53.00 40.00 0.00 2.00 122.36
57.00 39.00 1.00 1.00 127.07
0.00 57.00 0.00 1.00 163.41
44.00 53.00 1.00 1.00 146.17
36.00 57.00 0.00 2.00 86.33
58.00 50.00 1.00 3.00 126.35
56.00 53.00 1.00 3.00 76.74
53.00 56.00 1.00 1.00 81.96
50.00 45.00 1.00 2.00 160.45
50.00 47.00 1.00 4.00 172.50
50.00 59.00 1.00 3.00 197.09
52.00 55.00 0.00 2.00 87.29
32.00 34.00 1.00 3.00 78.30
26.00 56.00 0.00 5.00 84.05
8.00 33.00 1.00 2.00 112.53
14.00 26.00 1.00 5.00 55.31
8.00 19.00 1.00 2.00 184.72
55.00 21.00 1.00 1.00 64.10
18.00 56.00 0.00 3.00 187.88
57.00 51.00 1.00 3.00 65.42
50.00 38.00 0.00 3.00 176.72
50.00 31.00 1.00 4.00 79.59
51.00 57.00 0.00 1.00 111.37
56.00 51.00 1.00 1.00 171.05
55.00 20.00 1.00 1.00 32.16
1.00 26.00 1.00 2.00 141.93
59.00 53.00 0.00 2.00 43.48
29.00 41.00 1.00 5.00 43.22
21.00 43.00 0.00 4.00 91.10
31.00 38.00 1.00 1.00 114.09
51.00 29.00 1.00 1.00 129.99
50.00 57.00 1.00 5.00 166.87
50.00 55.00 1.00 3.00 60.18
56.00 24.00 0.00 5.00 176.18
53.00 2.00 1.00 4.00 109.93
46.00 58.00 1.00 2.00 198.83
48.00 58.00 1.00 2.00 84.63
21.00 48.00 1.00 1.00 149.02
38.00 54.00 1.00 4.00 45.11
54.00 58.00 1.00 1.00 76.55
8.00 55.00 0.00 4.00 73.02
13.00 55.00 1.00 4.00 133.70
6.00 59.00 0.00 5.00 189.18
58.00 3.00 1.00 2.00 193.25
52.00 55.00 1.00 3.00 166.54
54.00 57.00 0.00 3.00 52.34
59.00 54.00 1.00 1.00 193.04
57.00 50.00 1.00 2.00 110.20
21.00 55.00 0.00 3.00 142.27
51.00 48.00 1.00 4.00 125.01
51.00 43.00 1.00 1.00 184.77
46.00 59.00 0.00 3.00 141.17
53.00 58.00 1.00 3.00 104.79
53.00 58.00 0.00 3.00 124.88
38.00 20.00 0.00 4.00 81.76
51.00 7.00 1.00 4.00 193.80
51.00 46.00 1.00 4.00 97.77
56.00 54.00 0.00 3.00 49.88
55.00 22.00 0.00 2.00 57.70
22.00 43.00 0.00 1.00 103.71
33.00 19.00 1.00 4.00 130.41
14.00 51.00 1.00 1.00 55.64
50.00 56.00 1.00 3.00 181.09
10.00 15.00 1.00 3.00 34.14
4.00 37.00 1.00 3.00 174.67
59.00 22.00 0.00 5.00 46.69
43.00 2.00 0.00 5.00 120.01
38.00 32.00 0.00 5.00 113.19
57.00 2.00 0.00 3.00 198.06
50.00 36.00 1.00 5.00 102.19
59.00 50.00 1.00 3.00 117.74
56.00 51.00 1.00 1.00 170.78
51.00 43.00 0.00 3.00 97.64
59.00 53.00 0.00 3.00 168.63
55.00 52.00 1.00 1.00 50.47
6.00 53.00 0.00 4.00 56.55
31.00 44.00 0.00 2.00 114.82
14.00 54.00 0.00 3.00 187.57
56.00 50.00 1.00 2.00 106.51
59.00 20.00 1.00 5.00 162.31
59.00 15.00 1.00 2.00 159.19
54.00 58.00 1.00 3.00 35.88
57.00 50.00 1.00 1.00 194.44
53.00 56.00 1.00 5.00 58.84
58.00 50.00 1.00 1.00 89.40
58.00 23.00 0.00 1.00 152.38
59.00 53.00 0.00 4.00 33.93
56.00 52.00 0.00 3.00 30.73
12.00 46.00 1.00 1.00 178.71
23.00 58.00 0.00 5.00 38.88
45.00 33.00 0.00 5.00 68.29
59.00 53.00 0.00 2.00 183.88
58.00 16.00 0.00 4.00 170.47
25.00 3.00 1.00 1.00 169.49
52.00 55.00 1.00 2.00 86.60
57.00 51.00 0.00 5.00 128.04
52.00 43.00 0.00 1.00 94.16
48.00 13.00 1.00 3.00 32.69
28.00 56.00 1.00 1.00 41.68
34.00 51.00 1.00 3.00 190.36
30.00 15.00 0.00 5.00 90.58
37.00 38.00 1.00 2.00 147.68
53.00 4.00 0.00 4.00 70.82
57.00 26.00 0.00 4.00 192.00
54.00 55.00 1.00 3.00 183.13
23.00 8.00 1.00 5.00 176.16
26.00 51.00 1.00 4.00 147.62
58.00 0.00 1.00 5.00 156.63
37.00 51.00 0.00 1.00 162.96
56.00 21.00 0.00 4.00 122.15
54.00 58.00 1.00 3.00 64.81
50.00 30.00 1.00 1.00 41.77
46.00 50.00 0.00 4.00 56.68
55.00 0.00 1.00 1.00 64.17
15.00 59.00 1.00 2.00 98.05
59.00 51.00 0.00 5.00 175.00
50.00 5.00 1.00 4.00 138.81
13.00 48.00 1.00 1.00 94.83
58.00 53.00 0.00 1.00 33.02
56.00 34.00 0.00 1.00 195.67
5.00 46.00 0.00 2.00 70.32
17.00 1.00 1.00 4.00 95.19
51.00 59.00 1.00 4.00 49.49
57.00 26.00 1.00 1.00 129.42
54.00 1.00 1.00 2.00 121.61
50.00 58.00 1.00 4.00 87.30
58.00 27.00 0.00 4.00 181.69
44.00 52.00 1.00 1.00 60.09
55.00 52.00 0.00 2.00 43.92
41.00 37.00 1.00 2.00 69.39
51.00 42.00 1.00 4.00 81.75
7.00 38.00 1.00 3.00 193.48
1.00 59.00 0.00 4.00 114.60
56.00 50.00 1.00 4.00 184.94
59.00 34.00 1.00 2.00 185.77
51.00 6.00 0.00 2.00 33.90
0.00 58.00 1.00 4.00 109.32
57.00 53.00 0.00 2.00 125.51
58.00 52.00 0.00 3.00 197.35
23.00 58.00 0.00 3.00 95.70
38.00 31.00 0.00 3.00 138.43
42.00 20.00 0.00 5.00 48.37
39.00 52.00 0.00 1.00 144.00
50.00 59.00 1.00 5.00 183.05
58.00 53.00 1.00 4.00 131.54
50.00 59.00 1.00 5.00 152.80
30.00 24.00 0.00 3.00 184.38
51.00 25.00 1.00 5.00 100.98
45.00 12.00 1.00 2.00 87.21
55.00 53.00 0.00 3.00 61.45
11.00 51.00 0.00 2.00 66.98
53.00 39.00 0.00 2.00 53.27
48.00 11.00 0.00 1.00 176.86
15.00 53.00 0.00 4.00 50.12
37.00 39.00 0.00 4.00 198.00
18.00 2.00 0.00 4.00 37.67
31.00 57.00 1.00 1.00 57.82
41.00 52.00 1.00 3.00 183.68
51.00 5.00 0.00 2.00 199.53
7.00 23.00 0.00 2.00 104.98
56.00 51.00 0.00 1.00 139.08
52.00 14.00 1.00 4.00 151.31
33.00 54.00 1.00 4.00 150.27
20.00 55.00 0.00 1.00 107.33
9.00 17.00 0.00 2.00 54.11
52.00 5.00 0.00 4.00 144.69
53.00 42.00 0.00 1.00 114.44
24.00 17.00 1.00 4.00 46.54
33.00 59.00 0.00 3.00 104.23
52.00 14.00 0.00 1.00 38.25
57.00 50.00 1.00 3.00 149.70
33.00 49.00 1.00 4.00 64.19
55.00 50.00 1.00 4.00 172.41
29.00 54.00 1.00 1.00 64.48
54.00 58.00 1.00 2.00 80.07
59.00 52.00 1.00 1.00 71.24
14.00 55.00 1.00 1.00 65.81
42.00 9.00 0.00 5.00 71.62
32.00 21.00 1.00 3.00 168.06
53.00 58.00 0.00 1.00 153.64
57.00 54.00 0.00 3.00 108.89
2.00 16.00 1.00 4.00 91.90
6.00 53.00 1.00 4.00 146.44
55.00 1.00 0.00 5.00 196.69
51.00 11.00 1.00 3.00 75.66
40.00 25.00 0.00 4.00 183.05
10.00 51.00 0.00 3.00 34.43
53.00 59.00 0.00 3.00 122.66
28.00 51.00 0.00 5.00 96.81
47.00 53.00 1.00 5.00 103.63
17.00 6.00 1.00 1.00 115.27
45.00 58.00 1.00 2.00 140.48
53.00 12.00 1.00 5.00 119.32
57.00 54.00 0.00 1.00 133.62
20.00 26.00 0.00 1.00 190.02
57.00 53.00 0.00 3.00 198.94
1.00 56.00 0.00 3.00 88.35
57.00 51.00 1.00 2.00 42.59
54.00 56.00 1.00 1.00 60.77
51.00 35.00 1.00 4.00 115.42
59.00 53.00 1.00 3.00 198.17
45.00 0.00 1.00 2.00 144.32
50.00 42.00 1.00 3.00 65.42
53.00 56.00 0.00 1.00 42.60
25.00 3.00 1.00 2.00 77.62
28.00 55.00 1.00 3.00 54.09
57.00 51.00 1.00 1.00 48.78
56.00 29.00 0.00 1.00 133.00
54.00 8.00 1.00 3.00 59.39
11.00 55.00 0.00 1.00 190.41
51.00 59.00 0.00 2.00 143.41
25.00 51.00 0.00 1.00 161.97
50.00 58.00 1.00 5.00 49.08
51.00 31.00 1.00 1.00 79.05
35.00 50.00 0.00 3.00 90.38
54.00 58.00 1.00 1.00 132.00
56.00 34.00 0.00 3.00 195.64
10.00 54.00 1.00 3.00 40.12
33.00 32.00 0.00 1.00 55.05
53.00 59.00 1.00 4.00 141.74
30.00 23.00 0.00 1.00 181.73
14.00 28.00 0.00 5.00 186.33
58.00 17.00 0.00 1.00 140.84
42.00 33.00 0.00 2.00 162.85
59.00 27.00 0.00 4.00 54.21
53.00 55.00 0.00 4.00 135.58
1.00 16.00 1.00 4.00 114.32
50.00 0.00 0.00 5.00 194.05
17.00 10.00 0.00 5.00 97.67
50.00 59.00 1.00 2.00 99.44
59.00 51.00 1.00 2.00 54.48
52.00 42.00 0.00 4.00 157.82
38.00 9.00 0.00 2.00 189.45
2.00 52.00 0.00 4.00 110.26
52.00 59.00 1.00 2.00 47.53
52.00 4.00 0.00 5.00 55.82
45.00 6.00 1.00 2.00 38.70
29.00 25.00 0.00 2.00 97.39
57.00 6.00 0.00 5.00 98.38
52.00 55.00 0.00 2.00 50.40
10.00 32.00 1.00 3.00 37.04
41.00 52.00 1.00 2.00 48.90
58.00 1.00 1.00 4.00 95.15
56.00 34.00 0.00 5.00 123.32
5.00 57.00 0.00 4.00 169.76
55.00 52.00 1.00 5.00 175.37
51.00 39.00 1.00 5.00 163.62
5.00 26.00 0.00 3.00 62.97
56.00 5.00 1.00 4.00 155.11
8.00 55.00 0.00 5.00 147.32
50.00 30.00 0.00 4.00 63.37
58.00 36.00 0.00 1.00 162.69
56.00 39.00 1.00 3.00 193.85
33.00 31.00 1.00 2.00 30.51
59.00 46.00 0.00 2.00 189.23
55.00 17.00 1.00 5.00 60.25
57.00 50.00 1.00 2.00 171.64
47.00 53.00 0.00 1.00 124.61
34.00 44.00 1.00 3.00 41.57
33.00 56.00 0.00 2.00 147.45
59.00 51.00 0.00 5.00 173.17
21.00 37.00 1.00 1.00 51.23
59.00 4.00 1.00 4.00 151.04
51.00 58.00 1.00 2.00 142.92
4.00 44.00 1.00 4.00 142.27
29.00 56.00 0.00 2.00 120.54
51.00 25.00 1.00 4.00 78.65
53.00 43.00 1.00 5.00 186.79
57.00 52.00 1.00 3.00 149.80
57.00 14.00 0.00 3.00 76.26
53.00 56.00 0.00 2.00 32.21
10.00 59.00 1.00 4.00 116.85
9.00 53.00 0.00 4.00 181.15
53.00 3.00 1.00 4.00 46.99
4.00 44.00 0.00 1.00 164.32
24.00 27.00 1.00 1.00 37.65
28.00 16.00 1.00 4.00 120.50
53.00 57.00 1.00 3.00 109.31
55.00 50.00 1.00 3.00 71.33
35.00 55.00 1.00 4.00 153.68
53.00 30.00 1.00 1.00 161.00
54.00 58.00 0.00 5.00 135.59
57.00 37.00 0.00 5.00 156.40
57.00 54.00 1.00 5.00 99.38
25.00 58.00 1.00 2.00 99.48
50.00 59.00 1.00 4.00 84.02
40.00 26.00 1.00 4.00 67.82
21.00 59.00 1.00 5.00 187.56
5.00 57.00 0.00 1.00 194.18
5.00 58.00 0.00 3.00 189.47
58.00 6.00 0.00 2.00 162.50
52.00 13.00 1.00 5.00 175.67
55.00 50.00 1.00 5.00 156.95
55.00 2.00 1.00 1.00 171.93
48.00 53.00 1.00 4.00 165.30
57.00 33.00 1.00 3.00 110.43
6.00 41.00 1.00 4.00 183.96
40.00 5.00 1.00 2.00 79.97
14.00 55.00 0.00 5.00 118.87
47.00 55.00 0.00 3.00 147.66
42.00 14.00 1.00 3.00 171.14
56.00 33.00 1.00 3.00 138.53
25.00 54.00 1.00 2.00 127.85
15.00 52.00 0.00 5.00 42.07
14.00 56.00 1.00 2.00 81.77
32.00 59.00 0.00 3.00 46.29
53.00 56.00 0.00 1.00 187.63
29.00 52.00 0.00 1.00 118.93
59.00 9.00 1.00 5.00 104.27
54.00 6.00 0.00 3.00 30.42
30.00 54.00 0.00 1.00 144.45
27.00 8.00 0.00 4.00 75.54
57.00 50.00 1.00 5.00 168.98
51.00 12.00 1.00 4.00 33.25
54.00 47.00 1.00 2.00 82.26
27.00 17.00 0.00 3.00 183.90
52.00 49.00 1.00 2.00 139.67
45.00 58.00 1.00 4.00 133.88
19.00 56.00 0.00 1.00 40.93
55.00 52.00 1.00 4.00 173.28
9.00 5.00 0.00 1.00 158.26
8.00 54.00 1.00 1.00 39.22
50.00 59.00 1.00 1.00 45.99
58.00 1.00 1.00 3.00 122.14
56.00 53.00 1.00 1.00 197.14
52.00 42.00 0.00 1.00 167.22
3.00 24.00 1.00 1.00 157.59
46.00 10.00 1.00 3.00 193.23
52.00 57.00 0.00 3.00 168.95
51.00 45.00 1.00 2.00 183.39
36.00 54.00 0.00 1.00 133.43
53.00 4.00 1.00 5.00 66.09
54.00 27.00 1.00 5.00 166.47
3.00 51.00 1.00 2.00 62.67
52.00 7.00 1.00 4.00 46.51
52.00 55.00 1.00 5.00 54.87
53.00 59.00 0.00 1.00 55.43
7.00 50.00 1.00 2.00 157.21
59.00 54.00 1.00 3.00 54.62
0.00 54.00 0.00 3.00 116.29
51.00 39.00 1.00 1.00 37.96
56.00 12.00 1.00 3.00 78.84
59.00 39.00 0.00 4.00 182.31
58.00 36.00 0.00 2.00 35.70
55.00 53.00 0.00 5.00 138.41
55.00 50.00 0.00 2.00 141.16
56.00 37.00 0.00 2.00 107.93
14.00 2.00 1.00 5.00 106.35
0.00 53.00 0.00 2.00 35.84
59.00 12.00 1.00 5.00 142.09
13.00 17.00 1.00 1.00 148.03
24.00 58.00 1.00 2.00 80.43
16.00 56.00 1.00 3.00 127.82
27.00 25.00 0.00 3.00 147.13
52.00 58.00 0.00 1.00 133.28
54.00 57.00 1.00 2.00 193.37
14.00 5.00 1.00 3.00 127.16
21.00 5.00 1.00 4.00 74.15
35.00 50.00 0.00 1.00 35.21
23.00 56.00 1.00 2.00 78.65
55.00 5.00 0.00 3.00 175.39
24.00 56.00 1.00 3.00 97.40
56.00 10.00 1.00 4.00 78.42
57.00 5.00 1.00 1.00 173.16
20.00 19.00 0.00 1.00 94.95
58.00 32.00 1.00 5.00 148.83
53.00 24.00 1.00 4.00 118.59
37.00 59.00 1.00 5.00 48.16
26.00 52.00 0.00 2.00 90.66
56.00 52.00 1.00 4.00 138.26
1.00 52.00 1.00 5.00 41.79
23.00 48.00 1.00 2.00 199.60
29.00 53.00 1.00 2.00 102.30
37.00 57.00 1.00 5.00 73.59
53.00 10.00 0.00 3.00 182.28
28.00 59.00 1.00 4.00 63.56
55.00 52.00 1.00 3.00 167.67
58.00 17.00 0.00 2.00 144.57
55.00 50.00 1.00 2.00 35.31
49.00 54.00 1.00 5.00 183.42
9.00 28.00 1.00 4.00 152.12
52.00 49.00 1.00 2.00 106.15
30.00 54.00 1.00 1.00 148.70
15.00 55.00 1.00 3.00 177.05
9.00 57.00 1.00 5.00 145.05
1.00 14.00 0.00 3.00 150.76
47.00 53.00 0.00 4.00 81.82
59.00 51.00 1.00 2.00 172.43
53.00 55.00 1.00 4.00 159.00
45.00 29.00 0.00 3.00 174.88
57.00 54.00 1.00 3.00 69.15
39.00 51.00 0.00 4.00 184.74
40.00 11.00 1.00 2.00 90.24
57.00 7.00 0.00 3.00 176.44
59.00 35.00 1.00 5.00 155.71
51.00 55.00 0.00 2.00 151.60
55.00 11.00 1.00 3.00 182.74
50.00 40.00 1.00 2.00 158.86
55.00 34.00 1.00 1.00 75.28
46.00 2.00 1.00 3.00 100.21
44.00 51.00 0.00 4.00 32.44
50.00 28.00 0.00 3.00 160.31
53.00 34.00 0.00 2.00 72.14
34.00 53.00 0.00 5.00 61.46
51.00 47.00 1.00 3.00 148.71
54.00 56.00 0.00 3.00 145.86
55.00 51.00 0.00 1.00 85.08
19.00 42.00 1.00 5.00 107.27
51.00 57.00 0.00 3.00 174.70
58.00 46.00 1.00 3.00 129.24
7.00 55.00 1.00 2.00 104.04
30.00 5.00 0.00 3.00 39.00
52.00 57.00 0.00 5.00 80.77
54.00 59.00 0.00 2.00 116.88
56.00 14.00 1.00 2.00 188.43
50.00 59.00 1.00 4.00 108.14
19.00 4.00 0.00 4.00 166.10
50.00 55.00 0.00 1.00 145.32
52.00 59.00 1.00 4.00 147.09
0.00 31.00 0.00 3.00 35.54
50.00 59.00 1.00 2.00 107.99
51.00 44.00 1.00 3.00 68.18
33.00 58.00 0.00 3.00 88.25
58.00 54.00 1.00 3.00 70.89
47.00 50.00 1.00 3.00 83.42
1.00 51.00 0.00 4.00 147.49
1.00 56.00 0.00 2.00 169.21
54.00 59.00 1.00 3.00 136.76
1.00 52.00 0.00 5.00 126.26
59.00 53.00 0.00 2.00 85.51
53.00 10.00 0.00 2.00 30.82
51.00 5.00 0.00 2.00 84.09
56.00 6.00 0.00 5.00 72.50
4.00 58.00 1.00 1.00 124.13
21.00 3.00 0.00 3.00 87.56
54.00 58.00 1.00 1.00 179.73
52.00 37.00 1.00 5.00 142.03
1.00 57.00 1.00 3.00 136.49
46.00 39.00 1.00 5.00 162.92
13.00 57.00 0.00 1.00 146.28
6.00 49.00 0.00 2.00 59.87
35.00 45.00 0.00 4.00 69.65
19.00 59.00 0.00 5.00 130.09
53.00 46.00 0.00 1.00 50.46
32.00 59.00 0.00 5.00 166.60
59.00 51.00 0.00 2.00 99.78
57.00 27.00 0.00 5.00 167.00
54.00 58.00 0.00 2.00 92.30
32.00 12.00 0.00 1.00 124.27
10.00 54.00 1.00 1.00 152.11
51.00 28.00 1.00 3.00 138.41
52.00 57.00 1.00 3.00 57.37
50.00 57.00 0.00 4.00 111.73
16.00 30.00 1.00 3.00 180.56
4.00 50.00 0.00 2.00 139.19
27.00 19.00 1.00 5.00 189.74
25.00 56.00 1.00 1.00 114.82
39.00 17.00 1.00 5.00 193.39
31.00 54.00 0.00 3.00 56.09
54.00 58.00 1.00 3.00 119.18
35.00 55.00 0.00 3.00 39.80
59.00 50.00 1.00 5.00 99.85
42.00 10.00 1.00 1.00 72.38
20.00 59.00 1.00 4.00 144.30
57.00 31.00 0.00 5.00 84.53
57.00 19.00 0.00 2.00 154.35
55.00 52.00 0.00 2.00 146.64
59.00 51.00 0.00 4.00 52.88
49.00 19.00 0.00 3.00 176.75
42.00 1.00 1.00 3.00 194.77
53.00 35.00 0.00 5.00 146.95
6.00 22.00 1.00 4.00 53.37
49.00 54.00 1.00 1.00 91.65
6.00 58.00 1.00 2.00 146.18
55.00 16.00 1.00 3.00 189.72
42.00 21.00 1.00 1.00 197.38
29.00 50.00 0.00 2.00 188.88
36.00 16.00 1.00 5.00 77.52
20.00 31.00 1.00 2.00 152.82
26.00 10.00 0.00 2.00 96.72
52.00 39.00 0.00 3.00 114.53
40.00 7.00 1.00 3.00 41.68
54.00 44.00 1.00 2.00 192.18
16.00 58.00 1.00 2.00 77.20
13.00 54.00 1.00 2.00 177.01
25.00 54.00 1.00 4.00 105.16
44.00 51.00 0.00 3.00 161.60
55.00 52.00 1.00 4.00 176.78
48.00 27.00 0.00 5.00 132.47
41.00 51.00 1.00 2.00 164.52
50.00 58.00 1.00 1.00 151.25
50.00 55.00 1.00 2.00 154.83
13.00 56.00 1.00 2.00 195.22
44.00 9.00 1.00 1.00 93.35
40.00 6.00 1.00 1.00 33.60
58.00 4.00 1.00 4.00 62.41
26.00 59.00 1.00 4.00 48.44
29.00 58.00 1.00 5.00 67.14
54.00 9.00 0.00 3.00 194.80
14.00 2.00 0.00 4.00 170.48
55.00 15.00 0.00 2.00 121.33
51.00 55.00 1.00 5.00 38.98
56.00 26.00 0.00 3.00 181.50
39.00 51.00 1.00 1.00 110.73
53.00 32.00 1.00 2.00 128.44
57.00 26.00 1.00 3.00 42.66
57.00 52.00 1.00 1.00 61.82
47.00 20.00 0.00 4.00 184.71
53.00 59.00 0.00 2.00 111.37
13.00 56.00 1.00 4.00 40.20
19.00 39.00 1.00 2.00 70.45
51.00 47.00 0.00 1.00 120.23
12.00 45.00 0.00 2.00 54.31
11.00 56.00 0.00 5.00 80.20
30.00 58.00 0.00 1.00 126.86
56.00 52.00 0.00 5.00 196.30
56.00 53.00 1.00 1.00 175.54
55.00 53.00 1.00 4.00 196.71
55.00 5.00 1.00 5.00 148.80
52.00 40.00 0.00 2.00 67.00
50.00 56.00 0.00 4.00 131.12
31.00 59.00 0.00 3.00 126.73
59.00 51.00 1.00 3.00 105.25
58.00 29.00 1.00 5.00 100.43
41.00 51.00 1.00 2.00 112.38
52.00 45.00 0.00 4.00 94.39
51.00 39.00 1.00 1.00 173.62
31.00 59.00 0.00 5.00 162.38
1.00 55.00 1.00 2.00 63.23
55.00 20.00 0.00 4.00 115.80
51.00 42.00 1.00 3.00 95.61
58.00 54.00 1.00 2.00 55.77
51.00 7.00 0.00 5.00 39.80
58.00 26.00 1.00 4.00 79.29
50.00 56.00 0.00 5.00 82.56
56.00 50.00 1.00 4.00 126.09
51.00 57.00 1.00 4.00 54.06
2.00 54.00 0.00 3.00 106.78
24.00 54.00 1.00 3.00 44.14
15.00 52.00 0.00 1.00 94.26
19.00 57.00 1.00 2.00 147.29
38.00 55.00 0.00 1.00 91.57
54.00 28.00 1.00 4.00 107.92
23.00 59.00 1.00 2.00 143.09
57.00 45.00 0.00 3.00 174.42
56.00 51.00 1.00 3.00 108.49
13.00 31.00 1.00 3.00 176.33
1.00 58.00 1.00 4.00 41.65
55.00 53.00 0.00 2.00 34.93
9.00 58.00 1.00 2.00 163.90
35.00 50.00 1.00 2.00 38.36
10.00 58.00 0.00 4.00 117.62
15.00 56.00 0.00 5.00 142.12
31.00 3.00 0.00 3.00 175.17
37.00 58.00 1.00 1.00 128.91
13.00 51.00 1.00 2.00 70.69
51.00 56.00 0.00 2.00 97.89
18.00 27.00 1.00 1.00 184.49
24.00 47.00 0.00 3.00 65.76
52.00 58.00 0.00 1.00 197.01
1.00 23.00 1.00 4.00 63.88
37.00 58.00 1.00 3.00 103.52
54.00 46.00 0.00 4.00 62.49
12.00 59.00 1.00 3.00 119.68
58.00 14.00 1.00 1.00 126.03
59.00 53.00 0.00 5.00 197.84
28.00 5.00 1.00 3.00 81.80
58.00 1.00 0.00 4.00 83.51
51.00 59.00 0.00 4.00 121.12
59.00 11.00 0.00 3.00 195.08
32.00 58.00 0.00 3.00 124.97
54.00 24.00 1.00 5.00 89.07
1.00 55.00 0.00 4.00 73.90
59.00 50.00 0.00 3.00 167.92
20.00 56.00 1.00 2.00 168.61
18.00 55.00 1.00 2.00 126.49
19.00 37.00 0.00 1.00 114.56
52.00 13.00 0.00 2.00 135.02
15.00 59.00 0.00 3.00 143.83
58.00 51.00 1.00 1.00 185.59
57.00 53.00 0.00 4.00 190.58
18.00 2.00 0.00 2.00 188.08
33.00 49.00 0.00 5.00 75.15
55.00 51.00 1.00 4.00 90.34
30.00 52.00 0.00 2.00 87.15
0.00 46.00 1.00 4.00 126.71
33.00 19.00 0.00 1.00 72.25
13.00 40.00 0.00 1.00 164.65
11.00 30.00 0.00 4.00 39.72
48.00 33.00 0.00 2.00 87.29
54.00 58.00 0.00 1.00 59.54
50.00 57.00 1.00 5.00 40.08
57.00 51.00 0.00 1.00 172.30
58.00 54.00 1.00 3.00 161.30
46.00 50.00 0.00 2.00 157.85
55.00 22.00 0.00 4.00 60.69
2.00 52.00 1.00 1.00 71.00
53.00 57.00 0.00 4.00 84.27
52.00 57.00 0.00 1.00 193.70
54.00 42.00 0.00 1.00 76.92
57.00 54.00 0.00 4.00 53.50
18.00 35.00 0.00 2.00 69.56
39.00 51.00 0.00 3.00 139.02
59.00 28.00 0.00 2.00 71.01
59.00 24.00 1.00 3.00 54.82
55.00 54.00 0.00 4.00 88.81
30.00 51.00 1.00 3.00 188.30
18.00 44.00 0.00 1.00 73.19
13.00 49.00 0.00 3.00 94.24
9.00 46.00 0.00 5.00 77.83
55.00 39.00 0.00 1.00 143.29
14.00 55.00 0.00 4.00 121.92
54.00 59.00 0.00 2.00 98.82
4.00 16.00 1.00 2.00 114.36
32.00 18.00 0.00 2.00 91.88
20.00 49.00 0.00 1.00 68.17
27.00 52.00 1.00 1.00 136.64
59.00 53.00 1.00 4.00 191.84
59.00 51.00 0.00 2.00 195.16
54.00 13.00 1.00 1.00 77.50
11.00 23.00 0.00 2.00 122.66
56.00 51.00 0.00 2.00 85.02
50.00 59.00 0.00 1.00 60.97
15.00 53.00 1.00 2.00 138.65
36.00 22.00 1.00 1.00 140.90
50.00 36.00 1.00 4.00 116.95
54.00 58.00 0.00 3.00 43.62
58.00 54.00 0.00 5.00 90.96
15.00 54.00 0.00 3.00 158.09
52.00 56.00 1.00 3.00 68.79
8.00 4.00 0.00 4.00 121.70
54.00 59.00 0.00 3.00 111.06
55.00 52.00 1.00 4.00 125.64
17.00 38.00 0.00 3.00 153.63
48.00 2.00 0.00 1.00 54.41
52.00 58.00 0.00 4.00 139.80
39.00 57.00 0.00 2.00 152.79
22.00 55.00 1.00 3.00 31.17
33.00 59.00 0.00 5.00 44.20
41.00 7.00 1.00 5.00 52.45
45.00 2.00 0.00 1.00 97.45
52.00 55.00 0.00 1.00 152.24
13.00 50.00 1.00 3.00 160.74
7.00 26.00 1.00 4.00 96.41
56.00 51.00 0.00 5.00 115.30
6.00 54.00 0.00 3.00 33.53
58.00 51.00 0.00 5.00 143.98
56.00 23.00 1.00 4.00 84.83
52.00 29.00 0.00 5.00 30.30
1.00 55.00 0.00 5.00 196.49
51.00 26.00 0.00 1.00 53.36
7.00 19.00 0.00 3.00 162.27
57.00 23.00 1.00 4.00 166.49
57.00 52.00 1.00 4.00 109.67
10.00 59.00 1.00 5.00 73.40
51.00 57.00 0.00 2.00 87.50
28.00 15.00 0.00 3.00 145.46
24.00 57.00 0.00 2.00 172.56
55.00 0.00 0.00 1.00 69.82
54.00 2.00 1.00 4.00 149.02
27.00 51.00 0.00 4.00 44.64
11.00 22.00 1.00 4.00 196.99
16.00 53.00 0.00 1.00 166.85
49.00 26.00 1.00 5.00 74.34
30.00 20.00 0.00 3.00 32.22
30.00 58.00 0.00 5.00 190.76
54.00 33.00 1.00 3.00 116.28
55.00 17.00 0.00 5.00 171.43
24.00 5.00 1.00 3.00 151.37
30.00 9.00 0.00 5.00 173.66
27.00 58.00 0.00 1.00 177.96
53.00 44.00 0.00 5.00 122.89
55.00 54.00 1.00 5.00 71.85
59.00 1.00 1.00 5.00 143.12
24.00 26.00 1.00 5.00 41.81
31.00 57.00 1.00 5.00 93.89
29.00 50.00 1.00 4.00 90.58
52.00 55.00 1.00 1.00 130.39
9.00 57.00 0.00 5.00 87.52
10.00 43.00 0.00 1.00 140.35
58.00 0.00 0.00 3.00 105.33
54.00 40.00 0.00 2.00 153.19
21.00 55.00 1.00 1.00 64.14
34.00 52.00 0.00 2.00 129.37
12.00 55.00 1.00 5.00 182.75
59.00 34.00 0.00 1.00 141.14
35.00 52.00 0.00 4.00 178.08
51.00 3.00 0.00 3.00 87.26
26.00 40.00 0.00 1.00 153.82
33.00 52.00 1.00 1.00 124.66
55.00 5.00 0.00 5.00 179.82
42.00 51.00 0.00 5.00 150.96
51.00 56.00 1.00 4.00 82.73
14.00 51.00 0.00 4.00 76.32
4.00 53.00 0.00 5.00 110.85
59.00 3.00 0.00 3.00 55.47
59.00 51.00 0.00 4.00 160.19
55.00 53.00 1.00 1.00 138.79
11.00 52.00 0.00 4.00 130.04
55.00 52.00 1.00 4.00 53.96
59.00 18.00 0.00 4.00 76.52
50.00 13.00 1.00 5.00 33.80
7.00 58.00 1.00 5.00 83.73
2.00 50.00 1.00 1.00 93.79
50.00 59.00 0.00 4.00 52.60
37.00 51.00 1.00 5.00 133.56
58.00 14.00 0.00 4.00 185.50
33.00 52.00 1.00 5.00 141.08
47.00 33.00 1.00 3.00 69.20
50.00 26.00 0.00 3.00 108.31
18.00 59.00 0.00 3.00 132.89
17.00 0.00 1.00 2.00 96.88
23.00 33.00 0.00 5.00 138.85
53.00 10.00 1.00 4.00 66.16
13.00 45.00 1.00 5.00 152.00
55.00 50.00 0.00 3.00 113.23
38.00 56.00 1.00 4.00 41.17
58.00 52.00 0.00 1.00 84.64
27.00 21.00 0.00 4.00 92.34
54.00 2.00 0.00 5.00 168.57
57.00 52.00 1.00 2.00 34.10
52.00 57.00 1.00 4.00 77.98
11.00 33.00 0.00 5.00 128.96
21.00 1.00 1.00 1.00 130.25
47.00 55.00 1.00 3.00 30.78
9.00 50.00 1.00 1.00 185.29
59.00 0.00 0.00 5.00 170.65
11.00 26.00 1.00 4.00 42.85
50.00 59.00 1.00 5.00 170.03
54.00 56.00 1.00 4.00 83.14
17.00 50.00 0.00 2.00 40.68
59.00 23.00 1.00 1.00 139.96
30.00 54.00 1.00 4.00 36.71
6.00 45.00 0.00 1.00 93.37
31.00 57.00 1.00 1.00 151.08
26.00 57.00 0.00 5.00 54.97
31.00 13.00 0.00 3.00 93.25
26.00 14.00 0.00 3.00 181.55
58.00 1.00 0.00 4.00 175.47
11.00 16.00 1.00 4.00 44.26
19.00 31.00 0.00 1.00 160.54
55.00 51.00 1.00 5.00 187.00
39.00 45.00 0.00 3.00 82.70
25.00 55.00 1.00 1.00 89.46
56.00 52.00 0.00 4.00 39.06
10.00 51.00 1.00 1.00 71.19
51.00 31.00 1.00 1.00 90.81
51.00 2.00 1.00 3.00 34.37
25.00 40.00 1.00 2.00 97.70
58.00 52.00 1.00 3.00 74.25
7.00 57.00 0.00 4.00 156.24
59.00 15.00 0.00 3.00 133.57
39.00 50.00 1.00 2.00 61.27
9.00 51.00 1.00 3.00 138.80
26.00 50.00 0.00 5.00 30.47
54.00 55.00 0.00 1.00 34.62
53.00 46.00 0.00 3.00 131.22
22.00 4.00 0.00 2.00 49.77
47.00 8.00 1.00 1.00 33.81
59.00 54.00 0.00 1.00 69.00
6.00 41.00 0.00 4.00 182.89
51.00 4.00 0.00 2.00 140.63
51.00 7.00 1.00 5.00 171.88
6.00 40.00 0.00 1.00 61.88
30.00 42.00 0.00 5.00 128.96
19.00 27.00 1.00 5.00 156.38
57.00 54.00 0.00 2.00 73.37
58.00 50.00 0.00 5.00 111.78
51.00 36.00 1.00 2.00 178.92
50.00 58.00 0.00 4.00 151.67
58.00 45.00 0.00 5.00 130.40
51.00 40.00 0.00 1.00 119.45
40.00 39.00 1.00 5.00 157.11
56.00 52.00 1.00 1.00 117.44
15.00 54.00 1.00 5.00 123.66
12.00 32.00 0.00 1.00 124.36
21.00 56.00 1.00 2.00 33.30
16.00 10.00 1.00 2.00 165.12
54.00 30.00 1.00 3.00 30.26
36.00 4.00 1.00 5.00 52.37
26.00 55.00 0.00 1.00 87.92
54.00 35.00 1.00 2.00 178.89
55.00 53.00 0.00 1.00 169.53
6.00 46.00 0.00 4.00 137.23
50.00 56.00 0.00 3.00 109.85
19.00 5.00 0.00 5.00 64.55
29.00 25.00 0.00 3.00 194.75
35.00 20.00 1.00 4.00 38.97
40.00 8.00 1.00 4.00 51.17
47.00 8.00 1.00 1.00 104.65
52.00 55.00 0.00 4.00 188.93
50.00 58.00 1.00 1.00 131.82
55.00 51.00 0.00 2.00 64.48
57.00 5.00 0.00 1.00 90.98
55.00 53.00 1.00 1.00 165.06
32.00 59.00 1.00 3.00 48.29
45.00 57.00 0.00 5.00 58.23
50.00 57.00 0.00 5.00 143.20
55.00 51.00 1.00 4.00 174.76
13.00 27.00 1.00 5.00 32.52
24.00 58.00 1.00 2.00 58.27
48.00 54.00 1.00 5.00 164.20
31.00 26.00 0.00 2.00 76.39
51.00 59.00 0.00 2.00 196.50
32.00 51.00 1.00 3.00 59.96
59.00 26.00 1.00 2.00 133.21
51.00 58.00 1.00 2.00 163.75
5.00 57.00 0.00 1.00 156.13
56.00 8.00 0.00 2.00 33.16
56.00 51.00 0.00 4.00 60.73
19.00 56.00 0.00 3.00 91.01
58.00 38.00 1.00 3.00 121.32
50.00 30.00 0.00 1.00 85.56
50.00 56.00 1.00 1.00 35.02
57.00 54.00 0.00 5.00 87.87
30.00 20.00 1.00 3.00 30.06
28.00 57.00 0.00 2.00 193.22
29.00 4.00 1.00 5.00 59.98
52.00 59.00 1.00 3.00 171.47
41.00 5.00 1.00 2.00 42.55
4.00 50.00 1.00 1.00 65.50
51.00 27.00 0.00 2.00 51.59
3.00 59.00 0.00 4.00 68.85
34.00 59.00 1.00 2.00 92.92
47.00 10.00 0.00 2.00 90.98
48.00 58.00 1.00 2.00 60.98
39.00 9.00 1.00 5.00 137.43
14.00 1.00 1.00 3.00 89.56
57.00 51.00 0.00 2.00 117.56
12.00 56.00 1.00 3.00 100.14
59.00 50.00 0.00 2.00 126.21
50.00 55.00 0.00 5.00 43.81
40.00 50.00 1.00 5.00 123.24
56.00 20.00 1.00 3.00 40.16
51.00 3.00 1.00 2.00 158.69
52.00 13.00 0.00 2.00 138.50
27.00 52.00 0.00 3.00 118.48
57.00 2.00 1.00 5.00 153.80
54.00 41.00 1.00 4.00 117.42
53.00 55.00 0.00 5.00 37.16
54.00 45.00 1.00 2.00 45.21
53.00 57.00 0.00 5.00 102.47
53.00 24.00 0.00 5.00 146.68
52.00 44.00 0.00 5.00 115.03
57.00 54.00 1.00 5.00 129.84
52.00 39.00 0.00 3.00 111.01
51.00 57.00 1.00 4.00 176.67
11.00 40.00 1.00 2.00 133.05
59.00 54.00 1.00 5.00 175.84
21.00 58.00 0.00 4.00 152.03
13.00 54.00 1.00 5.00 180.86
27.00 59.00 1.00 3.00 160.34
57.00 21.00 0.00 4.00 140.15
56.00 2.00 0.00 2.00 33.42
53.00 59.00 0.00 3.00 129.69
49.00 50.00 1.00 3.00 103.70
52.00 58.00 0.00 3.00 54.30
51.00 40.00 1.00 5.00 124.27
19.00 26.00 0.00 4.00 53.92
51.00 45.00 0.00 5.00 152.39
22.00 56.00 1.00 1.00 32.23
47.00 53.00 0.00 4.00 98.53
54.00 56.00 0.00 5.00 106.91
55.00 52.00 1.00 3.00 150.95
56.00 19.00 0.00 4.00 131.65
58.00 54.00 0.00 4.00 164.67
58.00 1.00 0.00 5.00 47.58
58.00 52.00 1.00 3.00 168.03
19.00 56.00 0.00 5.00 66.84
38.00 31.00 1.00 3.00 180.69
56.00 25.00 1.00 4.00 59.63
3.00 54.00 1.00 1.00 182.64
58.00 38.00 0.00 5.00 83.99
1.00 50.00 0.00 1.00 105.95
35.00 42.00 1.00 2.00 133.58
29.00 24.00 1.00 2.00 125.59
50.00 55.00 1.00 5.00 60.36
28.00 53.00 1.00 4.00 69.12
23.00 59.00 1.00 5.00 107.41
59.00 54.00 1.00 4.00 75.15
10.00 59.00 1.00 5.00 52.62
55.00 50.00 0.00 4.00 69.20
53.00 56.00 0.00 4.00 118.12
5.00 44.00 0.00 2.00 189.88
29.00 53.00 0.00 4.00 32.24
55.00 54.00 0.00 2.00 68.42
7.00 53.00 1.00 4.00 194.31
40.00 19.00 1.00 2.00 124.86
13.00 55.00 1.00 1.00 100.79
52.00 49.00 1.00 1.00 176.94
12.00 42.00 1.00 1.00 32.72
53.00 59.00 1.00 1.00 139.30
4.00 53.00 1.00 5.00 180.15
27.00 19.00 1.00 1.00 116.67
50.00 57.00 1.00 2.00 116.08
48.00 10.00 1.00 1.00 91.79
37.00 5.00 1.00 3.00 169.33
55.00 5.00 1.00 5.00 131.38
53.00 11.00 1.00 2.00 197.09
53.00 44.00 0.00 4.00 194.83
39.00 50.00 1.00 3.00 119.07
57.00 52.00 1.00 3.00 103.99
54.00 57.00 1.00 1.00 151.78
51.00 58.00 0.00 3.00 128.87
5.00 51.00 1.00 2.00 47.96
53.00 56.00 1.00 2.00 169.82
55.00 4.00 1.00 5.00 92.34
43.00 51.00 0.00 5.00 58.99
