48.00 5.00 1.00 1.00 57.48
39.00 57.00 1.00 2.00 90.60
17.00 34.00 0.00 4.00 143.77
52.00 59.00 1.00 3.00 37.28
52.00 57.00 1.00 2.00 64.74
56.00 27.00 0.00 5.00 63.55
57.00 50.00 0.00 5.00 84.76
50.00 58.00 1.00 4.00 145.13
55.00 19.00 1.00 5.00 136.56
35.00 55.00 1.00 3.00 151.41
9.00 39.00 1.00 4.00 192.70
55.00 8.00 0.00 3.00 37.49
11.00 59.00 1.00 2.00 162.41
1.00 22.00 0.00 3.00 112.25
50.00 48.00 1.00 1.00 128.98
54.00 58.00 0.00 3.00 189.85
58.00 52.00 1.00 2.00 77.95
54.00 58.00 1.00 5.00 100.36
59.00 23.00 0.00 2.00 159.64
34.00 58.00 1.00 3.00 148.29
1.00 53.00 1.00 1.00 68.78
19.00 55.00 1.00 5.00 138.32
53.00 4.00 1.00 5.00 125.79
3.00 57.00 1.00 4.00 109.20
51.00 29.00 1.00 2.00 85.36
55.00 50.00 0.00 1.00 36.87
56.00 52.00 1.00 1.00 40.92
52.00 31.00 0.00 4.00 50.16
57.00 19.00 0.00 4.00 142.90
44.00 8.00 0.00 2.00 184.86
52.00 43.00 1.00 5.00 49.02
53.00 56.00 1.00 5.00 75.43
50.00 59.00 0.00 1.00 65.69
54.00 14.00 0.00 5.00 179.69
53.00 57.00 1.00 5.00 114.63
56.00 19.00 0.00 1.00 53.49
50.00 0.00 1.00 3.00 164.12
58.00 52.00 1.00 2.00 39.69
59.00 8.00 1.00 5.00 139.16
1.00 59.00 1.00 5.00 126.40
55.00 22.00 1.00 4.00 108.21
57.00 54.00 1.00 2.00 196.76
43.00 51.00 1.00 3.00 57.23
57.00 52.00 1.00 4.00 190.63
18.00 0.00 0.00 4.00 106.90
58.00 4.00 1.00 5.00 84.63
42.00 33.00 0.00 3.00 60.51
36.00 21.00 0.00 1.00 37.66
26.00 58.00 1.00 5.00 197.40
0.00 42.00 1.00 1.00 40.51
16.00 57.00 0.00 2.00 178.60
53.00 4.00 0.00 2.00 70.74
8.00 46.00 0.00 4.00 61.97
53.00 32.00 1.00 2.00 76.48
51.00 56.00 0.00 2.00 124.68
39.00 23.00 0.00 4.00 104.43
18.00 42.00 1.00 5.00 125.81
31.00 54.00 0.00 4.00 196.86
13.00 57.00 0.00 5.00 135.53
35.00 21.00 0.00 2.00 47.73
52.00 57.00 0.00 2.00 192.63
54.00 47.00 1.00 2.00 116.20
57.00 50.00 0.00 3.00 179.94
17.00 32.00 0.00 3.00 134.95
5.00 56.00 0.00 5.00 36.19
37.00 54.00 0.00 1.00 56.51
46.00 33.00 1.00 3.00 52.36
57.00 54.00 1.00 3.00 132.02
27.00 44.00 0.00 2.00 159.18
58.00 39.00 0.00 2.00 115.88
38.00 47.00 1.00 3.00 47.34
35.00 54.00 0.00 5.00 136.50
44.00 51.00 0.00 3.00 125.52
51.00 30.00 0.00 4.00 58.87
51.00 29.00 1.00 3.00 175.62
6.00 51.00 1.00 1.00 124.96
4.00 50.00 1.00 5.00 97.43
56.00 51.00 1.00 3.00 100.49
11.00 58.00 0.00 1.00 88.87
16.00 3.00 0.00 2.00 98.64
8.00 49.00 1.00 2.00 118.86
59.00 50.00 1.00 3.00 127.10
54.00 55.00 0.00 1.00 191.28
53.00 29.00 0.00 5.00 31.79
53.00 26.00 1.00 3.00 91.76
26.00 17.00 0.00 3.00 75.55
50.00 37.00 0.00 2.00 114.82
57.00 51.00 0.00 1.00 47.95
43.00 54.00 1.00 1.00 106.01
16.00 38.00 0.00 4.00 107.93
22.00 37.00 1.00 4.00 125.79
22.00 0.00 0.00 1.00 51.38
14.00 34.00 1.00 4.00 48.56
54.00 57.00 1.00 5.00 88.83
1.00 57.00 0.00 4.00 90.50
45.00 27.00 1.00 2.00 101.01
55.00 8.00 1.00 4.00 77.63
56.00 27.00 0.00 2.00 85.24
34.00 53.00 1.00 2.00 80.59
58.00 51.00 1.00 2.00 90.53
55.00 51.00 1.00 5.00 61.47
50.00 0.00 1.00 5.00 130.12
18.00 2.00 1.00 1.00 150.60
57.00 15.00 0.00 3.00 191.59
59.00 48.00 0.00 2.00 143.79
58.00 7.00 0.00 4.00 114.62
53.00 55.00 1.00 3.00 127.51
53.00 1.00 1.00 3.00 170.84
55.00 50.00 0.00 2.00 65.92
58.00 8.00 0.00 5.00 192.37
53.00 6.00 0.00 4.00 33.27
59.00 50.00 0.00 5.00 150.69
53.00 57.00 0.00 4.00 87.56
13.00 59.00 0.00 5.00 30.19
16.00 3.00 0.00 3.00 102.71
52.00 55.00 0.00 2.00 71.87
46.00 13.00 0.00 5.00 185.14
13.00 29.00 1.00 2.00 199.42
23.00 9.00 1.00 5.00 96.50
21.00 56.00 0.00 3.00 199.67
7.00 55.00 0.00 1.00 150.36
50.00 47.00 0.00 5.00 159.88
55.00 53.00 1.00 3.00 156.09
55.00 8.00 0.00 4.00 94.87
54.00 55.00 1.00 1.00 170.26
55.00 53.00 0.00 5.00 31.47
29.00 24.00 1.00 5.00 66.83
51.00 49.00 0.00 2.00 175.29
56.00 51.00 1.00 3.00 76.35
2.00 57.00 1.00 3.00 105.57
58.00 25.00 1.00 2.00 108.23
56.00 54.00 0.00 1.00 153.37
53.00 14.00 1.00 5.00 44.43
51.00 59.00 0.00 1.00 47.90
54.00 55.00 1.00 2.00 144.20
54.00 14.00 0.00 5.00 160.55
51.00 58.00 1.00 4.00 135.03
59.00 2.00 0.00 4.00 96.90
56.00 51.00 1.00 4.00 168.90
21.00 33.00 1.00 1.00 40.81
54.00 31.00 1.00 1.00 136.04
18.00 35.00 1.00 2.00 89.58
59.00 53.00 1.00 1.00 172.39
52.00 30.00 0.00 2.00 138.24
53.00 56.00 0.00 3.00 54.03
0.00 53.00 0.00 1.00 96.30
37.00 53.00 1.00 4.00 120.17
27.00 58.00 1.00 4.00 101.34
53.00 59.00 0.00 4.00 153.59
14.00 44.00 0.00 1.00 80.99
12.00 50.00 0.00 5.00 106.19
0.00 54.00 1.00 4.00 36.46
50.00 57.00 1.00 5.00 52.37
25.00 23.00 1.00 2.00 35.47
10.00 27.00 0.00 3.00 112.64
19.00 38.00 1.00 2.00 47.51
27.00 48.00 0.00 1.00 42.41
48.00 53.00 0.00 2.00 61.42
58.00 3.00 1.00 2.00 175.24
37.00 57.00 1.00 5.00 94.40
55.00 8.00 0.00 1.00 100.76
55.00 51.00 1.00 1.00 116.45
54.00 58.00 0.00 3.00 170.11
34.00 55.00 1.00 5.00 73.05
7.00 18.00 1.00 2.00 193.81
55.00 53.00 0.00 3.00 51.87
19.00 25.00 0.00 2.00 31.19
26.00 9.00 1.00 3.00 190.59
52.00 57.00 1.00 2.00 57.61
20.00 55.00 1.00 3.00 129.04
10.00 53.00 0.00 3.00 67.33
14.00 59.00 0.00 4.00 185.96
59.00 1.00 1.00 2.00 113.11
51.00 57.00 0.00 1.00 71.03
12.00 41.00 1.00 4.00 163.09
35.00 16.00 1.00 2.00 116.73
20.00 54.00 1.00 4.00 96.03
52.00 59.00 1.00 2.00 174.42
55.00 50.00 1.00 4.00 101.93
58.00 10.00 0.00 5.00 56.79
4.00 36.00 0.00 2.00 128.71
26.00 56.00 0.00 1.00 73.62
35.00 53.00 1.00 5.00 96.09
50.00 5.00 1.00 3.00 195.51
31.00 22.00 1.00 2.00 132.22
51.00 58.00 1.00 1.00 82.76
57.00 53.00 1.00 4.00 164.81
5.00 55.00 0.00 1.00 122.64
56.00 54.00 0.00 5.00 97.36
55.00 19.00 0.00 2.00 126.86
17.00 5.00 0.00 5.00 66.55
56.00 20.00 1.00 3.00 134.35
53.00 25.00 0.00 2.00 63.20
50.00 59.00 0.00 1.00 156.07
51.00 59.00 1.00 4.00 176.11
51.00 38.00 0.00 1.00 32.08
39.00 47.00 0.00 3.00 172.24
45.00 34.00 1.00 1.00 185.11
55.00 50.00 1.00 5.00 179.86
4.00 29.00 1.00 2.00 73.65
46.00 58.00 1.00 2.00 195.75
20.00 41.00 1.00 1.00 46.46
56.00 51.00 0.00 3.00 113.45
50.00 58.00 0.00 5.00 96.02
24.00 57.00 0.00 3.00 149.46
58.00 5.00 0.00 1.00 194.77
56.00 53.00 1.00 2.00 120.85
5.00 55.00 0.00 2.00 91.65
17.00 29.00 0.00 5.00 107.11
37.00 47.00 1.00 2.00 158.70
57.00 45.00 1.00 3.00 126.11
8.00 46.00 0.00 1.00 77.85
11.00 54.00 0.00 4.00 51.22
58.00 11.00 1.00 1.00 104.71
27.00 51.00 1.00 1.00 124.79
0.00 15.00 1.00 5.00 68.65
53.00 55.00 0.00 4.00 70.77
21.00 57.00 0.00 4.00 94.15
38.00 24.00 0.00 3.00 152.44
52.00 15.00 1.00 1.00 113.11
5.00 28.00 1.00 5.00 82.73
51.00 58.00 1.00 5.00 68.36
59.00 34.00 1.00 3.00 91.71
54.00 56.00 1.00 5.00 76.22
50.00 57.00 0.00 1.00 38.11
39.00 52.00 1.00 4.00 63.92
58.00 54.00 1.00 1.00 188.76
33.00 52.00 0.00 1.00 184.40
53.00 56.00 1.00 2.00 156.57
50.00 29.00 1.00 3.00 127.06
3.00 28.00 0.00 4.00 187.10
37.00 50.00 0.00 2.00 101.29
40.00 51.00 0.00 2.00 136.49
45.00 57.00 1.00 1.00 48.66
34.00 40.00 1.00 4.00 54.02
59.00 11.00 1.00 4.00 136.51
18.00 56.00 1.00 3.00 146.60
12.00 27.00 1.00 5.00 59.86
2.00 20.00 0.00 3.00 192.62
50.00 46.00 1.00 5.00 181.25
55.00 53.00 0.00 5.00 110.44
57.00 50.00 0.00 3.00 99.82
6.00 39.00 1.00 3.00 166.07
51.00 58.00 0.00 4.00 59.19
55.00 21.00 1.00 4.00 94.02
53.00 36.00 1.00 1.00 117.50
55.00 52.00 1.00 4.00 180.30
54.00 59.00 1.00 1.00 191.01
12.00 52.00 0.00 3.00 154.49
52.00 58.00 1.00 3.00 199.03
19.00 11.00 1.00 2.00 132.90
58.00 50.00 0.00 3.00 57.64
24.00 38.00 0.00 3.00 130.48
14.00 56.00 1.00 5.00 151.34
10.00 54.00 0.00 1.00 199.09
21.00 58.00 0.00 3.00 32.07
57.00 36.00 1.00 4.00 164.22
57.00 53.00 1.00 5.00 137.17
35.00 53.00 1.00 4.00 149.95
39.00 51.00 1.00 4.00 89.56
6.00 16.00 1.00 5.00 140.43
59.00 53.00 0.00 5.00 51.02
28.00 54.00 0.00 5.00 137.86
3.00 54.00 1.00 4.00 80.67
54.00 56.00 0.00 5.00 189.93
27.00 51.00 0.00 3.00 41.95
36.00 40.00 0.00 1.00 116.27
51.00 36.00 0.00 4.00 97.22
52.00 59.00 1.00 5.00 85.91
40.00 34.00 1.00 2.00 69.48
54.00 24.00 1.00 5.00 174.35
13.00 57.00 0.00 1.00 60.89
30.00 59.00 1.00 2.00 123.00
2.00 16.00 1.00 5.00 86.88
50.00 45.00 0.00 5.00 50.19
51.00 6.00 1.00 3.00 112.58
58.00 1.00 1.00 5.00 38.66
18.00 8.00 1.00 3.00 32.38
53.00 38.00 0.00 3.00 138.84
17.00 0.00 1.00 3.00 109.52
30.00 52.00 0.00 4.00 31.17
16.00 27.00 0.00 2.00 88.03
52.00 56.00 0.00 1.00 94.13
53.00 59.00 0.00 2.00 199.08
55.00 52.00 1.00 1.00 182.55
53.00 41.00 0.00 1.00 144.50
41.00 5.00 1.00 1.00 100.97
58.00 53.00 0.00 2.00 149.64
6.00 57.00 1.00 1.00 95.76
59.00 50.00 1.00 4.00 105.22
35.00 53.00 1.00 4.00 156.23
54.00 57.00 0.00 4.00 81.55
56.00 51.00 1.00 3.00 168.00
50.00 56.00 0.00 1.00 117.84
49.00 4.00 1.00 4.00 152.70
55.00 12.00 1.00 3.00 32.61
27.00 19.00 1.00 3.00 34.84
29.00 47.00 1.00 2.00 185.79
3.00 55.00 1.00 4.00 78.21
53.00 57.00 0.00 3.00 142.78
52.00 56.00 0.00 3.00 30.65
45.00 54.00 1.00 4.00 34.01
50.00 58.00 1.00 1.00 96.68
30.00 57.00 1.00 3.00 187.60
59.00 52.00 1.00 3.00 61.25
59.00 52.00 0.00 5.00 66.14
58.00 46.00 1.00 2.00 33.85
56.00 7.00 0.00 3.00 53.47
50.00 59.00 0.00 2.00 46.82
54.00 31.00 0.00 2.00 37.82
57.00 1.00 0.00 1.00 83.33
51.00 39.00 1.00 1.00 112.38
58.00 50.00 1.00 3.00 74.45
34.00 52.00 0.00 4.00 56.72
55.00 52.00 0.00 1.00 198.58
54.00 55.00 0.00 3.00 104.81
3.00 24.00 0.00 5.00 152.49
50.00 55.00 0.00 1.00 73.55
50.00 57.00 1.00 2.00 130.17
55.00 17.00 1.00 4.00 68.86
51.00 29.00 0.00 3.00 193.35
53.00 56.00 1.00 3.00 190.32
14.00 55.00 1.00 5.00 112.12
2.00 53.00 1.00 2.00 49.86
52.00 56.00 0.00 1.00 168.49
58.00 27.00 0.00 1.00 171.32
56.00 23.00 1.00 1.00 164.29
59.00 45.00 1.00 3.00 82.41
51.00 58.00 0.00 4.00 38.04
50.00 56.00 0.00 3.00 79.20
57.00 28.00 1.00 5.00 162.59
30.00 52.00 0.00 5.00 40.37
58.00 51.00 0.00 4.00 90.97
51.00 57.00 0.00 2.00 141.60
53.00 58.00 0.00 3.00 184.21
4.00 58.00 0.00 4.00 65.27
38.00 56.00 1.00 4.00 157.06
50.00 58.00 0.00 4.00 35.60
55.00 28.00 1.00 1.00 30.25
53.00 58.00 0.00 3.00 140.76
54.00 49.00 0.00 1.00 60.23
39.00 58.00 0.00 2.00 160.42
51.00 37.00 0.00 5.00 95.65
54.00 56.00 1.00 5.00 97.85
54.00 13.00 1.00 5.00 40.32
54.00 57.00 1.00 2.00 189.86
59.00 3.00 0.00 5.00 104.87
57.00 51.00 0.00 3.00 185.72
13.00 54.00 0.00 3.00 168.97
5.00 47.00 0.00 4.00 155.40
13.00 51.00 1.00 3.00 155.66
30.00 2.00 1.00 5.00 135.18
5.00 56.00 0.00 4.00 43.33
51.00 57.00 1.00 3.00 122.09
41.00 7.00 0.00 2.00 91.20
42.00 53.00 1.00 4.00 69.11
26.00 56.00 0.00 3.00 138.29
23.00 55.00 1.00 5.00 138.50
53.00 36.00 0.00 1.00 185.37
58.00 38.00 1.00 1.00 85.96
29.00 52.00 1.00 5.00 162.56
57.00 39.00 0.00 3.00 56.43
54.00 56.00 1.00 5.00 66.33
14.00 5.00 1.00 1.00 167.82
21.00 28.00 0.00 5.00 30.46
32.00 39.00 0.00 1.00 156.90
9.00 44.00 1.00 2.00 187.20
50.00 6.00 1.00 4.00 141.81
48.00 22.00 1.00 4.00 122.10
32.00 8.00 0.00 3.00 135.81
53.00 47.00 1.00 2.00 197.32
52.00 33.00 1.00 4.00 170.39
57.00 5.00 1.00 5.00 146.96
29.00 38.00 0.00 5.00 44.31
37.00 58.00 1.00 2.00 82.60
58.00 54.00 0.00 3.00 71.88
23.00 3.00 1.00 2.00 49.84
54.00 59.00 1.00 2.00 85.07
53.00 58.00 1.00 4.00 179.20
55.00 36.00 0.00 4.00 66.12
52.00 57.00 0.00 5.00 167.83
59.00 54.00 1.00 5.00 182.16
6.00 44.00 0.00 1.00 62.72
52.00 57.00 1.00 5.00 116.45
55.00 23.00 0.00 5.00 115.51
53.00 58.00 1.00 5.00 172.55
26.00 19.00 1.00 3.00 39.00
1.00 53.00 0.00 1.00 123.81
54.00 29.00 1.00 5.00 174.05
59.00 32.00 0.00 3.00 90.21
0.00 48.00 0.00 4.00 127.25
52.00 59.00 1.00 1.00 167.47
59.00 52.00 1.00 4.00 192.80
56.00 29.00 0.00 1.00 119.60
57.00 33.00 0.00 4.00 123.32
22.00 59.00 0.00 2.00 106.91
54.00 20.00 0.00 4.00 47.59
55.00 54.00 0.00 5.00 157.40
52.00 36.00 1.00 5.00 32.34
30.00 58.00 1.00 4.00 107.74
51.00 4.00 1.00 3.00 36.83
6.00 50.00 1.00 4.00 156.66
52.00 46.00 0.00 2.00 88.30
46.00 53.00 0.00 5.00 48.79
55.00 38.00 0.00 4.00 185.03
59.00 48.00 0.00 5.00 67.84
43.00 27.00 1.00 2.00 177.77
43.00 14.00 1.00 4.00 144.89
7.00 59.00 0.00 1.00 164.27
4.00 44.00 1.00 4.00 176.44
21.00 31.00 1.00 1.00 44.05
31.00 12.00 1.00 3.00 61.91
34.00 48.00 0.00 4.00 133.36
32.00 4.00 0.00 5.00 76.92
38.00 53.00 1.00 4.00 186.92
47.00 53.00 1.00 2.00 121.33
54.00 31.00 1.00 2.00 99.67
54.00 30.00 1.00 5.00 127.55
59.00 52.00 1.00 4.00 128.95
11.00 55.00 0.00 1.00 160.26
51.00 57.00 1.00 5.00 187.52
51.00 56.00 0.00 5.00 136.21
49.00 1.00 0.00 3.00 152.57
4.00 53.00 1.00 5.00 96.83
56.00 54.00 0.00 3.00 107.06
26.00 10.00 0.00 5.00 140.48
13.00 51.00 1.00 2.00 132.32
50.00 57.00 1.00 1.00 140.08
12.00 56.00 0.00 1.00 152.64
59.00 23.00 1.00 1.00 196.30
58.00 10.00 0.00 1.00 180.00
54.00 12.00 0.00 2.00 36.57
31.00 51.00 1.00 5.00 77.45
42.00 52.00 1.00 5.00 128.88
23.00 1.00 1.00 4.00 146.93
42.00 12.00 0.00 4.00 137.87
58.00 54.00 1.00 4.00 73.45
22.00 0.00 0.00 2.00 45.74
14.00 34.00 0.00 3.00 143.85
1.00 59.00 0.00 5.00 197.49
59.00 50.00 1.00 4.00 78.52
28.00 54.00 1.00 3.00 81.12
58.00 24.00 1.00 2.00 92.53
56.00 51.00 1.00 1.00 56.15
57.00 51.00 0.00 4.00 139.07
33.00 51.00 0.00 4.00 138.70
15.00 53.00 1.00 3.00 142.99
40.00 20.00 1.00 5.00 174.89
59.00 49.00 1.00 4.00 90.97
55.00 54.00 0.00 4.00 103.98
50.00 33.00 1.00 5.00 169.93
58.00 24.00 0.00 4.00 111.03
53.00 58.00 1.00 5.00 197.48
52.00 6.00 0.00 4.00 83.15
57.00 31.00 1.00 3.00 97.59
58.00 24.00 0.00 1.00 121.42
33.00 8.00 0.00 4.00 120.21
4.00 55.00 0.00 3.00 83.45
25.00 53.00 0.00 2.00 169.81
34.00 57.00 0.00 5.00 112.81
53.00 57.00 0.00 2.00 159.52
58.00 52.00 1.00 5.00 92.16
51.00 59.00 0.00 3.00 30.45
14.00 55.00 1.00 4.00 151.00
1.00 53.00 0.00 4.00 163.80
55.00 36.00 0.00 1.00 133.52
51.00 49.00 0.00 5.00 41.43
17.00 24.00 1.00 5.00 149.53
0.00 40.00 1.00 3.00 190.67
11.00 52.00 1.00 5.00 49.79
29.00 59.00 0.00 4.00 134.27
58.00 51.00 0.00 4.00 189.81
5.00 51.00 0.00 2.00 166.48
52.00 29.00 1.00 3.00 122.11
54.00 57.00 1.00 1.00 75.55
51.00 43.00 1.00 2.00 34.55
57.00 34.00 1.00 4.00 49.69
18.00 56.00 1.00 4.00 161.97
56.00 54.00 0.00 5.00 91.52
21.00 2.00 0.00 2.00 44.71
54.00 15.00 0.00 3.00 189.93
34.00 57.00 1.00 4.00 54.45
51.00 3.00 0.00 1.00 84.94
10.00 26.00 0.00 2.00 42.21
57.00 27.00 0.00 1.00 107.94
15.00 39.00 1.00 4.00 39.28
2.00 44.00 0.00 3.00 173.94
35.00 46.00 0.00 3.00 104.30
45.00 11.00 0.00 1.00 79.29
57.00 54.00 0.00 1.00 83.93
21.00 56.00 1.00 2.00 152.82
47.00 53.00 0.00 2.00 184.24
22.00 31.00 0.00 4.00 52.93
51.00 59.00 0.00 2.00 148.99
17.00 13.00 1.00 2.00 43.53
52.00 3.00 0.00 3.00 195.18
32.00 53.00 0.00 2.00 71.42
29.00 11.00 1.00 3.00 97.05
57.00 53.00 1.00 1.00 31.19
51.00 58.00 0.00 3.00 101.39
50.00 57.00 1.00 5.00 195.33
49.00 52.00 0.00 3.00 58.26
52.00 56.00 0.00 1.00 78.88
51.00 55.00 1.00 2.00 93.97
20.00 55.00 1.00 4.00 187.38
41.00 54.00 1.00 3.00 186.15
28.00 22.00 0.00 5.00 90.72
53.00 28.00 1.00 3.00 48.65
14.00 57.00 1.00 5.00 104.35
54.00 40.00 1.00 2.00 58.80
53.00 55.00 1.00 5.00 62.70
3.00 52.00 1.00 5.00 174.67
46.00 5.00 1.00 5.00 110.02
50.00 28.00 1.00 2.00 142.40
50.00 58.00 1.00 5.00 57.53
53.00 57.00 0.00 2.00 155.35
21.00 58.00 1.00 2.00 190.24
53.00 58.00 1.00 2.00 148.95
30.00 22.00 1.00 2.00 145.56
26.00 50.00 1.00 1.00 92.32
9.00 53.00 1.00 1.00 52.03
57.00 4.00 1.00 3.00 105.94
0.00 41.00 1.00 4.00 150.99
6.00 49.00 0.00 5.00 73.95
44.00 28.00 1.00 3.00 81.92
2.00 16.00 1.00 2.00 70.15
40.00 53.00 1.00 1.00 82.03
53.00 57.00 1.00 4.00 162.83
54.00 10.00 1.00 3.00 116.17
53.00 4.00 1.00 5.00 101.93
48.00 1.00 0.00 4.00 183.35
59.00 6.00 0.00 2.00 60.26
54.00 57.00 0.00 3.00 141.62
29.00 59.00 0.00 4.00 183.31
52.00 3.00 1.00 3.00 127.76
14.00 57.00 0.00 3.00 68.88
13.00 50.00 0.00 1.00 66.15
54.00 57.00 0.00 4.00 91.95
8.00 54.00 1.00 3.00 63.35
46.00 11.00 1.00 2.00 142.85
52.00 55.00 1.00 5.00 30.39
56.00 53.00 0.00 1.00 90.62
56.00 51.00 1.00 2.00 142.87
52.00 56.00 1.00 2.00 145.43
55.00 50.00 0.00 4.00 135.79
53.00 55.00 1.00 3.00 145.29
1.00 50.00 0.00 3.00 186.35
37.00 51.00 0.00 1.00 179.42
0.00 23.00 0.00 4.00 91.24
36.00 41.00 1.00 1.00 120.69
1.00 52.00 0.00 2.00 148.92
40.00 28.00 0.00 1.00 136.31
56.00 52.00 0.00 4.00 153.46
47.00 8.00 0.00 3.00 77.75
52.00 1.00 1.00 4.00 123.32
2.00 59.00 0.00 5.00 136.47
43.00 13.00 0.00 2.00 47.56
58.00 45.00 1.00 3.00 60.25
46.00 54.00 1.00 5.00 126.72
0.00 30.00 1.00 1.00 50.85
55.00 50.00 1.00 2.00 112.05
26.00 25.00 0.00 4.00 73.50
44.00 29.00 1.00 1.00 191.66
50.00 55.00 1.00 3.00 157.37
25.00 33.00 1.00 3.00 100.72
39.00 11.00 1.00 3.00 123.68
21.00 37.00 1.00 4.00 163.04
36.00 53.00 1.00 4.00 71.31
50.00 59.00 1.00 3.00 176.08
54.00 58.00 1.00 2.00 157.35
39.00 56.00 1.00 2.00 154.01
10.00 48.00 0.00 4.00 168.76
55.00 53.00 1.00 4.00 82.08
23.00 12.00 0.00 5.00 57.84
39.00 31.00 0.00 1.00 88.02
20.00 54.00 1.00 3.00 174.72
2.00 44.00 1.00 2.00 112.00
35.00 19.00 0.00 1.00 59.21
37.00 55.00 0.00 4.00 66.98
21.00 27.00 1.00 1.00 141.53
28.00 12.00 1.00 1.00 40.09
17.00 12.00 1.00 2.00 104.05
53.00 16.00 0.00 5.00 102.33
15.00 3.00 1.00 2.00 184.97
21.00 59.00 1.00 4.00 136.33
38.00 15.00 1.00 4.00 67.65
50.00 45.00 1.00 2.00 151.01
55.00 51.00 1.00 3.00 155.61
57.00 38.00 0.00 4.00 157.77
7.00 53.00 1.00 4.00 71.96
58.00 21.00 1.00 5.00 164.74
54.00 56.00 1.00 3.00 41.83
38.00 37.00 0.00 3.00 138.62
50.00 55.00 0.00 1.00 41.73
24.00 5.00 0.00 1.00 37.11
55.00 52.00 0.00 1.00 80.38
2.00 53.00 1.00 1.00 164.48
14.00 34.00 1.00 3.00 126.67
52.00 40.00 0.00 5.00 155.08
28.00 13.00 0.00 4.00 66.22
53.00 4.00 0.00 3.00 61.64
54.00 57.00 0.00 1.00 54.53
15.00 53.00 1.00 2.00 185.25
33.00 54.00 1.00 2.00 69.67
57.00 9.00 1.00 5.00 131.75
12.00 43.00 0.00 1.00 98.39
50.00 33.00 1.00 3.00 98.03
7.00 46.00 0.00 1.00 120.08
4.00 11.00 0.00 4.00 104.55
59.00 5.00 1.00 1.00 188.57
55.00 10.00 1.00 1.00 144.75
23.00 49.00 0.00 1.00 147.78
12.00 53.00 0.00 3.00 146.97
54.00 57.00 0.00 4.00 79.93
9.00 56.00 1.00 3.00 138.67
52.00 1.00 0.00 2.00 41.76
9.00 55.00 0.00 3.00 91.18
3.00 56.00 1.00 4.00 80.37
28.00 43.00 0.00 5.00 113.46
48.00 21.00 1.00 1.00 149.18
37.00 50.00 1.00 5.00 192.25
56.00 8.00 0.00 2.00 86.77
18.00 4.00 1.00 5.00 98.66
39.00 54.00 0.00 4.00 176.46
24.00 0.00 1.00 3.00 88.95
31.00 23.00 1.00 5.00 98.52
58.00 15.00 0.00 3.00 56.35
57.00 25.00 0.00 4.00 35.11
55.00 47.00 1.00 3.00 184.39
50.00 56.00 0.00 5.00 181.82
0.00 54.00 0.00 2.00 90.61
52.00 46.00 0.00 3.00 85.94
58.00 51.00 1.00 4.00 109.26
51.00 29.00 0.00 5.00 173.62
30.00 16.00 0.00 5.00 41.66
3.00 54.00 0.00 1.00 103.65
23.00 49.00 1.00 5.00 126.03
56.00 1.00 1.00 3.00 178.49
51.00 55.00 0.00 1.00 95.12
55.00 18.00 0.00 4.00 34.14
51.00 55.00 0.00 3.00 103.46
58.00 21.00 0.00 4.00 139.46
51.00 49.00 0.00 2.00 144.18
53.00 56.00 0.00 4.00 177.56
1.00 54.00 1.00 3.00 125.05
57.00 51.00 1.00 4.00 196.76
57.00 54.00 1.00 1.00 80.30
23.00 44.00 0.00 1.00 78.55
58.00 46.00 1.00 3.00 150.21
13.00 20.00 0.00 3.00 171.98
1.00 54.00 1.00 5.00 113.06
49.00 6.00 1.00 1.00 170.72
53.00 31.00 0.00 3.00 122.76
54.00 44.00 0.00 4.00 180.14
57.00 39.00 0.00 3.00 100.92
17.00 59.00 0.00 1.00 77.79
53.00 7.00 1.00 1.00 109.35
6.00 17.00 0.00 1.00 137.56
35.00 44.00 1.00 2.00 61.08
9.00 40.00 1.00 5.00 190.41
43.00 14.00 0.00 2.00 163.09
7.00 54.00 1.00 2.00 187.00
58.00 11.00 1.00 5.00 192.06
28.00 52.00 0.00 4.00 31.10
51.00 33.00 0.00 5.00 97.02
27.00 55.00 0.00 4.00 40.31
49.00 53.00 1.00 1.00 160.59
2.00 30.00 1.00 2.00 108.34
59.00 51.00 1.00 5.00 101.88
54.00 6.00 0.00 2.00 197.28
23.00 58.00 1.00 5.00 61.02
55.00 52.00 1.00 2.00 191.86
56.00 53.00 0.00 4.00 53.77
55.00 50.00 1.00 2.00 148.91
56.00 51.00 1.00 4.00 79.95
29.00 50.00 0.00 4.00 192.89
0.00 15.00 1.00 2.00 184.01
58.00 48.00 1.00 2.00 175.41
53.00 57.00 0.00 5.00 81.93
54.00 15.00 0.00 1.00 135.94
2.00 59.00 1.00 1.00 84.56
38.00 49.00 1.00 2.00 197.26
54.00 11.00 1.00 3.00 103.54
25.00 30.00 0.00 3.00 64.66
52.00 27.00 1.00 4.00 145.89
16.00 11.00 0.00 1.00 129.81
23.00 44.00 0.00 2.00 137.76
45.00 12.00 1.00 1.00 141.33
51.00 59.00 0.00 1.00 150.66
31.00 21.00 1.00 1.00 145.78
16.00 34.00 1.00 4.00 84.29
59.00 37.00 0.00 1.00 77.82
46.00 54.00 1.00 2.00 33.95
51.00 56.00 0.00 1.00 49.43
52.00 55.00 1.00 1.00 116.51
50.00 41.00 0.00 1.00 120.12
58.00 54.00 1.00 3.00 33.69
57.00 52.00 1.00 1.00 182.68
38.00 57.00 1.00 1.00 58.40
57.00 33.00 1.00 4.00 113.24
58.00 52.00 0.00 1.00 158.53
57.00 19.00 0.00 5.00 74.83
53.00 4.00 0.00 1.00 186.04
11.00 23.00 1.00 5.00 72.09
58.00 33.00 1.00 3.00 198.43
33.00 59.00 1.00 1.00 129.92
8.00 52.00 0.00 4.00 116.58
58.00 52.00 0.00 2.00 158.91
58.00 53.00 0.00 4.00 95.14
58.00 52.00 0.00 5.00 146.83
31.00 44.00 1.00 2.00 136.08
48.00 13.00 0.00 3.00 141.97
15.00 3.00 1.00 2.00 46.92
39.00 56.00 0.00 4.00 105.07
6.00 50.00 1.00 1.00 167.96
56.00 52.00 1.00 5.00 85.38
40.00 11.00 1.00 3.00 70.78
50.00 1.00 1.00 2.00 167.25
28.00 25.00 1.00 2.00 194.37
25.00 39.00 0.00 4.00 34.14
50.00 40.00 1.00 5.00 36.52
46.00 29.00 0.00 2.00 172.19
3.00 56.00 0.00 1.00 60.51
1.00 47.00 1.00 2.00 179.65
12.00 42.00 0.00 2.00 30.32
33.00 52.00 0.00 1.00 113.03
54.00 58.00 1.00 1.00 36.96
58.00 36.00 0.00 1.00 80.33
50.00 3.00 0.00 3.00 94.44
28.00 50.00 1.00 3.00 114.86
55.00 53.00 1.00 4.00 142.22
56.00 10.00 0.00 5.00 89.42
41.00 6.00 1.00 2.00 177.23
54.00 0.00 0.00 4.00 100.84
37.00 53.00 1.00 3.00 166.32
13.00 59.00 0.00 5.00 37.34
55.00 23.00 1.00 4.00 194.56
21.00 59.00 0.00 1.00 175.94
15.00 59.00 1.00 3.00 77.86
20.00 31.00 0.00 2.00 183.57
1.00 59.00 1.00 1.00 125.09
59.00 33.00 1.00 2.00 56.02
58.00 11.00 0.00 2.00 69.83
32.00 18.00 1.00 3.00 168.43
57.00 52.00 1.00 3.00 139.17
52.00 59.00 0.00 1.00 77.89
57.00 50.00 0.00 3.00 50.92
57.00 21.00 0.00 4.00 79.22
47.00 8.00 1.00 1.00 74.75
58.00 33.00 1.00 1.00 55.53
7.00 59.00 1.00 4.00 163.38
55.00 37.00 0.00 3.00 142.65
51.00 44.00 1.00 3.00 115.33
59.00 32.00 0.00 5.00 97.93
53.00 57.00 0.00 5.00 42.16
56.00 52.00 0.00 1.00 171.05
44.00 51.00 0.00 2.00 82.14
40.00 38.00 0.00 3.00 37.73
56.00 7.00 1.00 2.00 196.13
8.00 59.00 1.00 2.00 75.04
53.00 59.00 0.00 4.00 191.25
53.00 29.00 0.00 5.00 193.11
26.00 7.00 0.00 2.00 103.99
57.00 11.00 0.00 4.00 181.65
56.00 12.00 0.00 1.00 34.87
56.00 53.00 0.00 3.00 128.55
13.00 50.00 0.00 1.00 150.16
56.00 26.00 0.00 5.00 195.50
59.00 50.00 0.00 3.00 148.14
50.00 57.00 1.00 2.00 65.54
36.00 42.00 0.00 4.00 158.73
18.00 8.00 1.00 3.00 123.47
59.00 54.00 1.00 4.00 153.06
58.00 51.00 0.00 4.00 64.60
8.00 44.00 1.00 5.00 133.91
52.00 58.00 0.00 2.00 114.06
30.00 5.00 0.00 4.00 134.28
28.00 51.00 0.00 1.00 130.95
57.00 53.00 0.00 1.00 190.37
57.00 33.00 1.00 5.00 190.33
52.00 58.00 1.00 3.00 162.05
20.00 56.00 0.00 5.00 119.43
59.00 38.00 1.00 2.00 161.68
57.00 38.00 0.00 4.00 170.84
51.00 58.00 1.00 3.00 88.23
8.00 52.00 1.00 4.00 48.86
40.00 33.00 0.00 4.00 160.10
52.00 56.00 0.00 3.00 178.29
57.00 7.00 1.00 1.00 197.13
54.00 28.00 0.00 5.00 195.87
36.00 44.00 1.00 1.00 170.80
33.00 54.00 1.00 2.00 146.55
53.00 56.00 0.00 1.00 92.70
44.00 50.00 1.00 4.00 78.69
29.00 3.00 1.00 3.00 189.88
54.00 55.00 0.00 1.00 198.91
18.00 59.00 0.00 4.00 112.91
56.00 20.00 0.00 3.00 37.50
6.00 44.00 1.00 3.00 45.48
37.00 44.00 0.00 1.00 96.22
11.00 53.00 1.00 1.00 62.78
50.00 33.00 1.00 4.00 118.26
0.00 19.00 0.00 3.00 133.10
33.00 30.00 1.00 3.00 43.68
19.00 39.00 1.00 1.00 67.00
49.00 35.00 0.00 2.00 188.18
55.00 51.00 1.00 3.00 81.94
25.00 56.00 1.00 4.00 94.78
18.00 8.00 1.00 2.00 126.96
51.00 58.00 1.00 2.00 112.48
22.00 2.00 0.00 1.00 86.36
50.00 42.00 1.00 4.00 45.03
41.00 36.00 1.00 3.00 146.45
30.00 25.00 0.00 3.00 110.10
36.00 54.00 0.00 3.00 163.69
55.00 52.00 0.00 4.00 104.08
50.00 55.00 0.00 2.00 182.50
53.00 37.00 0.00 1.00 101.45
50.00 58.00 0.00 5.00 143.87
53.00 43.00 1.00 3.00 170.81
50.00 56.00 0.00 2.00 152.69
7.00 41.00 1.00 2.00 120.67
50.00 10.00 1.00 2.00 148.05
14.00 52.00 0.00 1.00 95.56
37.00 44.00 0.00 3.00 73.95
36.00 58.00 0.00 1.00 163.11
52.00 6.00 1.00 3.00 109.52
57.00 50.00 1.00 5.00 154.37
50.00 12.00 0.00 2.00 52.33
6.00 46.00 1.00 1.00 103.73
15.00 53.00 0.00 2.00 68.18
2.00 44.00 0.00 3.00 77.61
56.00 21.00 1.00 1.00 190.21
8.00 30.00 0.00 5.00 178.43
58.00 9.00 0.00 3.00 163.45
18.00 56.00 1.00 3.00 39.12
47.00 53.00 0.00 3.00 66.25
37.00 17.00 1.00 2.00 52.65
58.00 37.00 1.00 4.00 111.27
35.00 16.00 1.00 2.00 171.70
56.00 11.00 1.00 4.00 150.75
25.00 44.00 0.00 2.00 119.01
55.00 12.00 0.00 1.00 55.02
52.00 57.00 1.00 3.00 112.92
58.00 50.00 1.00 2.00 130.71
9.00 50.00 1.00 4.00 128.29
56.00 54.00 0.00 5.00 195.39
48.00 0.00 1.00 4.00 106.62
37.00 19.00 1.00 3.00 108.68
54.00 56.00 1.00 5.00 109.32
48.00 58.00 1.00 2.00 99.88
11.00 47.00 1.00 1.00 120.69
56.00 53.00 0.00 4.00 56.29
11.00 48.00 1.00 4.00 46.29
19.00 2.00 0.00 4.00 73.31
58.00 24.00 0.00 4.00 99.29
48.00 54.00 1.00 4.00 173.42
56.00 6.00 0.00 1.00 101.09
26.00 55.00 0.00 5.00 164.34
56.00 52.00 0.00 1.00 53.57
55.00 51.00 0.00 4.00 91.16
9.00 4.00 1.00 2.00 113.69
57.00 35.00 0.00 5.00 74.20
59.00 50.00 0.00 5.00 147.63
37.00 44.00 1.00 1.00 97.05
58.00 52.00 0.00 5.00 162.75
50.00 28.00 0.00 4.00 98.59
57.00 50.00 1.00 1.00 183.95
33.00 51.00 1.00 5.00 102.43
27.00 55.00 0.00 4.00 59.94
38.00 53.00 0.00 3.00 57.05
53.00 42.00 0.00 4.00 171.69
6.00 52.00 1.00 4.00 91.46
56.00 22.00 0.00 4.00 78.93
55.00 5.00 0.00 5.00 104.38
52.00 44.00 1.00 4.00 64.66
59.00 16.00 1.00 4.00 171.03
12.00 58.00 1.00 1.00 195.28
50.00 37.00 0.00 1.00 30.97
4.00 40.00 1.00 3.00 87.78
53.00 55.00 1.00 5.00 45.48
57.00 54.00 0.00 2.00 47.01
37.00 19.00 0.00 3.00 198.21
2.00 54.00 1.00 3.00 33.91
18.00 58.00 0.00 1.00 175.71
54.00 56.00 1.00 4.00 45.55
53.00 56.00 0.00 3.00 144.95
42.00 5.00 0.00 3.00 104.83
48.00 28.00 1.00 4.00 124.29
55.00 7.00 1.00 1.00 191.43
13.00 59.00 0.00 5.00 195.60
53.00 11.00 0.00 2.00 151.57
24.00 17.00 1.00 1.00 76.47
20.00 58.00 0.00 1.00 122.80
30.00 57.00 1.00 3.00 170.35
11.00 30.00 1.00 1.00 182.68
7.00 50.00 1.00 4.00 189.34
30.00 12.00 1.00 2.00 198.12
58.00 18.00 1.00 1.00 78.46
2.00 21.00 1.00 1.00 159.03
37.00 55.00 0.00 2.00 42.05
10.00 29.00 0.00 4.00 83.35
54.00 57.00 0.00 4.00 106.56
58.00 38.00 0.00 3.00 42.52
13.00 53.00 1.00 5.00 78.07
59.00 26.00 1.00 2.00 68.76
55.00 51.00 1.00 3.00 80.14
48.00 39.00 1.00 5.00 172.44
56.00 27.00 0.00 4.00 184.54
4.00 18.00 1.00 4.00 149.16
58.00 53.00 1.00 1.00 86.99
5.00 37.00 0.00 1.00 57.68
39.00 57.00 0.00 2.00 171.51
16.00 4.00 0.00 5.00 33.46
8.00 19.00 0.00 4.00 187.13
51.00 45.00 0.00 2.00 127.29
58.00 23.00 1.00 1.00 56.02
50.00 30.00 1.00 5.00 69.44
0.00 59.00 0.00 3.00 179.47
56.00 54.00 1.00 5.00 120.69
50.00 33.00 0.00 2.00 74.93
14.00 29.00 0.00 1.00 183.82
7.00 58.00 0.00 3.00 198.04
12.00 57.00 1.00 4.00 173.46
15.00 54.00 1.00 2.00 55.98
53.00 56.00 0.00 1.00 124.38
40.00 22.00 0.00 5.00 67.70
50.00 55.00 1.00 5.00 31.11
56.00 52.00 0.00 3.00 169.46
50.00 56.00 1.00 2.00 175.97
31.00 53.00 0.00 5.00 30.74
52.00 57.00 0.00 5.00 194.57
55.00 7.00 0.00 1.00 55.08
54.00 57.00 0.00 1.00 70.32
42.00 3.00 1.00 1.00 44.06
59.00 51.00 1.00 5.00 157.18
54.00 59.00 1.00 1.00 197.81
59.00 50.00 1.00 5.00 123.90
41.00 39.00 1.00 2.00 52.58
51.00 55.00 1.00 4.00 176.74
33.00 50.00 1.00 2.00 184.94
7.00 18.00 1.00 2.00 91.08
17.00 8.00 1.00 1.00 62.54
56.00 12.00 1.00 4.00 164.60
44.00 53.00 1.00 1.00 141.47
54.00 10.00 0.00 1.00 92.95
51.00 9.00 1.00 1.00 45.58
50.00 3.00 0.00 4.00 197.99
58.00 52.00 1.00 1.00 104.16
6.00 21.00 1.00 1.00 88.23
53.00 9.00 0.00 5.00 151.80
54.00 10.00 1.00 5.00 63.05
20.00 59.00 1.00 5.00 144.77
8.00 23.00 1.00 4.00 161.32
29.00 50.00 1.00 4.00 136.28
7.00 18.00 1.00 3.00 138.55
10.00 44.00 0.00 4.00 77.88
48.00 39.00 1.00 5.00 122.77
6.00 43.00 0.00 2.00 101.23
28.00 57.00 0.00 1.00 46.60
54.00 55.00 1.00 5.00 184.64
59.00 46.00 0.00 1.00 142.52
22.00 58.00 0.00 4.00 30.33
1.00 53.00 1.00 2.00 31.25
53.00 12.00 0.00 2.00 31.62
0.00 31.00 0.00 2.00 98.48
50.00 55.00 1.00 4.00 72.70
0.00 55.00 1.00 2.00 50.85
34.00 16.00 1.00 3.00 65.82
59.00 54.00 1.00 5.00 136.77
59.00 52.00 0.00 1.00 116.73
55.00 5.00 1.00 2.00 51.26
59.00 53.00 0.00 5.00 182.44
56.00 28.00 0.00 4.00 123.07
56.00 54.00 1.00 4.00 196.63
54.00 59.00 1.00 2.00 189.80
49.00 1.00 0.00 2.00 149.73
51.00 58.00 1.00 3.00 77.09
58.00 12.00 0.00 4.00 194.12
58.00 52.00 1.00 5.00 158.91
51.00 35.00 0.00 1.00 191.87
7.00 41.00 1.00 3.00 162.60
50.00 59.00 1.00 4.00 32.99
53.00 55.00 1.00 1.00 91.50
59.00 27.00 0.00 2.00 63.05
50.00 10.00 0.00 2.00 133.07
56.00 53.00 0.00 2.00 97.84
20.00 57.00 1.00 1.00 101.66
52.00 48.00 1.00 1.00 178.46
31.00 19.00 0.00 2.00 152.08
57.00 14.00 0.00 4.00 171.23
52.00 5.00 0.00 1.00 76.65
54.00 45.00 1.00 4.00 60.43
19.00 12.00 1.00 2.00 34.63
54.00 40.00 0.00 5.00 100.02
47.00 35.00 1.00 4.00 40.83
27.00 54.00 1.00 5.00 53.34
52.00 9.00 0.00 2.00 154.46
58.00 0.00 1.00 5.00 112.64
0.00 43.00 0.00 2.00 56.08
50.00 3.00 1.00 1.00 174.90
34.00 51.00 1.00 1.00 36.94
36.00 3.00 1.00 5.00 36.56
56.00 13.00 1.00 1.00 185.44
59.00 17.00 1.00 2.00 48.89
56.00 16.00 0.00 2.00 79.58
50.00 10.00 0.00 2.00 79.61
54.00 55.00 1.00 5.00 111.60
58.00 30.00 1.00 5.00 138.47
53.00 55.00 1.00 1.00 146.97
57.00 17.00 0.00 1.00 62.84
56.00 36.00 1.00 2.00 177.55
45.00 54.00 0.00 5.00 174.51
30.00 51.00 1.00 4.00 37.13
26.00 59.00 1.00 4.00 127.10
30.00 54.00 0.00 1.00 132.52
43.00 28.00 0.00 5.00 172.66
56.00 54.00 0.00 2.00 143.22
24.00 40.00 1.00 5.00 138.13
12.00 59.00 0.00 2.00 60.97
9.00 57.00 0.00 4.00 50.11
17.00 55.00 0.00 4.00 65.77
19.00 56.00 0.00 5.00 89.80
51.00 56.00 1.00 3.00 32.64
56.00 13.00 0.00 3.00 99.27
55.00 51.00 1.00 1.00 160.04
32.00 18.00 1.00 3.00 72.59
54.00 14.00 1.00 2.00 39.81
53.00 4.00 1.00 1.00 104.02
50.00 59.00 1.00 1.00 34.02
50.00 57.00 1.00 4.00 196.36
53.00 56.00 0.00 5.00 118.89
31.00 21.00 1.00 2.00 139.83
55.00 54.00 0.00 2.00 47.35
54.00 4.00 1.00 2.00 118.25
54.00 56.00 1.00 1.00 84.62
45.00 34.00 0.00 2.00 130.27
52.00 43.00 0.00 1.00 71.28
55.00 53.00 1.00 3.00 96.95
11.00 32.00 1.00 1.00 161.80
44.00 52.00 0.00 5.00 61.71
17.00 5.00 1.00 4.00 81.07
46.00 51.00 0.00 2.00 131.26
9.00 56.00 0.00 1.00 107.40
4.00 50.00 0.00 3.00 185.04
53.00 56.00 1.00 5.00 86.76
58.00 34.00 1.00 5.00 133.41
50.00 56.00 0.00 4.00 163.92
56.00 50.00 0.00 5.00 87.72
52.00 59.00 0.00 2.00 62.40
10.00 52.00 1.00 1.00 140.58
52.00 58.00 1.00 5.00 160.37
52.00 1.00 1.00 2.00 147.78
19.00 35.00 1.00 1.00 138.14
58.00 32.00 0.00 3.00 99.21
39.00 12.00 0.00 5.00 144.97
54.00 59.00 0.00 1.00 58.62
50.00 56.00 1.00 1.00 157.96
53.00 58.00 1.00 5.00 40.65
59.00 25.00 0.00 5.00 83.23
58.00 32.00 1.00 1.00 49.70
59.00 48.00 0.00 3.00 168.20
43.00 0.00 1.00 5.00 128.39
55.00 21.00 1.00 3.00 170.79
59.00 27.00 0.00 2.00 44.92
40.00 7.00 0.00 2.00 137.66
14.00 57.00 0.00 4.00 70.59
25.00 54.00 1.00 3.00 160.90
52.00 56.00 1.00 5.00 61.52
53.00 11.00 1.00 2.00 62.49
58.00 32.00 0.00 2.00 188.21
12.00 59.00 0.00 5.00 62.87
31.00 57.00 1.00 2.00 63.43
22.00 33.00 1.00 2.00 36.18
51.00 0.00 1.00 2.00 52.71
21.00 57.00 1.00 3.00 103.42
57.00 4.00 0.00 5.00 125.46
58.00 52.00 0.00 3.00 167.68
59.00 1.00 1.00 2.00 87.38
54.00 4.00 0.00 5.00 97.38
11.00 5.00 0.00 4.00 160.23
7.00 54.00 1.00 4.00 170.36
59.00 50.00 1.00 1.00 132.39
28.00 53.00 0.00 4.00 76.01
12.00 51.00 1.00 5.00 56.34
51.00 33.00 0.00 1.00 169.88
13.00 43.00 1.00 1.00 34.07
35.00 58.00 1.00 2.00 144.27
12.00 40.00 0.00 4.00 158.55
50.00 56.00 1.00 3.00 170.13
50.00 36.00 1.00 2.00 57.13
52.00 48.00 1.00 4.00 89.93
50.00 59.00 1.00 3.00 166.98
50.00 35.00 1.00 5.00 183.60
27.00 10.00 0.00 2.00 129.89
8.00 51.00 1.00 1.00 65.82
0.00 59.00 0.00 1.00 157.14
28.00 4.00 1.00 1.00 169.33
59.00 54.00 1.00 3.00 163.57
31.00 51.00 0.00 2.00 189.57
59.00 53.00 1.00 1.00 34.53
58.00 51.00 1.00 1.00 164.56
52.00 56.00 1.00 4.00 106.53
55.00 21.00 0.00 1.00 162.50
24.00 3.00 1.00 2.00 158.29
56.00 51.00 0.00 5.00 152.97
50.00 58.00 0.00 5.00 190.34
52.00 1.00 0.00 3.00 196.33
39.00 32.00 1.00 5.00 168.39
19.00 57.00 0.00 2.00 138.03
57.00 27.00 0.00 5.00 166.45
35.00 47.00 0.00 4.00 105.52
50.00 30.00 0.00 5.00 161.87
21.00 2.00 1.00 3.00 98.59
53.00 47.00 1.00 4.00 171.34
53.00 55.00 1.00 2.00 126.14
11.00 58.00 1.00 2.00 168.83
28.00 16.00 0.00 1.00 74.44
47.00 12.00 0.00 4.00 132.01
12.00 54.00 1.00 5.00 81.65
54.00 58.00 0.00 4.00 167.53
9.00 29.00 1.00 4.00 32.60
19.00 29.00 1.00 5.00 119.60
53.00 24.00 1.00 3.00 137.41
12.00 47.00 0.00 3.00 160.95
32.00 5.00 1.00 4.00 30.08
6.00 51.00 0.00 4.00 156.32
54.00 57.00 0.00 1.00 66.62
30.00 22.00 0.00 1.00 132.14
52.00 27.00 1.00 1.00 102.42
56.00 24.00 0.00 3.00 85.19
33.00 52.00 0.00 2.00 47.99
29.00 42.00 1.00 3.00 180.14
52.00 57.00 1.00 1.00 127.44
19.00 5.00 0.00 2.00 37.41
50.00 9.00 1.00 4.00 167.47
1.00 22.00 1.00 5.00 195.31
53.00 56.00 0.00 5.00 186.88
59.00 1.00 0.00 4.00 197.43
43.00 51.00 1.00 5.00 43.89
26.00 53.00 0.00 2.00 51.15
57.00 45.00 1.00 4.00 94.40
55.00 53.00 1.00 2.00 171.80
52.00 15.00 0.00 1.00 56.91
17.00 55.00 1.00 2.00 47.37
50.00 56.00 0.00 5.00 106.26
5.00 50.00 1.00 1.00 35.24
59.00 51.00 1.00 3.00 65.15
29.00 56.00 0.00 1.00 182.41
46.00 38.00 1.00 3.00 190.30
59.00 51.00 0.00 3.00 110.80
22.00 59.00 1.00 2.00 57.49
51.00 28.00 0.00 1.00 55.44
55.00 34.00 0.00 3.00 104.85
57.00 52.00 1.00 3.00 148.40
6.00 52.00 0.00 3.00 94.58
8.00 42.00 0.00 4.00 155.85
38.00 20.00 1.00 5.00 70.65
53.00 8.00 1.00 1.00 189.27
57.00 33.00 0.00 5.00 80.91
53.00 15.00 1.00 1.00 56.77
4.00 53.00 1.00 1.00 192.63
12.00 58.00 0.00 2.00 194.43
36.00 52.00 1.00 2.00 38.86
13.00 52.00 1.00 2.00 44.96
53.00 57.00 0.00 1.00 122.14
55.00 53.00 0.00 2.00 170.04
24.00 57.00 0.00 3.00 70.22
26.00 14.00 1.00 3.00 127.88
39.00 24.00 1.00 4.00 162.62
54.00 25.00 0.00 2.00 38.81
58.00 52.00 0.00 1.00 135.77
17.00 57.00 0.00 3.00 188.00
25.00 58.00 1.00 1.00 168.27
22.00 2.00 1.00 5.00 46.37
50.00 49.00 0.00 2.00 193.68
7.00 57.00 1.00 2.00 195.63
5.00 23.00 0.00 1.00 35.38
55.00 38.00 1.00 5.00 123.13
33.00 10.00 0.00 3.00 181.50
19.00 57.00 0.00 1.00 66.42
54.00 55.00 0.00 1.00 70.90
19.00 7.00 0.00 2.00 171.73
2.00 54.00 0.00 2.00 103.39
56.00 17.00 1.00 4.00 63.89
8.00 52.00 0.00 4.00 174.24
59.00 12.00 0.00 4.00 86.96
39.00 52.00 0.00 2.00 103.08
1.00 57.00 0.00 4.00 115.09
15.00 5.00 0.00 5.00 93.81
59.00 51.00 1.00 5.00 104.03
20.00 56.00 0.00 5.00 143.63
58.00 11.00 0.00 4.00 31.04
25.00 40.00 1.00 4.00 49.06
8.00 43.00 1.00 5.00 157.57
45.00 13.00 0.00 2.00 40.18
6.00 52.00 1.00 3.00 141.77
51.00 4.00 0.00 1.00 62.08
54.00 32.00 0.00 2.00 92.27
24.00 54.00 1.00 3.00 178.84
54.00 57.00 1.00 3.00 141.22
52.00 39.00 1.00 4.00 194.35
47.00 50.00 0.00 2.00 169.66
43.00 3.00 0.00 4.00 52.98
50.00 57.00 1.00 4.00 120.40
49.00 53.00 1.00 1.00 161.85
38.00 54.00 1.00 4.00 160.17
6.00 19.00 0.00 3.00 175.71
51.00 26.00 1.00 3.00 30.11
7.00 58.00 0.00 5.00 38.81
53.00 8.00 1.00 4.00 126.11
47.00 54.00 1.00 2.00 112.48
14.00 12.00 1.00 2.00 47.33
59.00 22.00 0.00 1.00 42.05
42.00 52.00 0.00 4.00 106.00
54.00 8.00 0.00 1.00 151.67
50.00 4.00 1.00 5.00 192.59
58.00 13.00 0.00 3.00 35.25
4.00 56.00 1.00 1.00 99.10
54.00 56.00 1.00 2.00 173.22
24.00 18.00 0.00 3.00 47.67
58.00 6.00 1.00 2.00 190.25
29.00 43.00 1.00 5.00 191.14
53.00 13.00 1.00 3.00 77.13
5.00 58.00 0.00 1.00 93.43
57.00 45.00 0.00 4.00 76.06
40.00 34.00 0.00 1.00 139.40
19.00 4.00 0.00 3.00 194.77
52.00 57.00 1.00 4.00 136.14
52.00 27.00 0.00 2.00 90.56
8.00 39.00 0.00 4.00 96.13
45.00 11.00 1.00 4.00 82.66
58.00 50.00 1.00 2.00 134.61
36.00 51.00 1.00 5.00 76.61
25.00 52.00 0.00 5.00 57.76
55.00 51.00 1.00 4.00 77.68
51.00 30.00 1.00 3.00 130.63
53.00 46.00 1.00 5.00 153.22
54.00 10.00 1.00 2.00 72.48
28.00 20.00 0.00 5.00 157.64
2.00 58.00 0.00 1.00 122.29
44.00 5.00 0.00 3.00 31.17
55.00 36.00 0.00 4.00 191.24
36.00 23.00 1.00 4.00 33.12
5.00 7.00 0.00 5.00 66.64
18.00 6.00 1.00 4.00 50.28
57.00 50.00 1.00 3.00 54.90
46.00 36.00 1.00 1.00 55.46
37.00 3.00 1.00 3.00 110.17
55.00 12.00 1.00 2.00 133.98
31.00 18.00 1.00 5.00 88.10
50.00 57.00 1.00 4.00 107.63
31.00 19.00 0.00 1.00 137.85
16.00 0.00 0.00 1.00 162.96
57.00 53.00 0.00 2.00 133.08
54.00 12.00 0.00 4.00 183.98
57.00 53.00 1.00 2.00 52.21
7.00 56.00 1.00 3.00 68.98
56.00 50.00 0.00 3.00 137.18
1.00 22.00 0.00 2.00 95.13
8.00 33.00 0.00 4.00 192.52
33.00 52.00 1.00 2.00 138.95
59.00 54.00 0.00 1.00 122.06
30.00 50.00 1.00 5.00 83.45
5.00 50.00 0.00 1.00 180.86
6.00 56.00 1.00 1.00 177.10
52.00 31.00 0.00 3.00 75.46
13.00 45.00 1.00 4.00 194.42
15.00 12.00 1.00 1.00 190.24
56.00 50.00 1.00 2.00 112.04
37.00 53.00 1.00 2.00 105.33
4.00 14.00 1.00 2.00 125.73
52.00 59.00 1.00 3.00 56.63
58.00 39.00 1.00 4.00 130.96
2.00 42.00 0.00 1.00 68.99
57.00 51.00 0.00 2.00 41.22
37.00 56.00 0.00 1.00 106.82
52.00 56.00 0.00 2.00 119.06
15.00 54.00 1.00 5.00 42.38
2.00 57.00 1.00 5.00 125.27
2.00 59.00 1.00 3.00 132.86
58.00 51.00 0.00 2.00 194.04
51.00 47.00 1.00 1.00 121.92
54.00 58.00 0.00 2.00 133.84
53.00 59.00 1.00 5.00 177.17
53.00 26.00 0.00 3.00 98.53
54.00 55.00 0.00 1.00 138.53
51.00 58.00 0.00 4.00 90.72
54.00 40.00 1.00 1.00 36.25
29.00 24.00 0.00 5.00 57.22
38.00 53.00 1.00 2.00 177.02
54.00 57.00 1.00 4.00 39.78
20.00 56.00 0.00 2.00 174.49
59.00 30.00 1.00 2.00 75.22
17.00 2.00 1.00 3.00 167.42
0.00 40.00 0.00 1.00 145.79
51.00 26.00 0.00 4.00 82.07
36.00 21.00 0.00 2.00 112.85
33.00 18.00 1.00 5.00 193.64
50.00 12.00 1.00 3.00 154.95
58.00 54.00 0.00 2.00 132.70
29.00 56.00 1.00 1.00 80.54
48.00 39.00 1.00 3.00 154.32
50.00 49.00 0.00 4.00 111.00
3.00 48.00 1.00 3.00 58.60
59.00 50.00 1.00 2.00 169.39
51.00 58.00 0.00 5.00 180.24
58.00 35.00 0.00 3.00 172.55
51.00 55.00 0.00 5.00 103.87
57.00 36.00 0.00 1.00 106.83
56.00 50.00 1.00 3.00 106.61
30.00 52.00 1.00 5.00 94.71
57.00 15.00 1.00 2.00 163.21
53.00 4.00 1.00 5.00 115.62
33.00 25.00 1.00 2.00 76.99
58.00 32.00 0.00 4.00 190.07
54.00 58.00 1.00 1.00 85.59
52.00 57.00 0.00 5.00 190.74
27.00 57.00 0.00 4.00 94.70
50.00 55.00 0.00 1.00 140.24
59.00 52.00 1.00 4.00 97.75
50.00 55.00 1.00 4.00 51.09
28.00 56.00 1.00 1.00 74.53
34.00 51.00 1.00 2.00 145.22
52.00 58.00 0.00 2.00 159.36
59.00 52.00 1.00 1.00 79.57
29.00 51.00 0.00 3.00 134.85
59.00 23.00 1.00 2.00 54.18
58.00 4.00 0.00 4.00 163.75
57.00 54.00 0.00 4.00 152.95
58.00 52.00 1.00 2.00 131.92
10.00 22.00 0.00 1.00 48.31
55.00 22.00 1.00 3.00 133.94
53.00 42.00 1.00 5.00 32.01
17.00 0.00 1.00 5.00 94.25
2.00 51.00 1.00 1.00 31.93
58.00 52.00 1.00 2.00 146.07
53.00 57.00 1.00 2.00 76.06
53.00 55.00 1.00 2.00 125.75
28.00 22.00 1.00 4.00 179.35
15.00 53.00 0.00 4.00 52.90
13.00 44.00 0.00 5.00 184.79
6.00 43.00 1.00 5.00 77.78
15.00 56.00 1.00 3.00 198.08
16.00 7.00 1.00 3.00 165.16
57.00 54.00 1.00 5.00 81.74
4.00 45.00 1.00 5.00 31.67
59.00 20.00 1.00 5.00 117.23
7.00 39.00 0.00 3.00 193.82
7.00 21.00 1.00 3.00 64.00
57.00 51.00 1.00 1.00 101.49
56.00 51.00 0.00 2.00 142.84
21.00 32.00 0.00 2.00 41.25
53.00 1.00 1.00 2.00 73.37
54.00 15.00 0.00 1.00 158.51
2.00 51.00 0.00 5.00 33.86
33.00 58.00 0.00 1.00 81.64
55.00 54.00 1.00 3.00 198.12
55.00 47.00 0.00 2.00 141.25
23.00 55.00 0.00 2.00 70.24
38.00 57.00 1.00 4.00 81.48
41.00 27.00 0.00 5.00 87.64
44.00 39.00 1.00 1.00 122.38
30.00 57.00 1.00 4.00 133.39
27.00 54.00 0.00 4.00 40.03
42.00 54.00 1.00 1.00 185.17
50.00 59.00 0.00 3.00 95.05
55.00 51.00 1.00 5.00 59.31
0.00 48.00 0.00 1.00 93.27
29.00 21.00 1.00 2.00 189.35
39.00 54.00 1.00 4.00 175.12
54.00 56.00 1.00 2.00 99.48
35.00 57.00 1.00 4.00 89.23
44.00 9.00 1.00 5.00 189.21
57.00 51.00 0.00 2.00 107.27
55.00 38.00 0.00 4.00 118.59
54.00 56.00 0.00 2.00 48.12
50.00 55.00 1.00 2.00 120.99
55.00 47.00 0.00 1.00 100.10
10.00 50.00 0.00 5.00 155.73
50.00 58.00 0.00 1.00 168.13
53.00 11.00 1.00 3.00 61.97
52.00 2.00 1.00 2.00 73.07
56.00 52.00 1.00 1.00 188.61
50.00 35.00 0.00 5.00 39.13
5.00 54.00 1.00 2.00 136.10
52.00 11.00 1.00 4.00 120.36
56.00 50.00 0.00 4.00 72.17
54.00 32.00 0.00 3.00 51.40
27.00 53.00 0.00 2.00 150.47
57.00 51.00 1.00 1.00 142.78
50.00 17.00 0.00 3.00 169.23
54.00 49.00 0.00 4.00 161.22
1.00 51.00 1.00 3.00 163.56
57.00 38.00 0.00 5.00 97.48
25.00 4.00 0.00 2.00 95.06
59.00 35.00 0.00 5.00 110.11
5.00 30.00 0.00 2.00 64.19
13.00 51.00 1.00 5.00 34.66
55.00 52.00 1.00 1.00 60.35
1.00 19.00 1.00 1.00 99.61
41.00 0.00 1.00 5.00 133.70
58.00 53.00 0.00 5.00 183.70
16.00 36.00 1.00 2.00 124.80
57.00 12.00 0.00 2.00 79.84
13.00 56.00 1.00 3.00 191.95
50.00 58.00 1.00 1.00 54.49
50.00 1.00 0.00 5.00 130.72
56.00 11.00 1.00 1.00 79.31
59.00 51.00 1.00 1.00 35.68
12.00 54.00 1.00 3.00 146.88
30.00 54.00 1.00 4.00 99.08
40.00 13.00 1.00 2.00 43.22
59.00 33.00 1.00 4.00 187.39
5.00 50.00 0.00 1.00 87.57
45.00 38.00 1.00 1.00 34.29
37.00 56.00 0.00 2.00 175.13
25.00 33.00 0.00 2.00 157.30
1.00 55.00 0.00 1.00 141.06
52.00 55.00 0.00 5.00 41.42
55.00 51.00 1.00 2.00 183.52
59.00 50.00 0.00 1.00 185.87
59.00 50.00 1.00 4.00 146.49
51.00 59.00 1.00 1.00 172.25
57.00 7.00 0.00 4.00 43.40
58.00 52.00 0.00 1.00 156.02
39.00 42.00 1.00 5.00 53.05
17.00 55.00 0.00 3.00 114.18
26.00 21.00 0.00 3.00 58.18
51.00 58.00 0.00 4.00 37.45
31.00 59.00 0.00 2.00 137.73
5.00 55.00 1.00 1.00 192.99
59.00 52.00 0.00 2.00 72.74
50.00 33.00 0.00 1.00 103.22
51.00 13.00 1.00 5.00 96.22
50.00 59.00 0.00 5.00 124.83
50.00 59.00 1.00 3.00 149.93
51.00 58.00 0.00 4.00 122.02
11.00 58.00 0.00 1.00 95.43
53.00 58.00 0.00 3.00 70.10
52.00 9.00 1.00 4.00 50.55
35.00 40.00 0.00 5.00 182.30
56.00 52.00 1.00 1.00 39.05
54.00 57.00 0.00 5.00 173.46
16.00 7.00 0.00 3.00 184.94
53.00 57.00 0.00 5.00 187.77
7.00 16.00 1.00 3.00 43.99
53.00 59.00 1.00 3.00 180.91
50.00 59.00 0.00 2.00 187.27
52.00 56.00 0.00 2.00 169.99
54.00 10.00 1.00 2.00 39.39
54.00 28.00 1.00 3.00 118.06
48.00 39.00 0.00 4.00 166.05
37.00 57.00 1.00 4.00 94.74
36.00 51.00 1.00 4.00 77.91
10.00 33.00 0.00 5.00 63.39
26.00 50.00 1.00 5.00 77.35
25.00 55.00 0.00 2.00 118.35
29.00 59.00 1.00 3.00 71.71
50.00 59.00 0.00 5.00 119.71
50.00 55.00 0.00 2.00 139.82
54.00 7.00 0.00 4.00 88.73
33.00 20.00 1.00 3.00 38.17
28.00 50.00 1.00 5.00 108.03
55.00 54.00 0.00 5.00 174.29
45.00 54.00 1.00 1.00 143.18
18.00 38.00 0.00 1.00 166.17
58.00 50.00 0.00 1.00 114.39
26.00 32.00 0.00 1.00 66.40
15.00 52.00 0.00 4.00 155.15
7.00 21.00 1.00 3.00 174.94
8.00 54.00 0.00 4.00 33.30
54.00 47.00 1.00 5.00 121.63
23.00 55.00 1.00 5.00 79.38
12.00 46.00 1.00 3.00 76.78
50.00 58.00 0.00 1.00 172.54
58.00 6.00 0.00 2.00 115.01
54.00 57.00 1.00 1.00 131.04
57.00 50.00 0.00 4.00 78.22
30.00 50.00 0.00 4.00 144.83
54.00 59.00 0.00 3.00 150.07
29.00 17.00 1.00 3.00 130.04
8.00 27.00 0.00 5.00 90.54
21.00 44.00 1.00 2.00 96.78
20.00 31.00 1.00 5.00 77.57
51.00 58.00 1.00 3.00 74.16
52.00 58.00 1.00 2.00 74.64
56.00 51.00 1.00 4.00 42.58
52.00 58.00 0.00 5.00 189.37
52.00 0.00 1.00 3.00 82.28
37.00 41.00 1.00 3.00 125.39
14.00 39.00 0.00 5.00 46.76
39.00 23.00 1.00 2.00 63.10
56.00 23.00 0.00 1.00 114.99
52.00 32.00 1.00 2.00 90.49
59.00 39.00 1.00 3.00 33.11
13.00 54.00 0.00 1.00 145.20
57.00 30.00 0.00 1.00 97.27
8.00 59.00 0.00 2.00 35.94
3.00 54.00 0.00 5.00 151.99
