50.00 57.00 0.00 2.00 80.03
57.00 53.00 1.00 4.00 98.10
56.00 54.00 0.00 2.00 152.78
6.00 50.00 1.00 4.00 196.68
51.00 2.00 0.00 5.00 60.08
59.00 35.00 1.00 5.00 111.07
58.00 50.00 1.00 2.00 140.79
50.00 56.00 0.00 1.00 65.21
51.00 57.00 0.00 1.00 91.57
12.00 55.00 0.00 3.00 57.69
34.00 32.00 0.00 3.00 101.66
52.00 12.00 1.00 4.00 174.58
50.00 56.00 1.00 2.00 156.46
52.00 57.00 0.00 5.00 38.73
0.00 52.00 1.00 5.00 134.73
11.00 30.00 0.00 2.00 31.77
28.00 55.00 1.00 4.00 181.97
52.00 47.00 1.00 5.00 81.62
36.00 3.00 0.00 2.00 150.38
51.00 55.00 0.00 1.00 52.59
54.00 56.00 1.00 1.00 76.11
53.00 35.00 0.00 5.00 155.92
28.00 4.00 1.00 1.00 120.65
59.00 31.00 1.00 4.00 190.53
53.00 41.00 0.00 1.00 72.62
51.00 3.00 1.00 2.00 137.07
19.00 7.00 0.00 4.00 109.75
51.00 49.00 1.00 2.00 48.57
57.00 10.00 0.00 3.00 58.93
56.00 3.00 0.00 1.00 66.32
52.00 55.00 0.00 5.00 48.13
57.00 38.00 0.00 1.00 132.72
42.00 13.00 0.00 4.00 38.54
52.00 5.00 0.00 2.00 162.64
58.00 14.00 1.00 4.00 199.80
48.00 18.00 0.00 4.00 142.00
50.00 57.00 1.00 3.00 68.46
58.00 51.00 0.00 2.00 117.50
27.00 54.00 0.00 1.00 187.75
29.00 14.00 0.00 2.00 41.87
38.00 22.00 1.00 2.00 38.98
29.00 50.00 0.00 1.00 140.96
37.00 41.00 1.00 4.00 34.04
58.00 53.00 1.00 3.00 199.69
54.00 45.00 1.00 2.00 109.27
52.00 59.00 1.00 1.00 136.33
23.00 1.00 1.00 5.00 174.89
28.00 59.00 0.00 4.00 91.28
55.00 36.00 1.00 3.00 51.61
54.00 47.00 0.00 5.00 53.66
53.00 2.00 1.00 2.00 155.26
37.00 57.00 1.00 1.00 48.42
6.00 54.00 1.00 1.00 126.67
54.00 57.00 1.00 1.00 76.63
3.00 55.00 0.00 1.00 189.74
40.00 53.00 1.00 3.00 145.68
0.00 24.00 0.00 1.00 160.01
35.00 57.00 0.00 3.00 148.57
19.00 10.00 1.00 2.00 160.38
59.00 51.00 1.00 3.00 168.57
52.00 58.00 0.00 1.00 113.49
31.00 52.00 1.00 1.00 198.81
12.00 40.00 1.00 3.00 180.06
36.00 19.00 0.00 1.00 75.83
4.00 40.00 0.00 5.00 38.31
7.00 53.00 1.00 3.00 59.16
59.00 46.00 1.00 5.00 189.00
55.00 15.00 0.00 2.00 111.57
57.00 54.00 1.00 2.00 180.39
3.00 57.00 1.00 5.00 105.27
44.00 13.00 1.00 3.00 159.71
51.00 59.00 1.00 5.00 157.10
23.00 43.00 0.00 3.00 111.86
58.00 50.00 0.00 2.00 80.72
57.00 26.00 0.00 1.00 44.00
47.00 52.00 0.00 5.00 195.04
31.00 10.00 0.00 2.00 122.11
57.00 10.00 1.00 5.00 104.77
2.00 55.00 1.00 3.00 77.84
39.00 53.00 1.00 5.00 75.12
56.00 50.00 1.00 2.00 75.27
2.00 54.00 0.00 4.00 167.28
38.00 58.00 0.00 2.00 109.19
11.00 54.00 0.00 1.00 84.28
53.00 47.00 0.00 1.00 180.13
56.00 20.00 0.00 2.00 79.67
57.00 54.00 0.00 5.00 61.62
51.00 31.00 0.00 3.00 143.51
37.00 17.00 1.00 3.00 82.78
55.00 53.00 1.00 1.00 101.78
54.00 57.00 0.00 1.00 192.54
54.00 45.00 0.00 5.00 54.60
37.00 26.00 0.00 3.00 108.86
51.00 59.00 0.00 5.00 195.96
0.00 31.00 0.00 2.00 101.60
52.00 57.00 0.00 2.00 92.88
37.00 47.00 0.00 4.00 104.72
56.00 29.00 1.00 1.00 168.33
2.00 52.00 1.00 1.00 130.94
16.00 5.00 1.00 3.00 81.11
53.00 4.00 0.00 4.00 136.97
16.00 35.00 0.00 2.00 68.28
51.00 57.00 1.00 4.00 120.65
39.00 55.00 1.00 1.00 193.18
44.00 53.00 0.00 5.00 31.15
16.00 3.00 0.00 2.00 141.85
25.00 51.00 1.00 4.00 189.57
12.00 26.00 1.00 2.00 132.93
36.00 53.00 1.00 5.00 83.59
55.00 52.00 1.00 2.00 154.54
25.00 53.00 0.00 1.00 119.62
52.00 11.00 1.00 5.00 121.54
0.00 46.00 1.00 3.00 92.04
57.00 39.00 1.00 2.00 48.08
59.00 53.00 0.00 4.00 117.68
59.00 22.00 0.00 2.00 157.31
25.00 56.00 0.00 4.00 143.18
56.00 52.00 0.00 5.00 169.82
55.00 34.00 1.00 2.00 185.92
20.00 13.00 1.00 5.00 140.37
11.00 38.00 1.00 3.00 31.06
51.00 55.00 0.00 5.00 40.63
53.00 27.00 0.00 5.00 54.01
16.00 57.00 1.00 1.00 153.08
57.00 53.00 1.00 1.00 63.03
27.00 21.00 0.00 1.00 165.92
50.00 55.00 0.00 4.00 132.35
24.00 56.00 0.00 2.00 185.30
49.00 51.00 0.00 1.00 90.25
33.00 32.00 1.00 5.00 177.30
22.00 27.00 0.00 5.00 38.45
53.00 3.00 0.00 2.00 75.80
55.00 14.00 1.00 4.00 32.01
47.00 54.00 1.00 4.00 81.71
22.00 29.00 0.00 3.00 79.97
56.00 53.00 1.00 1.00 156.84
53.00 58.00 1.00 5.00 54.36
28.00 53.00 1.00 4.00 45.93
52.00 55.00 0.00 3.00 147.49
50.00 48.00 1.00 1.00 81.17
26.00 56.00 0.00 2.00 171.60
8.00 58.00 0.00 1.00 123.98
50.00 10.00 0.00 5.00 86.98
3.00 57.00 1.00 5.00 169.24
41.00 7.00 0.00 5.00 48.34
50.00 5.00 1.00 1.00 172.70
51.00 41.00 1.00 4.00 35.74
49.00 13.00 0.00 5.00 122.45
55.00 25.00 1.00 2.00 179.84
53.00 58.00 0.00 3.00 35.94
