32.00 44.00 1.00 5.00 150.83
18.00 12.00 0.00 1.00 30.40
17.00 34.00 1.00 4.00 128.66
8.00 59.00 0.00 2.00 186.18
2.00 44.00 1.00 5.00 124.70
1.00 51.00 0.00 2.00 173.18
30.00 18.00 0.00 4.00 119.43
33.00 57.00 0.00 4.00 107.85
56.00 52.00 0.00 5.00 42.15
50.00 40.00 0.00 2.00 74.98
54.00 56.00 1.00 3.00 90.16
51.00 58.00 0.00 1.00 174.45
55.00 54.00 0.00 4.00 80.74
37.00 57.00 1.00 1.00 162.00
52.00 35.00 0.00 4.00 135.09
50.00 56.00 1.00 4.00 159.94
59.00 50.00 1.00 3.00 107.95
59.00 6.00 0.00 1.00 100.36
17.00 33.00 0.00 5.00 167.52
17.00 56.00 1.00 5.00 109.72
33.00 50.00 0.00 5.00 140.90
54.00 58.00 1.00 4.00 116.08
57.00 14.00 0.00 5.00 159.02
58.00 22.00 0.00 1.00 149.37
42.00 38.00 0.00 4.00 32.94
21.00 58.00 0.00 2.00 75.41
59.00 38.00 1.00 1.00 45.28
15.00 52.00 1.00 3.00 66.48
35.00 18.00 0.00 4.00 108.39
54.00 42.00 0.00 5.00 36.18
57.00 51.00 0.00 4.00 84.96
43.00 30.00 1.00 3.00 199.46
59.00 50.00 1.00 3.00 57.38
53.00 37.00 1.00 2.00 191.70
38.00 57.00 1.00 1.00 92.20
59.00 52.00 0.00 2.00 141.20
59.00 22.00 0.00 4.00 100.45
55.00 52.00 0.00 5.00 161.99
57.00 51.00 0.00 5.00 171.58
58.00 30.00 1.00 5.00 84.39
51.00 58.00 0.00 4.00 88.89
47.00 26.00 1.00 5.00 138.09
52.00 58.00 1.00 5.00 64.20
54.00 58.00 0.00 4.00 71.27
52.00 55.00 1.00 3.00 85.22
59.00 54.00 1.00 4.00 153.10
47.00 51.00 1.00 1.00 188.60
53.00 11.00 1.00 2.00 177.33
50.00 56.00 0.00 4.00 66.28
41.00 37.00 0.00 5.00 117.30
53.00 59.00 1.00 1.00 110.83
39.00 58.00 1.00 4.00 164.03
22.00 41.00 1.00 3.00 188.42
28.00 22.00 1.00 4.00 103.83
31.00 53.00 1.00 4.00 57.25
38.00 29.00 1.00 3.00 67.61
57.00 22.00 1.00 5.00 75.90
54.00 32.00 0.00 3.00 173.35
59.00 16.00 0.00 1.00 90.03
27.00 46.00 0.00 5.00 176.30
44.00 14.00 0.00 1.00 73.65
53.00 14.00 0.00 2.00 160.98
5.00 32.00 1.00 3.00 117.56
59.00 33.00 1.00 1.00 181.59
30.00 58.00 1.00 1.00 184.91
47.00 54.00 0.00 2.00 151.92
59.00 3.00 1.00 2.00 86.47
27.00 31.00 1.00 5.00 127.93
8.00 55.00 1.00 5.00 130.18
55.00 51.00 0.00 3.00 82.80
15.00 53.00 1.00 1.00 190.68
54.00 48.00 1.00 2.00 46.11
57.00 51.00 1.00 4.00 87.76
52.00 57.00 1.00 1.00 46.82
55.00 38.00 0.00 2.00 193.81
46.00 5.00 0.00 1.00 36.92
51.00 11.00 1.00 5.00 72.48
57.00 54.00 0.00 5.00 160.57
20.00 54.00 0.00 4.00 76.31
28.00 57.00 0.00 5.00 150.60
31.00 53.00 0.00 4.00 97.54
23.00 2.00 1.00 1.00 199.70
19.00 35.00 1.00 2.00 121.36
54.00 56.00 0.00 2.00 160.96
59.00 24.00 1.00 4.00 46.43
47.00 50.00 1.00 3.00 187.38
57.00 14.00 0.00 3.00 191.30
29.00 57.00 1.00 2.00 43.81
40.00 51.00 0.00 1.00 97.25
15.00 11.00 0.00 1.00 181.60
27.00 53.00 1.00 5.00 45.26
30.00 5.00 1.00 3.00 138.66
25.00 57.00 0.00 2.00 141.51
1.00 27.00 0.00 2.00 68.81
57.00 53.00 0.00 3.00 53.19
38.00 59.00 0.00 1.00 33.72
37.00 18.00 0.00 5.00 91.52
1.00 51.00 0.00 5.00 153.43
3.00 38.00 0.00 2.00 79.82
41.00 6.00 1.00 1.00 103.00
48.00 18.00 1.00 3.00 73.34
18.00 31.00 0.00 4.00 172.91
19.00 9.00 0.00 1.00 59.19
52.00 13.00 1.00 3.00 30.12
55.00 7.00 1.00 3.00 193.77
59.00 51.00 1.00 3.00 168.89
4.00 55.00 0.00 4.00 39.03
58.00 54.00 1.00 4.00 198.04
0.00 40.00 1.00 2.00 106.08
52.00 55.00 0.00 5.00 191.38
12.00 41.00 1.00 3.00 47.58
35.00 59.00 0.00 3.00 125.28
34.00 32.00 0.00 3.00 95.24
52.00 56.00 0.00 3.00 67.74
23.00 3.00 1.00 5.00 165.84
59.00 50.00 0.00 3.00 84.07
53.00 11.00 1.00 1.00 122.67
29.00 54.00 1.00 4.00 118.75
56.00 52.00 0.00 3.00 51.25
23.00 10.00 1.00 4.00 180.79
7.00 50.00 0.00 4.00 112.38
12.00 45.00 1.00 3.00 60.82
19.00 7.00 1.00 5.00 177.38
52.00 43.00 0.00 2.00 176.69
36.00 18.00 1.00 1.00 98.51
29.00 50.00 1.00 3.00 191.76
51.00 45.00 0.00 1.00 74.62
41.00 29.00 0.00 1.00 150.54
37.00 57.00 0.00 4.00 169.60
56.00 52.00 1.00 4.00 92.82
7.00 57.00 1.00 5.00 119.65
47.00 20.00 0.00 4.00 95.82
9.00 58.00 0.00 3.00 65.21
59.00 14.00 0.00 5.00 76.31
35.00 47.00 1.00 5.00 137.38
57.00 50.00 0.00 3.00 148.64
52.00 49.00 0.00 2.00 47.15
57.00 16.00 1.00 5.00 157.69
8.00 56.00 1.00 3.00 185.88
35.00 57.00 1.00 4.00 147.99
51.00 55.00 0.00 2.00 73.77
0.00 15.00 0.00 1.00 111.55
53.00 59.00 1.00 5.00 112.54
35.00 20.00 0.00 4.00 113.05
37.00 41.00 0.00 3.00 134.45
59.00 6.00 1.00 2.00 72.15
52.00 58.00 0.00 5.00 181.65
54.00 57.00 1.00 3.00 178.11
5.00 53.00 1.00 4.00 131.40
53.00 57.00 0.00 3.00 51.54
50.00 28.00 1.00 3.00 68.23
35.00 47.00 1.00 3.00 49.75
34.00 49.00 0.00 2.00 136.25
58.00 45.00 1.00 2.00 105.65
14.00 53.00 0.00 3.00 52.67
19.00 56.00 1.00 2.00 184.13
51.00 45.00 1.00 5.00 76.84
27.00 56.00 0.00 3.00 192.27
45.00 53.00 1.00 2.00 140.18
38.00 56.00 1.00 1.00 190.41
22.00 42.00 1.00 2.00 189.46
39.00 23.00 0.00 4.00 35.82
54.00 30.00 1.00 3.00 142.48
51.00 29.00 0.00 2.00 91.87
53.00 57.00 1.00 1.00 109.49
51.00 57.00 1.00 4.00 135.39
51.00 41.00 0.00 5.00 66.70
58.00 53.00 0.00 1.00 46.90
58.00 9.00 1.00 3.00 111.26
9.00 52.00 1.00 1.00 110.58
25.00 58.00 1.00 3.00 188.23
25.00 51.00 1.00 5.00 53.51
54.00 56.00 0.00 1.00 60.62
51.00 57.00 0.00 5.00 37.09
57.00 26.00 0.00 5.00 105.55
35.00 58.00 1.00 3.00 57.89
1.00 50.00 0.00 2.00 112.30
55.00 35.00 1.00 3.00 181.68
0.00 41.00 0.00 4.00 88.72
50.00 58.00 1.00 1.00 62.98
6.00 54.00 0.00 3.00 38.62
20.00 58.00 1.00 3.00 76.02
56.00 52.00 0.00 2.00 38.73
16.00 28.00 0.00 3.00 84.01
53.00 5.00 0.00 2.00 160.59
4.00 32.00 0.00 2.00 140.29
28.00 51.00 0.00 4.00 77.74
52.00 15.00 0.00 3.00 191.08
55.00 54.00 0.00 1.00 92.30
28.00 55.00 1.00 4.00 54.19
51.00 25.00 0.00 1.00 97.81
57.00 22.00 0.00 3.00 89.46
50.00 9.00 0.00 3.00 119.55
55.00 6.00 1.00 2.00 182.47
58.00 32.00 1.00 4.00 181.33
34.00 55.00 1.00 1.00 108.11
54.00 55.00 0.00 4.00 101.39
52.00 58.00 1.00 4.00 40.59
51.00 57.00 0.00 2.00 60.14
53.00 9.00 1.00 2.00 102.93
