58.00 51.00 1.00 1.00 143.69
51.00 57.00 1.00 2.00 152.78
56.00 53.00 0.00 2.00 82.18
51.00 47.00 0.00 3.00 144.91
53.00 56.00 1.00 3.00 107.63
38.00 55.00 1.00 5.00 195.18
50.00 0.00 0.00 3.00 108.01
8.00 53.00 1.00 3.00 78.85
18.00 27.00 0.00 2.00 97.70
44.00 7.00 1.00 3.00 52.23
24.00 54.00 1.00 3.00 190.93
1.00 59.00 1.00 2.00 86.09
46.00 12.00 0.00 2.00 59.42
56.00 53.00 0.00 4.00 66.99
58.00 53.00 1.00 3.00 79.05
54.00 58.00 1.00 2.00 53.93
57.00 38.00 1.00 2.00 164.29
12.00 50.00 1.00 4.00 71.95
58.00 13.00 1.00 4.00 35.99
55.00 50.00 0.00 1.00 165.80
51.00 29.00 0.00 4.00 131.64
20.00 55.00 0.00 1.00 98.16
16.00 0.00 1.00 3.00 184.87
57.00 28.00 0.00 5.00 42.50
14.00 18.00 0.00 2.00 54.11
51.00 55.00 0.00 3.00 63.70
4.00 32.00 0.00 3.00 183.63
55.00 28.00 0.00 4.00 123.01
51.00 58.00 0.00 3.00 102.05
51.00 58.00 1.00 3.00 81.55
51.00 56.00 1.00 5.00 38.98
51.00 11.00 0.00 1.00 135.21
20.00 36.00 0.00 3.00 142.50
0.00 53.00 1.00 3.00 71.86
54.00 7.00 0.00 3.00 74.94
50.00 56.00 1.00 5.00 92.41
56.00 37.00 0.00 4.00 93.69
50.00 55.00 0.00 2.00 104.21
54.00 55.00 1.00 1.00 118.50
57.00 7.00 1.00 5.00 137.00
57.00 53.00 1.00 2.00 145.54
38.00 57.00 1.00 1.00 82.74
31.00 12.00 1.00 5.00 177.64
1.00 55.00 1.00 1.00 36.77
47.00 26.00 0.00 2.00 52.80
52.00 57.00 1.00 1.00 141.13
53.00 4.00 0.00 1.00 117.36
33.00 48.00 0.00 5.00 117.05
58.00 51.00 1.00 5.00 75.70
48.00 12.00 1.00 4.00 114.22
59.00 54.00 0.00 5.00 120.68
5.00 57.00 0.00 2.00 74.25
54.00 6.00 1.00 1.00 46.12
59.00 52.00 1.00 2.00 189.60
52.00 27.00 1.00 4.00 53.92
51.00 58.00 1.00 1.00 129.94
31.00 53.00 1.00 1.00 92.23
56.00 54.00 0.00 3.00 193.25
59.00 35.00 0.00 4.00 154.08
46.00 54.00 1.00 4.00 179.90
57.00 51.00 1.00 1.00 176.63
21.00 57.00 1.00 3.00 58.18
15.00 26.00 1.00 4.00 145.51
14.00 56.00 0.00 4.00 69.95
57.00 50.00 1.00 4.00 165.62
3.00 55.00 1.00 2.00 31.61
12.00 56.00 0.00 1.00 61.71
54.00 59.00 1.00 5.00 162.67
20.00 54.00 1.00 1.00 177.04
42.00 54.00 1.00 1.00 43.45
40.00 28.00 1.00 1.00 108.18
58.00 54.00 1.00 5.00 141.96
37.00 51.00 1.00 3.00 164.34
37.00 43.00 1.00 5.00 141.02
45.00 51.00 1.00 3.00 80.89
34.00 24.00 0.00 4.00 154.92
34.00 23.00 1.00 5.00 186.04
52.00 12.00 0.00 1.00 67.34
42.00 1.00 1.00 2.00 79.25
50.00 39.00 1.00 3.00 36.66
51.00 26.00 1.00 5.00 42.29
25.00 39.00 0.00 3.00 170.81
57.00 28.00 0.00 1.00 54.46
59.00 21.00 0.00 1.00 181.49
51.00 57.00 1.00 3.00 39.76
8.00 39.00 1.00 2.00 188.27
32.00 52.00 0.00 5.00 182.42
57.00 15.00 1.00 3.00 121.77
28.00 12.00 1.00 2.00 172.17
50.00 40.00 0.00 4.00 189.17
12.00 57.00 1.00 2.00 175.04
51.00 4.00 1.00 5.00 139.13
0.00 8.00 1.00 3.00 112.83
54.00 58.00 1.00 4.00 63.33
55.00 4.00 0.00 1.00 146.04
13.00 43.00 0.00 4.00 36.43
26.00 31.00 0.00 1.00 154.65
52.00 58.00 1.00 1.00 184.67
54.00 3.00 0.00 4.00 189.87
42.00 54.00 0.00 3.00 85.70
33.00 59.00 1.00 5.00 97.82
35.00 22.00 1.00 4.00 193.63
56.00 12.00 0.00 4.00 178.30
56.00 8.00 0.00 3.00 123.42
23.00 33.00 0.00 2.00 182.24
48.00 50.00 1.00 3.00 64.43
54.00 3.00 0.00 2.00 62.46
56.00 54.00 1.00 5.00 164.70
6.00 50.00 0.00 3.00 195.38
51.00 42.00 1.00 1.00 166.13
59.00 51.00 0.00 2.00 37.46
53.00 55.00 1.00 1.00 109.07
5.00 57.00 0.00 3.00 172.19
32.00 54.00 1.00 5.00 156.49
56.00 51.00 1.00 5.00 149.48
29.00 4.00 0.00 3.00 64.45
52.00 56.00 0.00 5.00 31.74
53.00 56.00 1.00 2.00 74.24
54.00 57.00 1.00 4.00 45.64
58.00 50.00 1.00 5.00 74.01
36.00 52.00 1.00 1.00 93.99
22.00 33.00 0.00 2.00 156.22
15.00 38.00 1.00 2.00 69.02
5.00 54.00 0.00 1.00 66.21
55.00 11.00 0.00 5.00 144.98
35.00 40.00 0.00 5.00 76.32
56.00 54.00 1.00 3.00 124.49
57.00 54.00 1.00 1.00 91.69
57.00 52.00 0.00 2.00 64.43
51.00 55.00 0.00 4.00 176.69
59.00 4.00 0.00 4.00 51.56
50.00 55.00 0.00 4.00 59.20
0.00 21.00 0.00 5.00 173.02
52.00 57.00 1.00 1.00 77.62
25.00 57.00 0.00 2.00 186.25
25.00 59.00 1.00 1.00 133.95
1.00 59.00 0.00 3.00 45.92
56.00 28.00 1.00 1.00 67.71
51.00 8.00 1.00 2.00 123.54
25.00 23.00 1.00 5.00 66.30
5.00 37.00 0.00 4.00 65.23
35.00 17.00 1.00 2.00 95.18
5.00 58.00 1.00 4.00 120.79
28.00 53.00 0.00 4.00 138.26
52.00 34.00 0.00 2.00 123.23
53.00 59.00 0.00 3.00 174.65
52.00 55.00 1.00 1.00 110.74
28.00 51.00 0.00 2.00 155.12
46.00 36.00 0.00 4.00 123.08
59.00 54.00 1.00 5.00 146.48
51.00 59.00 0.00 4.00 59.37
10.00 59.00 1.00 1.00 140.77
14.00 29.00 0.00 4.00 156.16
0.00 49.00 0.00 1.00 108.98
55.00 47.00 0.00 5.00 61.95
43.00 6.00 1.00 1.00 172.22
50.00 49.00 0.00 2.00 59.90
58.00 27.00 1.00 5.00 175.83
52.00 36.00 1.00 5.00 103.27
4.00 41.00 1.00 3.00 75.08
8.00 55.00 0.00 5.00 41.04
55.00 53.00 0.00 4.00 159.89
7.00 50.00 1.00 1.00 194.70
53.00 43.00 0.00 1.00 30.45
58.00 26.00 0.00 4.00 63.08
24.00 39.00 1.00 4.00 58.21
52.00 59.00 1.00 4.00 163.34
58.00 29.00 1.00 1.00 143.92
56.00 51.00 0.00 3.00 195.13
51.00 55.00 1.00 1.00 93.15
52.00 57.00 1.00 4.00 134.00
51.00 0.00 1.00 2.00 58.49
54.00 59.00 1.00 4.00 124.09
38.00 9.00 1.00 4.00 96.32
55.00 52.00 0.00 3.00 155.14
50.00 58.00 1.00 3.00 150.05
53.00 8.00 1.00 5.00 136.48
35.00 52.00 0.00 2.00 131.84
7.00 51.00 1.00 4.00 176.88
5.00 41.00 0.00 4.00 95.84
35.00 51.00 1.00 5.00 96.74
56.00 27.00 1.00 1.00 57.51
26.00 57.00 1.00 2.00 62.61
29.00 52.00 0.00 3.00 195.47
54.00 58.00 0.00 4.00 66.91
57.00 51.00 0.00 3.00 57.28
56.00 3.00 0.00 5.00 88.38
35.00 16.00 0.00 5.00 85.40
4.00 25.00 0.00 5.00 62.81
33.00 41.00 1.00 2.00 76.11
0.00 44.00 1.00 1.00 163.54
47.00 20.00 1.00 2.00 63.62
20.00 0.00 1.00 5.00 192.48
59.00 30.00 1.00 2.00 142.43
56.00 50.00 1.00 1.00 78.86
27.00 23.00 0.00 2.00 59.00
38.00 8.00 1.00 2.00 132.94
55.00 54.00 0.00 5.00 145.40
46.00 4.00 1.00 5.00 51.48
51.00 58.00 1.00 5.00 195.09
17.00 26.00 0.00 1.00 105.16
53.00 36.00 0.00 4.00 172.60
15.00 10.00 0.00 4.00 89.98
50.00 55.00 0.00 5.00 189.40
42.00 51.00 0.00 4.00 184.18
52.00 11.00 0.00 3.00 191.96
16.00 55.00 1.00 1.00 136.39
57.00 52.00 0.00 2.00 183.77
5.00 29.00 0.00 1.00 59.65
35.00 15.00 1.00 4.00 81.50
54.00 25.00 0.00 4.00 74.57
29.00 54.00 0.00 2.00 194.47
1.00 58.00 0.00 5.00 164.17
47.00 50.00 1.00 1.00 167.94
14.00 0.00 0.00 1.00 185.04
22.00 55.00 0.00 3.00 114.07
59.00 50.00 0.00 1.00 80.64
4.00 59.00 1.00 3.00 44.68
41.00 10.00 0.00 4.00 36.12
51.00 39.00 1.00 4.00 159.15
49.00 3.00 0.00 1.00 110.64
28.00 3.00 1.00 4.00 198.65
3.00 38.00 1.00 1.00 37.79
34.00 53.00 0.00 4.00 66.94
21.00 57.00 1.00 4.00 163.20
39.00 1.00 1.00 4.00 104.49
3.00 9.00 0.00 4.00 50.50
35.00 41.00 0.00 3.00 191.36
54.00 59.00 1.00 5.00 117.91
50.00 12.00 0.00 3.00 120.10
51.00 59.00 0.00 4.00 51.70
9.00 51.00 1.00 4.00 168.29
15.00 4.00 0.00 3.00 45.88
55.00 16.00 0.00 2.00 117.22
55.00 50.00 1.00 1.00 153.52
32.00 52.00 1.00 3.00 47.04
54.00 6.00 1.00 1.00 113.02
55.00 53.00 1.00 3.00 91.29
3.00 46.00 0.00 5.00 35.52
0.00 52.00 0.00 1.00 63.60
57.00 53.00 0.00 1.00 84.40
37.00 50.00 1.00 3.00 183.01
31.00 50.00 1.00 5.00 66.07
58.00 50.00 0.00 4.00 52.28
4.00 54.00 0.00 1.00 121.26
59.00 20.00 0.00 1.00 173.00
31.00 52.00 0.00 1.00 137.14
6.00 57.00 0.00 4.00 110.80
52.00 55.00 1.00 3.00 178.55
47.00 53.00 1.00 5.00 93.87
