46.00 10.00 1.00 5.00 124.53
50.00 57.00 0.00 4.00 199.24
53.00 58.00 1.00 3.00 191.44
55.00 52.00 1.00 2.00 199.27
59.00 31.00 1.00 2.00 153.59
19.00 4.00 1.00 1.00 50.83
55.00 53.00 1.00 4.00 69.12
53.00 48.00 1.00 5.00 162.37
56.00 27.00 0.00 2.00 50.61
55.00 54.00 1.00 1.00 136.14
36.00 54.00 1.00 1.00 67.69
43.00 24.00 0.00 4.00 36.07
9.00 26.00 1.00 3.00 188.27
56.00 54.00 0.00 1.00 168.32
58.00 52.00 1.00 5.00 66.19
57.00 28.00 0.00 1.00 148.33
22.00 31.00 1.00 5.00 71.05
19.00 39.00 1.00 5.00 45.92
4.00 56.00 0.00 5.00 186.00
39.00 58.00 0.00 4.00 164.16
17.00 55.00 1.00 5.00 91.02
27.00 55.00 1.00 3.00 167.63
50.00 57.00 1.00 1.00 168.59
50.00 57.00 0.00 2.00 85.51
13.00 59.00 0.00 2.00 79.31
6.00 54.00 0.00 3.00 154.20
53.00 10.00 1.00 1.00 43.54
38.00 54.00 1.00 2.00 82.86
34.00 48.00 1.00 1.00 90.19
52.00 55.00 0.00 3.00 130.59
51.00 46.00 0.00 1.00 155.63
58.00 33.00 1.00 2.00 62.34
4.00 57.00 1.00 3.00 84.70
40.00 8.00 0.00 1.00 72.44
13.00 52.00 1.00 5.00 38.09
53.00 42.00 0.00 2.00 178.64
18.00 56.00 1.00 4.00 92.33
32.00 54.00 0.00 2.00 72.08
53.00 35.00 1.00 3.00 141.81
50.00 59.00 0.00 4.00 73.16
53.00 12.00 0.00 5.00 51.97
36.00 59.00 0.00 5.00 112.43
58.00 53.00 0.00 2.00 76.19
26.00 52.00 1.00 3.00 137.93
25.00 26.00 0.00 5.00 100.17
31.00 50.00 1.00 1.00 120.05
54.00 37.00 0.00 3.00 144.68
50.00 57.00 1.00 1.00 73.16
40.00 28.00 0.00 4.00 67.16
27.00 53.00 0.00 2.00 170.09
51.00 58.00 0.00 1.00 147.03
10.00 54.00 1.00 1.00 54.24
13.00 51.00 0.00 1.00 97.42
58.00 18.00 0.00 2.00 75.89
2.00 20.00 0.00 1.00 159.03
37.00 5.00 0.00 1.00 78.19
54.00 14.00 0.00 4.00 42.33
50.00 32.00 1.00 2.00 106.93
44.00 51.00 1.00 3.00 166.95
47.00 5.00 1.00 2.00 179.34
26.00 50.00 1.00 1.00 72.33
37.00 55.00 1.00 1.00 156.68
0.00 52.00 1.00 4.00 51.51
18.00 56.00 1.00 1.00 107.40
59.00 0.00 0.00 3.00 102.66
5.00 59.00 0.00 4.00 190.03
11.00 59.00 1.00 2.00 120.18
53.00 8.00 0.00 5.00 106.45
57.00 50.00 1.00 4.00 117.78
33.00 43.00 1.00 5.00 74.83
25.00 54.00 1.00 1.00 74.13
51.00 26.00 1.00 3.00 145.62
59.00 35.00 1.00 2.00 32.02
31.00 22.00 0.00 4.00 96.89
51.00 11.00 1.00 5.00 173.16
55.00 3.00 0.00 2.00 132.54
13.00 44.00 1.00 4.00 181.74
58.00 10.00 1.00 2.00 132.90
10.00 52.00 0.00 5.00 84.37
52.00 55.00 0.00 1.00 119.99
51.00 56.00 1.00 5.00 89.04
12.00 49.00 1.00 2.00 50.92
25.00 59.00 0.00 5.00 179.86
58.00 37.00 0.00 5.00 181.09
46.00 33.00 1.00 3.00 74.12
4.00 17.00 1.00 5.00 179.98
56.00 21.00 1.00 3.00 117.94
53.00 59.00 1.00 2.00 155.86
33.00 55.00 0.00 1.00 164.66
53.00 57.00 0.00 4.00 99.14
51.00 8.00 0.00 3.00 96.95
58.00 14.00 1.00 2.00 188.84
56.00 17.00 1.00 3.00 65.97
54.00 57.00 1.00 2.00 196.68
3.00 51.00 1.00 2.00 131.30
37.00 50.00 1.00 1.00 108.40
55.00 52.00 1.00 5.00 111.41
55.00 54.00 0.00 3.00 166.49
57.00 54.00 1.00 3.00 92.62
52.00 42.00 0.00 2.00 140.05
58.00 34.00 0.00 5.00 134.43
52.00 59.00 1.00 1.00 165.48
9.00 42.00 1.00 2.00 166.99
11.00 45.00 0.00 1.00 78.93
48.00 10.00 1.00 1.00 125.83
14.00 29.00 1.00 5.00 73.89
25.00 57.00 0.00 4.00 51.31
42.00 52.00 0.00 4.00 158.89
14.00 58.00 1.00 4.00 33.22
23.00 39.00 0.00 1.00 134.57
27.00 51.00 1.00 1.00 142.62
19.00 55.00 1.00 1.00 199.64
17.00 8.00 0.00 1.00 121.98
52.00 27.00 1.00 1.00 114.51
57.00 25.00 0.00 2.00 105.52
55.00 52.00 1.00 3.00 72.99
54.00 1.00 1.00 4.00 71.70
59.00 52.00 1.00 3.00 121.07
53.00 35.00 1.00 2.00 152.82
44.00 54.00 0.00 3.00 146.49
53.00 57.00 1.00 5.00 36.57
52.00 37.00 1.00 3.00 56.12
51.00 56.00 0.00 5.00 60.11
25.00 4.00 0.00 3.00 150.50
57.00 50.00 1.00 4.00 57.35
0.00 56.00 0.00 1.00 170.87
17.00 58.00 0.00 1.00 138.29
18.00 57.00 1.00 4.00 189.24
20.00 32.00 1.00 1.00 156.76
56.00 12.00 0.00 4.00 167.99
54.00 24.00 0.00 3.00 193.70
50.00 55.00 1.00 1.00 137.69
52.00 56.00 0.00 4.00 121.92
0.00 50.00 0.00 5.00 89.95
52.00 59.00 0.00 1.00 97.75
34.00 41.00 1.00 2.00 174.63
13.00 49.00 0.00 2.00 169.16
56.00 53.00 1.00 5.00 82.50
54.00 47.00 1.00 4.00 90.00
16.00 53.00 1.00 2.00 52.16
58.00 53.00 0.00 2.00 33.86
23.00 55.00 0.00 2.00 129.71
17.00 29.00 0.00 1.00 187.58
9.00 3.00 0.00 1.00 87.76
0.00 56.00 0.00 3.00 60.92
15.00 39.00 1.00 5.00 93.30
45.00 54.00 0.00 2.00 100.06
56.00 8.00 1.00 4.00 35.08
58.00 53.00 0.00 3.00 53.52
52.00 26.00 0.00 3.00 184.31
57.00 22.00 0.00 4.00 47.55
57.00 26.00 1.00 5.00 129.87
53.00 56.00 1.00 2.00 151.15
14.00 3.00 0.00 5.00 135.48
59.00 20.00 1.00 3.00 129.65
55.00 35.00 0.00 3.00 177.68
1.00 19.00 0.00 5.00 130.97
31.00 59.00 0.00 1.00 71.87
57.00 0.00 1.00 1.00 76.82
43.00 0.00 1.00 2.00 190.39
6.00 51.00 1.00 4.00 131.21
13.00 54.00 0.00 1.00 87.11
0.00 31.00 1.00 5.00 193.98
53.00 24.00 1.00 5.00 43.76
59.00 53.00 0.00 4.00 60.28
53.00 55.00 0.00 3.00 119.07
36.00 54.00 0.00 1.00 47.28
56.00 9.00 0.00 4.00 99.19
29.00 58.00 0.00 3.00 30.52
54.00 16.00 1.00 3.00 42.39
6.00 52.00 0.00 3.00 48.71
37.00 43.00 1.00 4.00 176.72
51.00 44.00 1.00 5.00 129.01
48.00 12.00 1.00 4.00 110.75
56.00 50.00 1.00 5.00 198.32
52.00 40.00 1.00 4.00 156.23
17.00 36.00 0.00 5.00 174.15
47.00 54.00 1.00 4.00 145.00
59.00 54.00 0.00 3.00 126.40
38.00 30.00 1.00 1.00 191.85
24.00 58.00 1.00 2.00 151.95
57.00 36.00 0.00 5.00 103.85
52.00 58.00 0.00 2.00 184.64
59.00 54.00 1.00 4.00 117.28
51.00 59.00 1.00 2.00 57.39
7.00 54.00 1.00 1.00 119.56
47.00 3.00 0.00 2.00 103.76
54.00 37.00 1.00 1.00 54.31
17.00 56.00 0.00 3.00 87.88
8.00 42.00 1.00 1.00 75.98
19.00 25.00 0.00 3.00 107.75
56.00 52.00 1.00 4.00 105.66
50.00 29.00 1.00 5.00 175.33
58.00 53.00 0.00 1.00 128.19
53.00 57.00 0.00 4.00 188.36
50.00 57.00 1.00 1.00 152.36
31.00 58.00 1.00 2.00 68.42
20.00 58.00 1.00 2.00 136.11
2.00 54.00 1.00 2.00 145.95
51.00 10.00 0.00 3.00 85.96
58.00 20.00 1.00 1.00 180.81
54.00 59.00 0.00 4.00 118.26
3.00 44.00 0.00 1.00 68.09
52.00 9.00 1.00 1.00 114.46
27.00 58.00 0.00 5.00 144.81
53.00 56.00 1.00 1.00 158.71
52.00 4.00 0.00 3.00 159.08
38.00 50.00 1.00 1.00 83.25
7.00 57.00 1.00 4.00 120.28
35.00 51.00 1.00 1.00 190.19
33.00 54.00 0.00 1.00 144.64
50.00 55.00 1.00 4.00 143.82
6.00 52.00 1.00 2.00 80.49
52.00 48.00 1.00 4.00 195.33
50.00 56.00 0.00 3.00 102.12
27.00 3.00 0.00 5.00 171.61
56.00 51.00 0.00 2.00 108.58
45.00 26.00 1.00 3.00 179.32
58.00 52.00 1.00 4.00 192.11
0.00 54.00 0.00 4.00 55.41
23.00 26.00 0.00 3.00 99.14
54.00 55.00 1.00 3.00 166.79
53.00 42.00 1.00 1.00 164.31
53.00 58.00 1.00 5.00 108.49
28.00 57.00 0.00 3.00 40.53
50.00 44.00 1.00 2.00 178.48
6.00 57.00 1.00 5.00 197.81
53.00 55.00 1.00 1.00 99.31
47.00 25.00 0.00 3.00 97.20
6.00 59.00 1.00 5.00 65.33
8.00 39.00 1.00 5.00 44.25
55.00 50.00 1.00 4.00 184.32
56.00 51.00 0.00 5.00 78.72
14.00 33.00 0.00 1.00 75.95
52.00 59.00 0.00 4.00 35.02
8.00 0.00 1.00 1.00 112.23
59.00 54.00 1.00 4.00 64.10
42.00 35.00 0.00 2.00 58.48
51.00 59.00 1.00 2.00 179.22
12.00 50.00 1.00 5.00 117.60
34.00 54.00 0.00 3.00 56.17
50.00 46.00 0.00 3.00 79.99
54.00 55.00 0.00 4.00 47.38
27.00 51.00 0.00 3.00 135.31
27.00 58.00 0.00 1.00 108.98
50.00 1.00 1.00 2.00 44.29
14.00 56.00 0.00 4.00 196.46
50.00 0.00 1.00 5.00 116.96
50.00 56.00 0.00 5.00 90.65
39.00 54.00 0.00 2.00 93.24
56.00 52.00 0.00 5.00 30.54
50.00 39.00 0.00 2.00 183.85
9.00 51.00 0.00 2.00 190.45
59.00 52.00 0.00 3.00 67.93
56.00 50.00 1.00 1.00 31.87
56.00 51.00 0.00 5.00 135.02
15.00 0.00 1.00 5.00 149.43
54.00 35.00 0.00 1.00 46.64
52.00 55.00 1.00 4.00 158.73
42.00 10.00 1.00 3.00 31.19
50.00 2.00 1.00 3.00 184.37
37.00 43.00 0.00 1.00 154.09
31.00 52.00 1.00 3.00 49.65
35.00 18.00 0.00 2.00 50.40
32.00 54.00 0.00 5.00 86.24
52.00 55.00 0.00 4.00 137.20
28.00 59.00 1.00 1.00 42.83
22.00 41.00 0.00 1.00 189.10
23.00 59.00 0.00 3.00 122.40
14.00 39.00 0.00 2.00 44.94
41.00 29.00 0.00 4.00 108.03
33.00 54.00 1.00 5.00 59.22
59.00 54.00 0.00 4.00 182.17
51.00 57.00 1.00 5.00 181.05
54.00 1.00 0.00 2.00 181.74
45.00 11.00 0.00 2.00 150.28
46.00 12.00 1.00 1.00 194.65
50.00 57.00 1.00 2.00 154.25
42.00 51.00 1.00 3.00 42.08
47.00 34.00 0.00 2.00 84.86
55.00 54.00 1.00 3.00 127.22
59.00 50.00 1.00 3.00 136.96
28.00 50.00 1.00 3.00 187.79
58.00 52.00 1.00 4.00 37.27
59.00 39.00 0.00 3.00 192.73
58.00 51.00 0.00 1.00 187.92
52.00 59.00 1.00 1.00 193.50
59.00 37.00 1.00 3.00 121.23
51.00 55.00 0.00 3.00 148.29
39.00 54.00 1.00 4.00 183.11
19.00 3.00 1.00 4.00 141.00
43.00 5.00 1.00 3.00 143.81
46.00 33.00 0.00 4.00 80.99
24.00 55.00 0.00 5.00 126.33
10.00 53.00 1.00 4.00 44.58
18.00 49.00 1.00 2.00 121.30
1.00 47.00 1.00 2.00 42.64
51.00 39.00 1.00 1.00 187.33
12.00 51.00 0.00 5.00 75.38
50.00 58.00 1.00 4.00 128.55
