55.00 51.00 0.00 3.00 154.02
7.00 59.00 0.00 1.00 60.18
27.00 57.00 0.00 4.00 116.29
54.00 58.00 1.00 2.00 79.26
56.00 54.00 1.00 2.00 73.30
59.00 21.00 0.00 5.00 90.43
57.00 51.00 1.00 5.00 110.24
29.00 58.00 0.00 5.00 132.56
48.00 18.00 1.00 2.00 131.75
49.00 54.00 0.00 5.00 51.42
50.00 35.00 0.00 1.00 68.73
53.00 38.00 0.00 5.00 137.78
43.00 50.00 0.00 2.00 56.82
34.00 17.00 0.00 1.00 42.51
12.00 56.00 1.00 3.00 157.94
55.00 2.00 0.00 1.00 77.90
58.00 37.00 1.00 2.00 88.24
41.00 35.00 0.00 4.00 116.93
52.00 59.00 0.00 3.00 97.31
7.00 53.00 0.00 3.00 43.41
9.00 58.00 0.00 5.00 171.35
20.00 54.00 1.00 1.00 146.65
44.00 31.00 0.00 4.00 54.89
10.00 54.00 1.00 4.00 56.88
59.00 23.00 0.00 5.00 90.08
43.00 32.00 1.00 4.00 98.83
45.00 51.00 0.00 5.00 55.41
57.00 17.00 0.00 4.00 76.11
54.00 55.00 1.00 2.00 125.45
40.00 10.00 1.00 5.00 199.61
59.00 51.00 0.00 5.00 176.30
12.00 52.00 0.00 2.00 160.53
57.00 52.00 0.00 3.00 163.61
58.00 4.00 0.00 1.00 183.33
42.00 51.00 0.00 2.00 138.66
10.00 53.00 0.00 4.00 122.98
20.00 55.00 0.00 4.00 161.35
52.00 57.00 0.00 4.00 92.07
20.00 41.00 1.00 1.00 177.27
22.00 55.00 1.00 1.00 96.66
58.00 17.00 1.00 2.00 126.61
59.00 30.00 1.00 3.00 133.37
15.00 34.00 0.00 3.00 195.35
46.00 12.00 0.00 3.00 195.26
59.00 38.00 1.00 1.00 190.30
22.00 48.00 1.00 3.00 177.89
48.00 22.00 0.00 5.00 158.68
55.00 54.00 0.00 1.00 60.31
55.00 50.00 0.00 4.00 102.77
16.00 38.00 1.00 4.00 57.68
6.00 42.00 0.00 2.00 125.51
2.00 52.00 1.00 2.00 120.23
55.00 52.00 1.00 4.00 109.55
26.00 55.00 0.00 2.00 100.35
47.00 29.00 0.00 3.00 174.79
50.00 41.00 0.00 2.00 117.21
18.00 57.00 1.00 5.00 178.96
29.00 54.00 1.00 2.00 102.95
54.00 55.00 1.00 1.00 90.56
54.00 58.00 1.00 3.00 180.88
57.00 15.00 1.00 5.00 53.35
22.00 57.00 0.00 1.00 196.90
39.00 14.00 0.00 1.00 137.80
55.00 51.00 1.00 5.00 128.83
53.00 35.00 0.00 3.00 94.03
24.00 5.00 1.00 2.00 46.10
8.00 30.00 0.00 3.00 86.40
5.00 53.00 1.00 4.00 162.07
56.00 50.00 0.00 5.00 61.66
27.00 57.00 0.00 4.00 158.82
51.00 59.00 1.00 1.00 108.61
54.00 58.00 1.00 5.00 74.18
56.00 53.00 0.00 5.00 75.14
13.00 58.00 1.00 2.00 130.48
49.00 22.00 1.00 1.00 77.89
58.00 16.00 0.00 4.00 134.73
11.00 58.00 0.00 3.00 46.89
5.00 8.00 1.00 1.00 86.03
54.00 59.00 1.00 4.00 123.29
54.00 36.00 1.00 4.00 101.28
55.00 50.00 1.00 4.00 146.38
44.00 52.00 1.00 1.00 161.58
59.00 54.00 1.00 5.00 112.76
28.00 59.00 0.00 1.00 105.93
8.00 53.00 1.00 3.00 185.81
57.00 53.00 1.00 2.00 114.63
54.00 1.00 0.00 4.00 86.68
54.00 15.00 1.00 1.00 51.30
56.00 21.00 1.00 2.00 87.60
57.00 19.00 0.00 2.00 70.60
2.00 50.00 1.00 5.00 78.85
2.00 48.00 1.00 2.00 103.14
49.00 2.00 0.00 4.00 133.13
5.00 57.00 1.00 5.00 32.35
1.00 59.00 0.00 1.00 161.56
20.00 32.00 1.00 4.00 89.02
53.00 9.00 0.00 1.00 53.60
22.00 29.00 1.00 3.00 59.11
52.00 48.00 0.00 1.00 72.05
54.00 29.00 1.00 1.00 42.46
53.00 57.00 1.00 1.00 179.98
6.00 22.00 0.00 4.00 145.23
27.00 4.00 1.00 2.00 174.07
57.00 52.00 0.00 1.00 114.72
9.00 57.00 1.00 2.00 133.59
58.00 52.00 0.00 2.00 116.67
58.00 35.00 1.00 2.00 166.66
11.00 52.00 1.00 1.00 55.97
53.00 57.00 0.00 1.00 42.75
51.00 9.00 1.00 2.00 86.71
50.00 57.00 1.00 3.00 138.03
54.00 37.00 1.00 4.00 48.64
47.00 12.00 1.00 4.00 131.17
28.00 48.00 0.00 2.00 68.45
50.00 4.00 1.00 2.00 163.66
22.00 1.00 1.00 3.00 126.19
31.00 5.00 1.00 4.00 78.35
59.00 11.00 0.00 5.00 46.31
58.00 54.00 1.00 2.00 161.79
59.00 51.00 1.00 3.00 165.92
57.00 53.00 1.00 3.00 172.68
51.00 3.00 1.00 4.00 92.35
3.00 57.00 1.00 2.00 153.21
8.00 53.00 0.00 1.00 102.63
58.00 46.00 1.00 2.00 78.44
54.00 59.00 0.00 3.00 50.84
55.00 50.00 1.00 1.00 183.89
53.00 59.00 0.00 4.00 154.96
51.00 56.00 0.00 2.00 150.36
52.00 56.00 1.00 3.00 176.34
50.00 58.00 0.00 4.00 48.26
50.00 57.00 0.00 5.00 148.51
20.00 56.00 1.00 1.00 43.19
10.00 31.00 0.00 2.00 44.73
54.00 46.00 0.00 3.00 162.52
58.00 52.00 1.00 5.00 81.51
6.00 17.00 0.00 4.00 185.85
6.00 55.00 0.00 4.00 87.05
59.00 54.00 1.00 5.00 183.02
17.00 27.00 0.00 3.00 180.40
28.00 41.00 1.00 4.00 116.07
9.00 46.00 1.00 4.00 96.70
58.00 24.00 1.00 2.00 84.54
52.00 56.00 0.00 2.00 109.78
38.00 58.00 0.00 4.00 53.45
23.00 13.00 0.00 2.00 144.79
47.00 38.00 0.00 4.00 103.19
22.00 58.00 1.00 3.00 64.92
12.00 14.00 1.00 2.00 85.72
26.00 55.00 0.00 3.00 72.98
52.00 57.00 1.00 5.00 174.80
59.00 35.00 1.00 5.00 57.63
59.00 51.00 0.00 5.00 63.73
59.00 49.00 0.00 2.00 83.24
54.00 55.00 1.00 3.00 114.99
51.00 3.00 1.00 3.00 118.52
5.00 23.00 0.00 4.00 61.16
34.00 32.00 1.00 1.00 65.82
57.00 3.00 0.00 4.00 182.84
40.00 53.00 1.00 1.00 50.18
54.00 59.00 0.00 5.00 35.91
28.00 59.00 0.00 5.00 32.77
36.00 56.00 0.00 2.00 127.64
12.00 27.00 0.00 5.00 161.98
48.00 4.00 1.00 2.00 109.70
54.00 47.00 0.00 5.00 179.60
1.00 52.00 1.00 2.00 149.79
50.00 2.00 0.00 2.00 104.97
56.00 17.00 1.00 5.00 43.30
54.00 58.00 1.00 2.00 155.26
49.00 51.00 0.00 5.00 188.09
53.00 43.00 0.00 1.00 127.13
7.00 44.00 0.00 4.00 40.68
51.00 3.00 0.00 2.00 136.45
59.00 51.00 1.00 5.00 149.43
58.00 54.00 1.00 3.00 197.05
54.00 56.00 1.00 2.00 78.20
54.00 57.00 0.00 3.00 159.95
6.00 55.00 1.00 2.00 124.66
51.00 30.00 1.00 2.00 128.25
54.00 9.00 0.00 4.00 82.88
37.00 59.00 0.00 5.00 137.71
58.00 50.00 1.00 3.00 137.08
32.00 59.00 0.00 3.00 34.22
50.00 12.00 0.00 1.00 149.07
3.00 58.00 0.00 2.00 130.02
52.00 57.00 0.00 4.00 130.00
36.00 22.00 0.00 2.00 90.05
51.00 57.00 0.00 4.00 85.62
53.00 57.00 1.00 1.00 99.58
24.00 55.00 1.00 3.00 56.52
44.00 34.00 0.00 2.00 121.23
37.00 3.00 0.00 4.00 37.31
50.00 48.00 1.00 1.00 115.14
56.00 6.00 1.00 1.00 97.60
54.00 59.00 1.00 5.00 63.25
57.00 37.00 0.00 1.00 86.13
38.00 58.00 1.00 4.00 43.77
54.00 56.00 0.00 3.00 181.74
6.00 53.00 0.00 2.00 71.26
45.00 58.00 1.00 3.00 32.98
51.00 58.00 1.00 4.00 126.75
11.00 53.00 0.00 2.00 194.44
10.00 54.00 1.00 2.00 179.52
38.00 59.00 1.00 1.00 134.29
56.00 8.00 1.00 5.00 42.75
59.00 54.00 0.00 4.00 54.37
57.00 52.00 1.00 3.00 124.68
35.00 53.00 1.00 2.00 44.26
4.00 18.00 1.00 5.00 189.63
53.00 56.00 1.00 2.00 97.11
50.00 0.00 0.00 3.00 198.15
56.00 22.00 0.00 2.00 116.52
57.00 36.00 0.00 1.00 170.37
58.00 50.00 0.00 3.00 83.87
58.00 52.00 0.00 3.00 126.90
53.00 45.00 1.00 4.00 121.27
53.00 57.00 0.00 1.00 177.18
33.00 48.00 0.00 5.00 193.51
44.00 6.00 1.00 4.00 114.31
54.00 58.00 0.00 2.00 168.53
7.00 59.00 1.00 2.00 186.58
55.00 18.00 1.00 5.00 79.93
45.00 10.00 1.00 2.00 130.82
49.00 10.00 1.00 5.00 167.33
56.00 50.00 1.00 2.00 140.90
37.00 42.00 1.00 2.00 47.95
34.00 51.00 0.00 1.00 141.96
19.00 57.00 1.00 2.00 165.55
56.00 52.00 0.00 4.00 75.88
10.00 50.00 1.00 5.00 166.24
36.00 54.00 1.00 2.00 163.73
8.00 58.00 0.00 4.00 171.34
55.00 13.00 0.00 4.00 117.65
52.00 58.00 0.00 4.00 109.96
16.00 58.00 0.00 5.00 99.32
43.00 53.00 1.00 5.00 114.57
34.00 56.00 0.00 4.00 153.16
33.00 30.00 0.00 5.00 36.16
51.00 58.00 1.00 3.00 187.66
20.00 58.00 0.00 4.00 74.55
51.00 56.00 0.00 2.00 127.79
53.00 57.00 0.00 3.00 34.84
51.00 59.00 0.00 5.00 191.10
49.00 21.00 0.00 5.00 90.70
1.00 59.00 1.00 5.00 61.54
54.00 55.00 1.00 5.00 110.83
58.00 53.00 1.00 5.00 145.28
25.00 30.00 0.00 4.00 171.82
52.00 59.00 0.00 3.00 88.78
51.00 25.00 0.00 3.00 123.58
59.00 16.00 1.00 3.00 140.67
55.00 5.00 0.00 5.00 68.82
52.00 42.00 1.00 3.00 77.63
58.00 54.00 1.00 3.00 120.41
57.00 2.00 0.00 2.00 139.65
10.00 16.00 1.00 5.00 111.83
22.00 27.00 0.00 3.00 120.31
59.00 51.00 1.00 2.00 69.98
2.00 56.00 0.00 1.00 134.23
4.00 59.00 0.00 5.00 35.02
53.00 49.00 1.00 5.00 60.11
56.00 50.00 1.00 5.00 39.70
39.00 51.00 0.00 3.00 149.48
55.00 52.00 1.00 2.00 103.02
55.00 53.00 0.00 4.00 51.74
59.00 51.00 0.00 1.00 73.92
3.00 15.00 1.00 2.00 164.67
43.00 54.00 1.00 1.00 170.35
53.00 35.00 1.00 2.00 36.47
16.00 2.00 0.00 2.00 102.32
53.00 33.00 1.00 1.00 125.43
40.00 51.00 0.00 5.00 129.63
57.00 54.00 1.00 5.00 54.85
16.00 39.00 1.00 1.00 68.82
57.00 17.00 1.00 1.00 149.38
25.00 51.00 1.00 2.00 165.87
54.00 11.00 0.00 3.00 31.83
4.00 56.00 1.00 3.00 55.86
55.00 54.00 0.00 2.00 107.58
12.00 48.00 0.00 1.00 74.06
56.00 53.00 1.00 4.00 194.36
53.00 9.00 0.00 1.00 191.76
13.00 58.00 1.00 5.00 32.86
53.00 58.00 0.00 1.00 69.48
15.00 54.00 0.00 5.00 105.93
58.00 54.00 1.00 1.00 139.34
26.00 21.00 0.00 2.00 89.78
32.00 34.00 1.00 5.00 176.24
59.00 51.00 0.00 3.00 117.60
56.00 54.00 0.00 4.00 47.24
59.00 51.00 0.00 2.00 149.31
39.00 36.00 1.00 4.00 70.51
55.00 50.00 1.00 4.00 162.91
55.00 50.00 0.00 2.00 48.03
8.00 53.00 1.00 2.00 63.13
31.00 22.00 1.00 1.00 154.33
18.00 44.00 0.00 5.00 65.69
50.00 58.00 1.00 3.00 73.69
53.00 6.00 1.00 2.00 137.13
45.00 58.00 0.00 1.00 125.78
57.00 24.00 0.00 1.00 154.01
50.00 0.00 1.00 4.00 38.55
5.00 37.00 0.00 1.00 99.18
51.00 5.00 0.00 5.00 128.32
51.00 38.00 1.00 4.00 170.47
22.00 57.00 1.00 1.00 64.97
50.00 57.00 0.00 3.00 148.52
59.00 50.00 1.00 1.00 191.78
51.00 27.00 1.00 3.00 198.39
17.00 6.00 0.00 5.00 111.80
11.00 55.00 1.00 5.00 106.17
9.00 54.00 1.00 3.00 157.81
6.00 58.00 0.00 3.00 113.40
52.00 57.00 1.00 1.00 162.71
56.00 51.00 1.00 4.00 66.12
54.00 59.00 1.00 3.00 153.20
59.00 35.00 0.00 4.00 69.82
50.00 28.00 0.00 1.00 36.16
33.00 25.00 0.00 4.00 148.40
30.00 59.00 1.00 2.00 166.42
58.00 53.00 0.00 5.00 45.48
59.00 54.00 0.00 4.00 73.17
58.00 48.00 0.00 3.00 40.99
35.00 40.00 0.00 5.00 134.91
55.00 22.00 1.00 2.00 78.77
37.00 55.00 0.00 5.00 179.27
53.00 57.00 1.00 2.00 144.14
31.00 50.00 0.00 3.00 144.79
59.00 2.00 1.00 3.00 55.13
24.00 53.00 0.00 5.00 153.67
54.00 59.00 1.00 5.00 146.57
53.00 35.00 1.00 1.00 73.44
52.00 25.00 1.00 2.00 147.03
8.00 58.00 1.00 3.00 51.93
51.00 6.00 1.00 5.00 63.48
59.00 54.00 0.00 1.00 107.59
54.00 1.00 0.00 1.00 198.86
23.00 58.00 1.00 5.00 122.97
59.00 6.00 1.00 2.00 175.64
57.00 24.00 1.00 5.00 191.58
28.00 56.00 1.00 1.00 137.59
52.00 4.00 1.00 1.00 189.12
53.00 57.00 0.00 1.00 54.67
52.00 49.00 0.00 3.00 51.81
51.00 28.00 1.00 1.00 145.78
57.00 50.00 0.00 5.00 164.49
45.00 57.00 0.00 4.00 173.15
54.00 58.00 0.00 2.00 179.92
57.00 9.00 0.00 2.00 112.85
