8.00 47.00 0.00 5.00 42.86
18.00 55.00 1.00 4.00 49.51
51.00 4.00 1.00 2.00 55.30
58.00 20.00 1.00 4.00 137.05
55.00 36.00 1.00 3.00 109.91
33.00 55.00 0.00 2.00 97.33
12.00 56.00 0.00 5.00 190.64
38.00 46.00 0.00 2.00 133.76
59.00 50.00 0.00 4.00 184.92
51.00 58.00 0.00 2.00 153.09
59.00 54.00 1.00 1.00 106.73
8.00 58.00 1.00 3.00 191.95
37.00 43.00 0.00 3.00 158.19
50.00 57.00 1.00 2.00 120.13
57.00 53.00 1.00 3.00 163.82
22.00 7.00 0.00 2.00 72.49
37.00 58.00 0.00 3.00 91.11
58.00 50.00 0.00 1.00 46.21
9.00 42.00 1.00 1.00 38.39
51.00 39.00 1.00 5.00 37.73
54.00 20.00 0.00 2.00 57.97
24.00 53.00 0.00 3.00 93.87
59.00 50.00 0.00 4.00 58.69
1.00 41.00 0.00 2.00 67.05
56.00 27.00 1.00 3.00 117.67
10.00 54.00 0.00 5.00 104.96
8.00 58.00 1.00 1.00 179.42
5.00 29.00 1.00 2.00 144.53
22.00 49.00 1.00 1.00 33.21
53.00 42.00 0.00 4.00 65.00
59.00 34.00 0.00 4.00 150.23
45.00 34.00 1.00 3.00 120.14
1.00 52.00 0.00 4.00 108.51
53.00 3.00 1.00 3.00 157.00
7.00 58.00 1.00 4.00 168.12
31.00 0.00 1.00 3.00 73.22
12.00 51.00 0.00 1.00 37.13
6.00 21.00 0.00 4.00 67.82
55.00 52.00 0.00 3.00 186.93
59.00 51.00 1.00 2.00 197.31
25.00 53.00 1.00 1.00 181.24
3.00 52.00 1.00 4.00 67.34
56.00 24.00 1.00 3.00 154.04
33.00 51.00 1.00 3.00 135.26
52.00 56.00 0.00 1.00 81.25
58.00 50.00 0.00 4.00 166.17
50.00 59.00 0.00 2.00 186.06
56.00 1.00 0.00 2.00 41.95
48.00 53.00 0.00 4.00 148.74
18.00 41.00 0.00 2.00 93.17
56.00 52.00 1.00 4.00 62.33
27.00 52.00 1.00 3.00 32.46
53.00 58.00 1.00 1.00 63.01
54.00 10.00 0.00 3.00 68.56
54.00 57.00 1.00 5.00 77.74
35.00 17.00 0.00 4.00 65.50
10.00 38.00 1.00 5.00 150.31
44.00 18.00 0.00 2.00 120.95
59.00 52.00 0.00 3.00 163.03
14.00 54.00 1.00 1.00 62.12
53.00 57.00 0.00 1.00 57.13
27.00 8.00 0.00 1.00 79.12
59.00 28.00 1.00 5.00 41.91
16.00 55.00 1.00 1.00 130.93
46.00 53.00 1.00 3.00 82.52
48.00 27.00 1.00 3.00 184.63
11.00 46.00 1.00 4.00 92.69
12.00 58.00 0.00 5.00 32.55
58.00 9.00 1.00 3.00 177.89
36.00 54.00 1.00 5.00 133.82
11.00 55.00 1.00 2.00 43.28
57.00 51.00 1.00 3.00 78.55
18.00 24.00 1.00 2.00 194.57
32.00 51.00 1.00 1.00 56.14
44.00 50.00 1.00 4.00 149.29
8.00 30.00 1.00 4.00 64.31
59.00 52.00 0.00 2.00 137.20
56.00 50.00 1.00 4.00 197.43
31.00 50.00 0.00 2.00 88.39
58.00 0.00 0.00 4.00 146.49
54.00 16.00 0.00 2.00 194.64
52.00 43.00 0.00 1.00 35.00
15.00 56.00 1.00 2.00 195.04
48.00 1.00 0.00 1.00 51.08
54.00 24.00 1.00 4.00 54.73
59.00 53.00 0.00 3.00 158.03
57.00 30.00 0.00 1.00 152.73
6.00 50.00 0.00 5.00 125.38
48.00 4.00 1.00 1.00 60.77
53.00 56.00 0.00 5.00 66.89
57.00 50.00 0.00 1.00 115.42
36.00 46.00 1.00 1.00 80.54
1.00 29.00 0.00 3.00 48.39
42.00 24.00 0.00 1.00 94.12
35.00 50.00 0.00 1.00 180.18
46.00 34.00 0.00 1.00 156.00
32.00 59.00 0.00 5.00 106.56
45.00 57.00 1.00 4.00 88.23
0.00 57.00 1.00 1.00 159.44
59.00 30.00 1.00 3.00 162.76
52.00 9.00 1.00 1.00 183.88
34.00 48.00 0.00 2.00 57.15
58.00 52.00 1.00 1.00 98.17
57.00 51.00 1.00 2.00 143.71
51.00 11.00 0.00 2.00 70.08
36.00 4.00 1.00 2.00 40.89
50.00 55.00 0.00 1.00 126.37
16.00 39.00 0.00 1.00 148.12
50.00 44.00 0.00 5.00 134.10
24.00 40.00 0.00 4.00 113.77
51.00 56.00 0.00 4.00 65.15
43.00 37.00 1.00 3.00 169.02
24.00 38.00 0.00 5.00 169.67
53.00 56.00 0.00 3.00 114.64
50.00 59.00 1.00 2.00 165.41
13.00 51.00 1.00 4.00 131.26
49.00 11.00 0.00 4.00 134.19
27.00 22.00 1.00 2.00 90.42
52.00 59.00 0.00 3.00 81.95
59.00 52.00 1.00 3.00 123.21
54.00 25.00 1.00 4.00 192.64
57.00 37.00 1.00 1.00 138.03
20.00 57.00 0.00 4.00 72.95
35.00 53.00 0.00 5.00 199.97
50.00 55.00 0.00 1.00 193.76
49.00 53.00 1.00 4.00 64.82
46.00 50.00 0.00 1.00 116.82
55.00 51.00 0.00 2.00 137.49
41.00 51.00 1.00 4.00 102.71
23.00 41.00 1.00 5.00 43.27
52.00 56.00 0.00 5.00 125.22
57.00 52.00 0.00 5.00 136.75
28.00 3.00 1.00 4.00 122.29
54.00 35.00 1.00 2.00 47.12
1.00 17.00 1.00 3.00 89.49
57.00 52.00 1.00 4.00 46.96
55.00 50.00 1.00 1.00 37.54
33.00 56.00 1.00 4.00 77.08
57.00 18.00 1.00 4.00 198.23
54.00 1.00 0.00 3.00 50.62
24.00 55.00 0.00 1.00 185.45
8.00 52.00 0.00 1.00 112.05
57.00 18.00 0.00 4.00 163.99
52.00 43.00 1.00 1.00 195.43
57.00 6.00 1.00 2.00 176.58
55.00 18.00 0.00 4.00 64.26
57.00 23.00 1.00 4.00 37.97
10.00 16.00 0.00 4.00 69.08
58.00 45.00 0.00 2.00 115.74
58.00 53.00 0.00 4.00 66.69
35.00 59.00 0.00 5.00 162.51
52.00 49.00 1.00 4.00 99.10
56.00 51.00 1.00 4.00 97.27
55.00 51.00 1.00 2.00 167.08
31.00 51.00 1.00 4.00 53.55
37.00 47.00 0.00 5.00 167.22
53.00 55.00 1.00 1.00 113.13
57.00 50.00 0.00 3.00 104.19
30.00 47.00 0.00 4.00 79.97
59.00 29.00 0.00 1.00 87.59
13.00 19.00 1.00 3.00 187.12
23.00 59.00 0.00 4.00 128.21
43.00 6.00 1.00 1.00 100.29
16.00 59.00 0.00 1.00 64.50
50.00 45.00 0.00 2.00 90.58
56.00 37.00 0.00 2.00 152.40
59.00 52.00 1.00 3.00 171.03
58.00 29.00 0.00 5.00 37.21
51.00 47.00 1.00 1.00 122.97
10.00 54.00 0.00 5.00 159.72
58.00 54.00 0.00 1.00 197.75
2.00 22.00 1.00 1.00 165.16
12.00 52.00 0.00 5.00 105.62
58.00 3.00 0.00 1.00 78.44
58.00 22.00 0.00 5.00 82.98
59.00 51.00 0.00 4.00 98.53
59.00 20.00 1.00 4.00 191.33
6.00 21.00 1.00 1.00 178.73
39.00 55.00 1.00 2.00 153.41
8.00 56.00 0.00 4.00 176.91
27.00 56.00 0.00 2.00 70.19
44.00 50.00 1.00 4.00 107.82
3.00 57.00 0.00 5.00 87.02
51.00 57.00 1.00 4.00 103.95
29.00 14.00 1.00 2.00 71.96
53.00 40.00 0.00 5.00 44.47
44.00 50.00 0.00 5.00 56.72
55.00 54.00 1.00 4.00 39.95
3.00 17.00 0.00 3.00 51.52
51.00 55.00 0.00 1.00 184.24
40.00 54.00 0.00 5.00 57.50
43.00 53.00 1.00 3.00 91.21
27.00 18.00 1.00 4.00 146.12
50.00 17.00 0.00 1.00 100.18
34.00 56.00 1.00 2.00 192.53
7.00 55.00 1.00 2.00 30.15
21.00 56.00 0.00 5.00 58.26
42.00 24.00 0.00 2.00 95.25
23.00 56.00 1.00 4.00 99.58
35.00 42.00 1.00 1.00 165.33
55.00 34.00 1.00 3.00 123.07
36.00 43.00 1.00 2.00 76.22
5.00 31.00 0.00 4.00 79.89
46.00 38.00 1.00 2.00 146.93
10.00 56.00 1.00 1.00 114.22
52.00 39.00 1.00 4.00 53.77
44.00 53.00 0.00 3.00 121.30
52.00 49.00 0.00 3.00 105.34
51.00 34.00 0.00 5.00 161.29
57.00 21.00 0.00 2.00 125.58
0.00 46.00 0.00 4.00 87.39
55.00 36.00 0.00 3.00 155.31
11.00 54.00 0.00 5.00 62.71
25.00 28.00 0.00 5.00 167.73
53.00 57.00 0.00 2.00 128.10
34.00 52.00 0.00 5.00 123.81
51.00 9.00 0.00 4.00 60.74
52.00 33.00 1.00 3.00 46.33
58.00 54.00 1.00 2.00 57.69
40.00 6.00 0.00 3.00 129.31
59.00 7.00 0.00 4.00 191.41
17.00 57.00 1.00 3.00 55.30
35.00 57.00 0.00 3.00 113.80
50.00 10.00 0.00 1.00 84.12
59.00 29.00 1.00 2.00 103.65
51.00 56.00 0.00 4.00 100.82
53.00 57.00 1.00 3.00 182.38
14.00 52.00 1.00 3.00 105.24
51.00 14.00 1.00 4.00 164.86
58.00 54.00 0.00 4.00 120.81
1.00 50.00 0.00 2.00 35.15
28.00 50.00 0.00 3.00 107.89
50.00 57.00 1.00 2.00 138.11
12.00 19.00 1.00 4.00 133.40
52.00 42.00 0.00 4.00 33.24
55.00 36.00 1.00 2.00 149.98
53.00 55.00 1.00 3.00 95.39
52.00 56.00 0.00 5.00 41.02
55.00 24.00 1.00 2.00 187.24
45.00 5.00 0.00 1.00 165.44
59.00 50.00 1.00 5.00 189.06
51.00 57.00 0.00 1.00 185.70
0.00 43.00 1.00 3.00 172.71
57.00 54.00 1.00 3.00 147.36
31.00 13.00 0.00 5.00 78.03
2.00 43.00 1.00 2.00 39.99
15.00 57.00 1.00 5.00 194.57
57.00 1.00 1.00 2.00 126.49
32.00 8.00 0.00 2.00 182.85
21.00 7.00 0.00 4.00 73.80
18.00 37.00 0.00 1.00 194.32
27.00 56.00 1.00 3.00 65.36
12.00 47.00 1.00 2.00 181.63
49.00 38.00 0.00 1.00 170.93
52.00 40.00 0.00 1.00 196.39
6.00 56.00 1.00 3.00 128.93
51.00 59.00 1.00 3.00 181.82
54.00 58.00 0.00 3.00 176.76
56.00 17.00 1.00 5.00 136.93
12.00 53.00 1.00 4.00 133.03
24.00 57.00 1.00 1.00 70.30
54.00 14.00 1.00 5.00 86.62
51.00 36.00 1.00 5.00 145.63
57.00 9.00 0.00 5.00 146.54
36.00 50.00 1.00 2.00 109.40
57.00 35.00 1.00 1.00 83.94
20.00 49.00 0.00 2.00 100.42
34.00 59.00 1.00 5.00 188.11
59.00 0.00 0.00 3.00 184.21
5.00 54.00 0.00 5.00 139.46
55.00 53.00 0.00 2.00 99.19
58.00 5.00 1.00 1.00 175.68
14.00 51.00 0.00 3.00 44.75
30.00 25.00 1.00 5.00 88.88
5.00 29.00 1.00 3.00 110.47
25.00 4.00 0.00 1.00 65.38
58.00 35.00 0.00 1.00 80.67
58.00 20.00 0.00 5.00 60.17
42.00 22.00 0.00 1.00 134.19
58.00 51.00 1.00 1.00 171.30
32.00 4.00 1.00 4.00 72.06
52.00 56.00 1.00 2.00 43.59
58.00 54.00 1.00 4.00 139.34
30.00 25.00 0.00 2.00 73.75
36.00 21.00 1.00 5.00 161.29
55.00 9.00 0.00 4.00 86.14
45.00 54.00 0.00 4.00 146.28
52.00 5.00 0.00 1.00 123.59
29.00 46.00 0.00 5.00 174.29
57.00 10.00 1.00 2.00 83.66
53.00 59.00 0.00 1.00 107.63
9.00 57.00 0.00 4.00 190.79
57.00 4.00 0.00 2.00 87.06
53.00 41.00 1.00 3.00 175.82
36.00 54.00 1.00 4.00 165.91
17.00 57.00 0.00 3.00 188.10
58.00 46.00 0.00 1.00 123.85
22.00 57.00 1.00 4.00 188.82
51.00 32.00 1.00 1.00 116.37
53.00 44.00 0.00 3.00 70.52
56.00 54.00 0.00 3.00 47.02
26.00 10.00 0.00 1.00 116.85
16.00 7.00 1.00 3.00 153.03
10.00 51.00 0.00 1.00 171.35
47.00 54.00 0.00 3.00 134.45
52.00 56.00 1.00 5.00 75.95
52.00 38.00 0.00 3.00 199.92
28.00 47.00 1.00 5.00 147.01
51.00 27.00 0.00 5.00 125.55
53.00 36.00 1.00 2.00 35.88
52.00 7.00 0.00 1.00 47.58
47.00 34.00 0.00 3.00 177.37
57.00 51.00 1.00 3.00 168.07
50.00 13.00 0.00 5.00 182.28
52.00 55.00 0.00 2.00 56.35
16.00 5.00 0.00 2.00 147.72
39.00 55.00 0.00 2.00 109.72
18.00 10.00 0.00 5.00 40.25
14.00 39.00 0.00 2.00 148.61
0.00 58.00 0.00 3.00 171.11
59.00 9.00 1.00 5.00 69.39
29.00 56.00 1.00 5.00 183.84
55.00 20.00 0.00 5.00 118.36
47.00 24.00 0.00 1.00 89.20
13.00 16.00 0.00 5.00 72.12
52.00 55.00 0.00 1.00 46.73
11.00 56.00 1.00 4.00 59.14
58.00 7.00 1.00 3.00 87.97
52.00 0.00 1.00 2.00 127.02
58.00 50.00 1.00 5.00 107.77
3.00 52.00 1.00 3.00 96.14
35.00 46.00 0.00 2.00 110.20
51.00 56.00 0.00 3.00 102.14
24.00 26.00 0.00 4.00 121.66
29.00 51.00 0.00 5.00 75.52
58.00 22.00 0.00 3.00 108.70
55.00 17.00 0.00 5.00 184.60
19.00 31.00 1.00 4.00 121.15
30.00 23.00 0.00 3.00 168.55
43.00 26.00 1.00 3.00 159.15
59.00 33.00 1.00 4.00 174.94
58.00 5.00 1.00 4.00 49.45
10.00 43.00 1.00 2.00 145.19
58.00 38.00 1.00 5.00 152.87
39.00 53.00 0.00 5.00 70.56
58.00 53.00 1.00 5.00 73.92
36.00 51.00 0.00 3.00 95.91
51.00 31.00 1.00 4.00 153.59
9.00 55.00 1.00 2.00 56.11
0.00 51.00 1.00 5.00 157.05
24.00 55.00 1.00 3.00 160.59
40.00 36.00 1.00 2.00 176.97
53.00 58.00 0.00 3.00 168.11
54.00 36.00 1.00 2.00 105.13
51.00 57.00 0.00 1.00 105.80
54.00 6.00 0.00 4.00 54.90
17.00 1.00 1.00 5.00 184.96
49.00 26.00 1.00 5.00 65.13
38.00 45.00 0.00 4.00 117.45
52.00 59.00 0.00 5.00 121.11
51.00 10.00 0.00 3.00 177.62
20.00 26.00 0.00 5.00 142.07
57.00 9.00 0.00 4.00 77.42
32.00 50.00 0.00 5.00 116.00
54.00 40.00 1.00 5.00 114.28
56.00 5.00 0.00 2.00 33.40
30.00 8.00 1.00 5.00 175.55
59.00 35.00 1.00 4.00 132.66
56.00 28.00 0.00 4.00 197.39
24.00 53.00 0.00 4.00 197.87
54.00 31.00 1.00 2.00 136.39
52.00 38.00 1.00 5.00 127.10
18.00 57.00 1.00 5.00 114.65
48.00 39.00 0.00 1.00 116.20
0.00 56.00 0.00 3.00 182.95
56.00 33.00 0.00 5.00 96.31
51.00 58.00 1.00 3.00 84.28
33.00 58.00 1.00 4.00 86.46
57.00 39.00 0.00 5.00 60.20
9.00 52.00 0.00 5.00 121.74
3.00 53.00 0.00 1.00 108.31
24.00 56.00 1.00 1.00 164.70
17.00 9.00 1.00 1.00 141.15
59.00 21.00 0.00 5.00 97.73
50.00 32.00 1.00 2.00 166.19
47.00 51.00 1.00 4.00 138.61
13.00 56.00 0.00 1.00 198.31
31.00 21.00 0.00 1.00 129.85
59.00 24.00 0.00 4.00 162.63
56.00 52.00 0.00 4.00 163.48
29.00 52.00 1.00 1.00 53.76
4.00 27.00 0.00 1.00 79.64
39.00 51.00 1.00 3.00 144.88
9.00 52.00 0.00 5.00 132.05
56.00 24.00 0.00 1.00 167.66
56.00 51.00 0.00 4.00 94.99
53.00 57.00 1.00 4.00 88.10
53.00 56.00 0.00 2.00 89.37
36.00 56.00 1.00 2.00 48.75
54.00 58.00 0.00 1.00 30.50
