59.00 30.00 1.00 3.00 96.63
56.00 17.00 0.00 4.00 90.08
10.00 48.00 0.00 1.00 98.82
53.00 38.00 0.00 3.00 48.80
40.00 28.00 1.00 3.00 96.35
22.00 10.00 0.00 2.00 102.14
58.00 8.00 1.00 4.00 31.17
50.00 36.00 1.00 4.00 58.84
4.00 57.00 1.00 1.00 136.59
59.00 45.00 1.00 1.00 195.77
56.00 50.00 0.00 3.00 153.95
57.00 52.00 1.00 4.00 42.22
23.00 28.00 0.00 2.00 170.88
53.00 32.00 1.00 2.00 117.59
54.00 16.00 0.00 5.00 163.87
38.00 56.00 0.00 1.00 75.51
52.00 57.00 1.00 5.00 61.48
30.00 8.00 1.00 1.00 109.02
29.00 50.00 1.00 4.00 113.88
52.00 58.00 1.00 5.00 172.75
45.00 52.00 0.00 3.00 125.76
52.00 41.00 0.00 4.00 31.41
10.00 58.00 0.00 4.00 162.18
13.00 46.00 1.00 1.00 186.18
51.00 56.00 0.00 1.00 155.78
57.00 53.00 0.00 3.00 188.42
17.00 33.00 1.00 1.00 149.03
57.00 50.00 0.00 1.00 103.12
18.00 42.00 0.00 5.00 36.75
51.00 56.00 1.00 1.00 46.14
55.00 5.00 0.00 4.00 170.33
8.00 53.00 1.00 2.00 115.12
41.00 24.00 1.00 4.00 185.12
47.00 55.00 1.00 2.00 35.73
15.00 34.00 1.00 3.00 81.74
17.00 26.00 1.00 5.00 117.42
55.00 28.00 1.00 5.00 146.52
37.00 52.00 0.00 2.00 123.39
57.00 1.00 0.00 5.00 170.75
58.00 29.00 1.00 1.00 176.73
50.00 55.00 1.00 3.00 95.56
56.00 53.00 1.00 2.00 158.67
58.00 51.00 1.00 3.00 138.09
54.00 12.00 0.00 1.00 186.58
7.00 26.00 1.00 3.00 85.89
2.00 44.00 1.00 1.00 157.47
6.00 47.00 1.00 4.00 137.67
33.00 40.00 0.00 3.00 85.06
50.00 58.00 1.00 4.00 33.59
59.00 19.00 1.00 3.00 112.57
9.00 54.00 1.00 4.00 37.81
50.00 59.00 1.00 2.00 157.86
6.00 56.00 1.00 3.00 45.47
49.00 59.00 1.00 2.00 38.06
40.00 5.00 0.00 1.00 30.49
5.00 50.00 1.00 3.00 93.06
49.00 39.00 0.00 5.00 151.96
38.00 52.00 1.00 2.00 91.98
44.00 3.00 1.00 1.00 106.17
50.00 45.00 0.00 4.00 73.20
51.00 58.00 0.00 3.00 35.69
51.00 1.00 1.00 2.00 126.70
14.00 4.00 0.00 2.00 88.43
25.00 18.00 1.00 2.00 170.21
39.00 4.00 1.00 5.00 172.26
51.00 28.00 0.00 1.00 42.80
59.00 26.00 0.00 1.00 123.55
5.00 9.00 0.00 2.00 167.87
4.00 59.00 0.00 1.00 179.41
53.00 56.00 0.00 2.00 183.75
36.00 4.00 0.00 3.00 85.46
37.00 43.00 1.00 3.00 194.71
41.00 13.00 0.00 3.00 85.05
12.00 51.00 1.00 3.00 93.06
37.00 53.00 1.00 4.00 120.96
53.00 10.00 0.00 3.00 183.79
51.00 12.00 1.00 1.00 152.60
32.00 58.00 1.00 5.00 95.21
53.00 56.00 1.00 2.00 174.02
50.00 59.00 0.00 1.00 37.54
53.00 57.00 0.00 2.00 61.47
48.00 18.00 1.00 4.00 37.16
36.00 59.00 0.00 3.00 106.22
59.00 22.00 1.00 1.00 120.72
50.00 58.00 0.00 3.00 153.70
42.00 23.00 1.00 5.00 167.78
15.00 2.00 0.00 5.00 102.57
40.00 53.00 0.00 1.00 175.20
56.00 35.00 0.00 1.00 176.12
58.00 33.00 1.00 2.00 169.48
36.00 51.00 1.00 1.00 104.44
57.00 54.00 0.00 4.00 183.50
47.00 50.00 0.00 5.00 33.24
1.00 17.00 1.00 1.00 91.11
57.00 5.00 0.00 2.00 63.54
51.00 10.00 0.00 1.00 152.07
7.00 59.00 1.00 5.00 86.25
58.00 53.00 1.00 5.00 132.62
58.00 22.00 1.00 4.00 106.39
59.00 18.00 0.00 3.00 197.13
55.00 51.00 1.00 1.00 30.77
59.00 50.00 1.00 1.00 110.48
32.00 39.00 0.00 2.00 40.31
51.00 59.00 1.00 2.00 192.74
51.00 59.00 1.00 3.00 49.31
59.00 3.00 0.00 3.00 114.45
45.00 58.00 0.00 3.00 165.38
51.00 55.00 0.00 5.00 193.46
31.00 50.00 0.00 3.00 152.05
9.00 29.00 1.00 5.00 106.13
27.00 3.00 1.00 2.00 162.71
48.00 10.00 1.00 5.00 182.94
30.00 44.00 0.00 5.00 65.63
56.00 51.00 0.00 4.00 145.43
16.00 59.00 0.00 1.00 163.78
56.00 51.00 0.00 3.00 126.65
55.00 33.00 0.00 1.00 189.26
51.00 46.00 1.00 2.00 193.66
56.00 3.00 1.00 4.00 83.92
9.00 3.00 0.00 5.00 117.05
54.00 48.00 1.00 3.00 94.18
35.00 58.00 1.00 4.00 186.31
28.00 57.00 1.00 3.00 75.99
56.00 50.00 0.00 4.00 77.75
54.00 55.00 0.00 3.00 189.42
25.00 56.00 1.00 5.00 118.13
17.00 35.00 0.00 4.00 139.18
51.00 9.00 0.00 5.00 159.03
9.00 5.00 1.00 3.00 45.41
56.00 10.00 0.00 4.00 148.49
55.00 54.00 1.00 2.00 140.45
57.00 2.00 1.00 4.00 106.15
51.00 40.00 1.00 1.00 40.79
41.00 38.00 0.00 4.00 149.57
51.00 1.00 1.00 1.00 78.19
37.00 26.00 1.00 2.00 163.33
57.00 24.00 0.00 3.00 172.80
54.00 37.00 1.00 1.00 186.90
50.00 10.00 1.00 5.00 172.18
21.00 29.00 0.00 5.00 76.01
32.00 52.00 0.00 5.00 63.47
53.00 57.00 1.00 5.00 147.70
53.00 11.00 0.00 5.00 64.48
53.00 42.00 1.00 3.00 168.89
57.00 24.00 0.00 5.00 161.60
57.00 9.00 0.00 1.00 136.47
36.00 20.00 0.00 2.00 45.47
36.00 56.00 0.00 3.00 79.94
42.00 0.00 1.00 3.00 54.40
12.00 59.00 0.00 3.00 128.28
50.00 56.00 1.00 4.00 162.33
55.00 52.00 0.00 5.00 137.34
37.00 19.00 1.00 1.00 113.69
56.00 16.00 1.00 2.00 69.47
56.00 50.00 1.00 2.00 44.31
47.00 52.00 0.00 1.00 81.05
48.00 5.00 1.00 1.00 164.45
2.00 32.00 1.00 4.00 173.48
50.00 30.00 1.00 4.00 193.78
57.00 18.00 1.00 4.00 74.94
46.00 4.00 0.00 2.00 191.83
59.00 21.00 1.00 4.00 94.00
59.00 6.00 0.00 3.00 90.92
42.00 6.00 1.00 1.00 180.71
51.00 42.00 1.00 1.00 153.36
51.00 56.00 1.00 2.00 129.06
58.00 51.00 1.00 3.00 97.50
7.00 43.00 1.00 3.00 167.56
59.00 10.00 0.00 1.00 102.93
12.00 17.00 0.00 1.00 109.63
19.00 11.00 1.00 5.00 83.21
59.00 50.00 0.00 3.00 50.13
25.00 39.00 1.00 3.00 154.32
51.00 58.00 1.00 5.00 41.76
50.00 57.00 0.00 3.00 162.66
58.00 28.00 0.00 3.00 97.21
57.00 54.00 0.00 3.00 103.89
51.00 42.00 1.00 2.00 154.32
54.00 10.00 1.00 3.00 142.75
57.00 52.00 1.00 3.00 175.68
37.00 42.00 1.00 5.00 63.46
56.00 51.00 0.00 2.00 118.27
54.00 59.00 0.00 4.00 50.64
47.00 54.00 0.00 5.00 173.63
57.00 39.00 0.00 2.00 74.93
53.00 9.00 1.00 2.00 146.66
3.00 50.00 1.00 5.00 48.90
53.00 47.00 1.00 1.00 101.18
13.00 28.00 1.00 2.00 176.10
51.00 9.00 1.00 3.00 141.93
6.00 53.00 1.00 2.00 40.90
15.00 56.00 1.00 1.00 149.59
50.00 46.00 0.00 1.00 119.73
56.00 1.00 1.00 5.00 169.86
52.00 2.00 0.00 4.00 105.80
55.00 53.00 1.00 3.00 101.75
54.00 56.00 0.00 1.00 193.79
39.00 51.00 0.00 5.00 152.09
59.00 5.00 1.00 5.00 137.33
58.00 50.00 1.00 3.00 135.69
54.00 32.00 0.00 2.00 66.49
43.00 7.00 1.00 5.00 97.16
53.00 5.00 1.00 2.00 115.11
54.00 20.00 1.00 5.00 152.31
51.00 58.00 0.00 4.00 105.11
15.00 54.00 1.00 3.00 71.63
15.00 34.00 0.00 2.00 111.06
18.00 32.00 1.00 4.00 174.55
14.00 55.00 1.00 4.00 171.63
38.00 10.00 1.00 1.00 37.03
59.00 10.00 1.00 1.00 152.98
7.00 55.00 1.00 3.00 71.09
59.00 51.00 1.00 4.00 133.89
8.00 28.00 1.00 1.00 63.74
55.00 52.00 0.00 5.00 69.97
10.00 55.00 0.00 1.00 126.76
55.00 11.00 0.00 1.00 139.59
58.00 51.00 0.00 1.00 127.81
30.00 39.00 0.00 5.00 198.26
42.00 51.00 0.00 4.00 45.65
57.00 53.00 0.00 3.00 169.41
42.00 14.00 1.00 4.00 136.96
27.00 45.00 0.00 1.00 94.19
25.00 19.00 1.00 3.00 75.77
52.00 26.00 1.00 4.00 154.48
50.00 58.00 0.00 5.00 103.50
53.00 13.00 0.00 4.00 191.64
57.00 9.00 1.00 4.00 188.43
55.00 51.00 0.00 5.00 118.59
37.00 59.00 0.00 1.00 119.93
20.00 2.00 1.00 2.00 90.91
20.00 54.00 1.00 3.00 161.00
26.00 43.00 1.00 5.00 143.93
54.00 59.00 1.00 3.00 99.66
19.00 55.00 0.00 3.00 89.97
56.00 52.00 0.00 5.00 173.05
39.00 19.00 0.00 3.00 144.04
52.00 58.00 0.00 5.00 179.08
11.00 31.00 1.00 1.00 136.50
48.00 50.00 0.00 1.00 185.94
52.00 56.00 1.00 1.00 181.24
7.00 21.00 0.00 5.00 153.11
20.00 2.00 1.00 2.00 138.45
11.00 53.00 0.00 1.00 128.61
57.00 53.00 1.00 2.00 78.36
51.00 55.00 1.00 2.00 33.14
8.00 4.00 1.00 5.00 146.93
44.00 9.00 0.00 1.00 149.68
58.00 54.00 0.00 2.00 77.46
24.00 43.00 0.00 3.00 117.33
43.00 12.00 1.00 4.00 138.44
56.00 51.00 0.00 5.00 113.29
54.00 58.00 0.00 3.00 53.83
59.00 23.00 1.00 3.00 62.03
6.00 19.00 0.00 3.00 61.45
52.00 55.00 1.00 4.00 197.33
23.00 5.00 0.00 4.00 170.50
49.00 52.00 0.00 3.00 42.36
22.00 59.00 0.00 5.00 107.35
54.00 58.00 1.00 2.00 30.80
0.00 19.00 0.00 5.00 147.94
52.00 59.00 1.00 5.00 188.77
31.00 58.00 0.00 2.00 122.08
32.00 58.00 0.00 1.00 147.20
51.00 58.00 0.00 5.00 48.97
27.00 19.00 0.00 3.00 79.10
58.00 54.00 1.00 1.00 104.25
55.00 17.00 1.00 5.00 147.97
51.00 55.00 0.00 5.00 188.62
58.00 50.00 1.00 3.00 170.87
54.00 33.00 1.00 4.00 49.01
51.00 59.00 0.00 2.00 68.56
51.00 13.00 1.00 5.00 195.63
47.00 37.00 1.00 3.00 73.76
11.00 27.00 1.00 4.00 142.60
43.00 8.00 0.00 3.00 194.08
54.00 56.00 1.00 4.00 58.08
5.00 50.00 1.00 3.00 63.95
46.00 10.00 0.00 3.00 197.25
6.00 22.00 1.00 4.00 45.27
55.00 10.00 0.00 2.00 53.39
57.00 45.00 0.00 4.00 33.60
33.00 57.00 1.00 5.00 98.26
57.00 30.00 1.00 4.00 37.26
23.00 56.00 1.00 4.00 135.42
51.00 57.00 0.00 4.00 198.94
4.00 32.00 1.00 3.00 121.04
56.00 51.00 1.00 1.00 73.76
14.00 38.00 1.00 3.00 54.50
58.00 21.00 0.00 3.00 136.53
55.00 35.00 1.00 4.00 151.34
57.00 3.00 1.00 5.00 142.99
55.00 24.00 1.00 2.00 130.28
42.00 21.00 1.00 1.00 67.20
40.00 26.00 0.00 2.00 115.56
30.00 16.00 1.00 1.00 134.37
39.00 19.00 0.00 4.00 156.42
58.00 51.00 1.00 1.00 175.93
50.00 56.00 0.00 2.00 188.01
57.00 34.00 1.00 4.00 144.29
58.00 20.00 1.00 1.00 173.52
53.00 56.00 0.00 5.00 70.61
55.00 52.00 0.00 4.00 93.81
18.00 25.00 0.00 2.00 135.43
41.00 13.00 0.00 1.00 42.48
2.00 43.00 0.00 1.00 47.60
50.00 58.00 0.00 3.00 117.87
58.00 20.00 1.00 2.00 155.98
56.00 50.00 1.00 2.00 153.49
50.00 13.00 0.00 1.00 116.52
38.00 19.00 0.00 5.00 78.72
16.00 36.00 0.00 3.00 42.53
17.00 0.00 1.00 2.00 181.52
58.00 21.00 0.00 4.00 61.75
53.00 40.00 1.00 1.00 67.20
58.00 53.00 0.00 5.00 33.63
55.00 23.00 0.00 4.00 195.24
4.00 39.00 1.00 5.00 115.96
18.00 25.00 1.00 2.00 193.19
55.00 52.00 1.00 1.00 166.49
33.00 58.00 1.00 2.00 37.53
1.00 45.00 0.00 4.00 170.48
51.00 41.00 0.00 3.00 74.07
57.00 12.00 0.00 3.00 183.23
56.00 3.00 0.00 2.00 177.11
33.00 57.00 0.00 2.00 168.17
55.00 50.00 1.00 1.00 90.44
59.00 31.00 1.00 4.00 93.83
55.00 8.00 1.00 4.00 51.71
59.00 1.00 0.00 5.00 188.58
5.00 49.00 0.00 2.00 66.79
51.00 59.00 1.00 3.00 154.44
7.00 53.00 0.00 2.00 35.47
58.00 26.00 1.00 1.00 165.75
55.00 6.00 1.00 1.00 174.16
8.00 51.00 0.00 4.00 66.55
23.00 11.00 1.00 5.00 126.61
37.00 19.00 0.00 2.00 54.85
26.00 37.00 0.00 4.00 72.83
53.00 56.00 0.00 4.00 183.71
41.00 50.00 0.00 4.00 41.99
40.00 36.00 0.00 3.00 138.94
33.00 57.00 0.00 2.00 161.35
0.00 54.00 0.00 5.00 190.66
36.00 41.00 0.00 3.00 197.04
25.00 54.00 1.00 5.00 59.49
56.00 37.00 1.00 4.00 152.60
52.00 59.00 1.00 1.00 114.73
53.00 47.00 1.00 4.00 93.26
20.00 56.00 0.00 5.00 173.60
45.00 53.00 1.00 2.00 45.08
58.00 51.00 0.00 3.00 188.17
52.00 59.00 1.00 1.00 39.71
33.00 52.00 0.00 4.00 122.49
50.00 58.00 1.00 4.00 96.20
25.00 43.00 0.00 5.00 89.12
45.00 13.00 1.00 2.00 114.90
17.00 56.00 1.00 1.00 187.81
21.00 33.00 1.00 1.00 117.10
56.00 27.00 1.00 2.00 166.99
55.00 51.00 0.00 4.00 170.18
50.00 5.00 0.00 2.00 198.12
52.00 11.00 1.00 4.00 173.75
54.00 4.00 1.00 1.00 95.74
56.00 53.00 0.00 4.00 133.39
19.00 59.00 0.00 3.00 93.03
5.00 7.00 0.00 2.00 154.01
54.00 57.00 0.00 2.00 196.94
46.00 59.00 1.00 2.00 60.28
39.00 23.00 1.00 4.00 107.16
58.00 51.00 1.00 5.00 32.78
42.00 53.00 0.00 1.00 80.36
57.00 4.00 1.00 1.00 35.94
52.00 55.00 0.00 3.00 110.43
2.00 42.00 0.00 5.00 88.87
58.00 34.00 0.00 5.00 159.60
48.00 59.00 0.00 3.00 76.03
33.00 59.00 1.00 2.00 149.61
52.00 7.00 0.00 1.00 129.47
59.00 18.00 0.00 1.00 148.10
58.00 50.00 0.00 3.00 114.84
47.00 25.00 0.00 4.00 78.60
54.00 42.00 1.00 5.00 188.05
5.00 9.00 1.00 1.00 120.80
3.00 19.00 1.00 4.00 94.53
59.00 52.00 1.00 1.00 43.04
9.00 41.00 1.00 4.00 120.68
15.00 58.00 0.00 4.00 66.27
52.00 41.00 0.00 5.00 36.22
49.00 59.00 1.00 5.00 34.56
54.00 59.00 0.00 5.00 92.95
53.00 36.00 0.00 1.00 170.29
22.00 31.00 0.00 3.00 31.93
30.00 2.00 0.00 2.00 71.33
24.00 59.00 1.00 3.00 121.26
57.00 50.00 0.00 1.00 150.20
45.00 27.00 0.00 4.00 126.75
16.00 55.00 1.00 4.00 190.85
3.00 50.00 0.00 3.00 181.07
15.00 57.00 1.00 1.00 56.07
53.00 55.00 1.00 4.00 99.69
58.00 29.00 0.00 3.00 77.63
55.00 51.00 1.00 5.00 198.31
25.00 40.00 0.00 3.00 160.27
21.00 38.00 1.00 3.00 71.21
33.00 17.00 1.00 3.00 72.24
57.00 7.00 0.00 3.00 163.98
51.00 58.00 1.00 1.00 51.90
51.00 9.00 0.00 2.00 115.53
7.00 26.00 1.00 1.00 191.69
58.00 45.00 0.00 5.00 121.53
57.00 50.00 1.00 4.00 120.91
28.00 53.00 0.00 5.00 176.59
55.00 27.00 0.00 2.00 104.73
51.00 10.00 1.00 3.00 86.12
54.00 30.00 0.00 3.00 76.99
29.00 53.00 1.00 1.00 79.39
39.00 18.00 1.00 1.00 169.57
46.00 9.00 1.00 1.00 133.38
52.00 59.00 1.00 1.00 151.71
52.00 57.00 0.00 2.00 50.11
7.00 23.00 0.00 2.00 179.56
49.00 1.00 0.00 4.00 182.77
4.00 55.00 0.00 2.00 174.93
50.00 48.00 0.00 2.00 132.49
23.00 12.00 1.00 1.00 107.13
50.00 28.00 0.00 4.00 136.46
56.00 52.00 0.00 5.00 165.12
59.00 17.00 0.00 2.00 153.14
30.00 51.00 1.00 3.00 86.44
58.00 8.00 1.00 2.00 64.80
9.00 19.00 0.00 1.00 153.42
55.00 19.00 1.00 3.00 130.65
52.00 56.00 0.00 2.00 156.44
24.00 34.00 0.00 3.00 175.27
37.00 52.00 0.00 5.00 126.70
23.00 49.00 1.00 5.00 70.87
58.00 51.00 0.00 1.00 101.01
20.00 56.00 0.00 1.00 133.39
16.00 2.00 1.00 3.00 163.34
52.00 49.00 0.00 2.00 128.69
23.00 28.00 0.00 2.00 60.34
59.00 52.00 1.00 5.00 104.09
58.00 23.00 0.00 2.00 194.75
59.00 52.00 0.00 4.00 69.20
52.00 58.00 1.00 3.00 153.45
57.00 50.00 1.00 5.00 57.87
53.00 15.00 1.00 3.00 97.40
40.00 12.00 0.00 3.00 48.73
7.00 4.00 1.00 3.00 68.56
