39.00 55.00 1.00 5.00 188.80
55.00 50.00 0.00 4.00 179.26
24.00 5.00 0.00 5.00 66.12
30.00 59.00 1.00 2.00 139.24
15.00 52.00 1.00 2.00 124.98
17.00 57.00 1.00 4.00 116.84
51.00 2.00 1.00 4.00 176.20
43.00 53.00 1.00 1.00 36.01
53.00 59.00 0.00 5.00 141.34
30.00 15.00 0.00 5.00 75.04
7.00 58.00 0.00 1.00 87.63
55.00 33.00 1.00 4.00 73.15
33.00 10.00 1.00 4.00 94.64
58.00 53.00 0.00 4.00 121.28
58.00 19.00 1.00 5.00 35.46
54.00 57.00 1.00 2.00 137.09
59.00 32.00 0.00 5.00 166.24
54.00 5.00 1.00 4.00 139.70
58.00 53.00 0.00 2.00 113.27
22.00 12.00 0.00 4.00 195.46
0.00 19.00 1.00 4.00 122.93
59.00 19.00 0.00 4.00 97.69
55.00 53.00 0.00 1.00 41.72
58.00 53.00 0.00 3.00 34.52
50.00 59.00 0.00 3.00 73.39
13.00 23.00 1.00 5.00 144.94
58.00 53.00 0.00 2.00 192.00
59.00 51.00 1.00 1.00 109.41
12.00 38.00 1.00 5.00 167.91
36.00 51.00 0.00 5.00 138.86
57.00 26.00 1.00 3.00 160.10
59.00 50.00 1.00 3.00 35.49
58.00 50.00 1.00 2.00 123.65
53.00 58.00 1.00 3.00 197.52
53.00 2.00 1.00 1.00 45.11
55.00 50.00 0.00 1.00 129.20
51.00 35.00 0.00 5.00 142.04
31.00 50.00 0.00 2.00 132.34
55.00 53.00 0.00 1.00 36.39
5.00 24.00 1.00 3.00 193.81
35.00 50.00 1.00 3.00 131.00
57.00 53.00 1.00 2.00 94.47
31.00 1.00 0.00 4.00 131.17
50.00 57.00 1.00 1.00 171.45
2.00 46.00 0.00 2.00 91.41
4.00 53.00 1.00 4.00 41.58
54.00 55.00 1.00 4.00 86.45
59.00 51.00 1.00 4.00 118.65
54.00 56.00 0.00 4.00 188.52
20.00 55.00 0.00 4.00 183.42
54.00 28.00 0.00 1.00 122.32
41.00 11.00 0.00 4.00 40.11
29.00 51.00 0.00 5.00 47.82
54.00 6.00 1.00 3.00 125.41
59.00 34.00 0.00 5.00 181.92
14.00 42.00 1.00 3.00 141.35
14.00 34.00 1.00 1.00 109.38
30.00 53.00 1.00 3.00 50.64
51.00 57.00 1.00 5.00 198.90
54.00 56.00 1.00 5.00 101.51
53.00 58.00 0.00 1.00 51.25
58.00 30.00 0.00 2.00 108.86
52.00 58.00 1.00 4.00 148.05
57.00 4.00 1.00 2.00 158.24
1.00 59.00 0.00 4.00 157.77
59.00 51.00 0.00 4.00 84.66
7.00 53.00 0.00 3.00 110.97
51.00 27.00 1.00 4.00 148.67
51.00 55.00 0.00 2.00 75.74
12.00 44.00 1.00 3.00 64.53
11.00 31.00 1.00 1.00 101.37
11.00 41.00 1.00 1.00 113.11
56.00 16.00 0.00 1.00 90.32
59.00 19.00 1.00 2.00 34.95
53.00 0.00 0.00 4.00 139.94
7.00 55.00 0.00 3.00 181.19
59.00 52.00 0.00 2.00 111.43
52.00 58.00 0.00 3.00 198.78
58.00 0.00 0.00 1.00 48.62
25.00 0.00 1.00 3.00 165.99
24.00 26.00 0.00 3.00 127.58
37.00 21.00 0.00 5.00 32.17
55.00 20.00 0.00 5.00 179.37
56.00 51.00 1.00 3.00 88.34
59.00 14.00 1.00 4.00 83.49
40.00 54.00 0.00 4.00 66.64
54.00 56.00 1.00 2.00 74.72
29.00 16.00 0.00 5.00 63.24
51.00 33.00 0.00 3.00 166.55
53.00 42.00 0.00 2.00 46.34
2.00 49.00 0.00 2.00 107.84
6.00 21.00 1.00 4.00 176.73
51.00 40.00 0.00 3.00 57.81
50.00 10.00 0.00 5.00 97.59
34.00 14.00 1.00 4.00 177.56
54.00 26.00 1.00 3.00 82.78
56.00 54.00 1.00 2.00 133.29
53.00 36.00 1.00 3.00 41.66
58.00 10.00 1.00 5.00 124.87
1.00 57.00 1.00 4.00 173.89
28.00 50.00 1.00 1.00 191.46
58.00 54.00 1.00 5.00 98.57
54.00 58.00 1.00 2.00 35.79
27.00 55.00 1.00 3.00 171.95
55.00 50.00 1.00 2.00 113.65
26.00 53.00 1.00 2.00 83.11
50.00 59.00 1.00 3.00 188.08
39.00 58.00 1.00 5.00 168.13
59.00 53.00 0.00 3.00 68.58
54.00 58.00 1.00 5.00 186.96
2.00 58.00 1.00 1.00 190.81
30.00 46.00 1.00 4.00 187.48
55.00 51.00 0.00 5.00 153.13
58.00 0.00 1.00 1.00 40.19
47.00 53.00 0.00 4.00 112.36
32.00 53.00 0.00 3.00 86.71
20.00 54.00 1.00 2.00 86.64
57.00 11.00 0.00 4.00 70.78
16.00 33.00 1.00 5.00 114.88
54.00 33.00 1.00 1.00 108.49
5.00 7.00 1.00 4.00 82.49
55.00 53.00 1.00 5.00 120.67
57.00 8.00 1.00 1.00 135.21
46.00 52.00 0.00 1.00 163.04
0.00 44.00 0.00 5.00 191.45
6.00 26.00 1.00 5.00 47.92
43.00 52.00 0.00 3.00 165.64
26.00 55.00 1.00 2.00 123.46
51.00 35.00 0.00 1.00 173.71
53.00 58.00 0.00 2.00 122.81
48.00 54.00 0.00 4.00 53.33
8.00 56.00 1.00 1.00 159.98
59.00 13.00 0.00 5.00 186.91
46.00 5.00 0.00 1.00 46.49
29.00 5.00 1.00 1.00 147.09
24.00 57.00 0.00 3.00 75.77
11.00 54.00 0.00 3.00 46.33
8.00 58.00 1.00 2.00 78.28
10.00 19.00 0.00 5.00 61.36
56.00 54.00 1.00 2.00 61.41
52.00 3.00 0.00 1.00 190.29
7.00 59.00 0.00 5.00 81.56
24.00 41.00 1.00 4.00 173.39
4.00 59.00 0.00 3.00 48.97
35.00 23.00 0.00 1.00 109.56
51.00 13.00 0.00 1.00 60.59
11.00 44.00 0.00 1.00 194.86
51.00 46.00 1.00 4.00 196.13
55.00 0.00 1.00 4.00 45.84
36.00 3.00 0.00 2.00 188.64
59.00 50.00 0.00 4.00 118.51
2.00 45.00 1.00 5.00 39.11
10.00 46.00 0.00 3.00 119.62
9.00 51.00 1.00 4.00 175.51
50.00 39.00 0.00 1.00 117.18
54.00 55.00 0.00 2.00 102.69
0.00 56.00 0.00 5.00 48.20
24.00 40.00 0.00 1.00 67.55
59.00 53.00 1.00 3.00 161.69
54.00 56.00 0.00 5.00 182.29
50.00 58.00 1.00 3.00 93.07
55.00 50.00 1.00 3.00 112.45
51.00 1.00 0.00 5.00 157.48
58.00 54.00 0.00 5.00 142.41
58.00 54.00 1.00 4.00 164.57
3.00 17.00 1.00 1.00 56.54
15.00 11.00 1.00 3.00 77.90
36.00 58.00 0.00 4.00 120.36
56.00 50.00 0.00 5.00 43.05
4.00 52.00 1.00 4.00 91.62
58.00 19.00 0.00 4.00 164.74
57.00 51.00 1.00 5.00 53.24
30.00 58.00 0.00 4.00 168.58
57.00 52.00 1.00 1.00 77.09
52.00 3.00 1.00 3.00 72.72
51.00 9.00 0.00 4.00 188.69
11.00 53.00 1.00 5.00 195.36
59.00 23.00 1.00 5.00 155.73
9.00 30.00 0.00 5.00 180.02
58.00 33.00 0.00 2.00 98.42
58.00 51.00 1.00 2.00 146.52
29.00 52.00 0.00 2.00 116.69
12.00 48.00 1.00 2.00 154.94
51.00 55.00 1.00 4.00 31.58
59.00 22.00 0.00 4.00 115.59
56.00 12.00 1.00 3.00 32.27
57.00 51.00 1.00 4.00 72.53
33.00 50.00 1.00 4.00 68.42
13.00 18.00 0.00 5.00 108.99
57.00 2.00 0.00 2.00 102.29
50.00 56.00 1.00 2.00 55.97
59.00 7.00 1.00 4.00 94.36
29.00 18.00 1.00 5.00 94.57
18.00 55.00 0.00 5.00 55.12
52.00 56.00 0.00 4.00 42.68
54.00 55.00 0.00 1.00 91.41
42.00 34.00 0.00 5.00 140.38
56.00 37.00 1.00 3.00 59.45
58.00 35.00 0.00 2.00 153.98
6.00 44.00 0.00 1.00 98.53
44.00 50.00 0.00 3.00 44.11
4.00 22.00 1.00 1.00 140.48
55.00 51.00 1.00 1.00 150.53
9.00 54.00 0.00 4.00 73.76
14.00 59.00 0.00 3.00 41.91
31.00 58.00 0.00 3.00 71.31
22.00 3.00 0.00 4.00 92.20
58.00 2.00 0.00 2.00 111.85
7.00 59.00 1.00 2.00 174.64
58.00 53.00 0.00 4.00 164.79
29.00 58.00 1.00 5.00 199.40
51.00 56.00 1.00 1.00 97.71
59.00 52.00 0.00 2.00 59.31
50.00 29.00 0.00 1.00 110.20
54.00 36.00 1.00 1.00 92.93
46.00 58.00 0.00 3.00 58.57
48.00 53.00 1.00 1.00 198.85
7.00 58.00 0.00 1.00 154.30
5.00 54.00 0.00 5.00 124.34
56.00 0.00 0.00 4.00 130.28
56.00 24.00 1.00 2.00 82.96
22.00 32.00 1.00 1.00 170.77
59.00 53.00 1.00 1.00 164.48
57.00 18.00 0.00 2.00 186.78
56.00 9.00 1.00 2.00 59.79
56.00 54.00 0.00 1.00 65.53
55.00 51.00 0.00 1.00 190.09
55.00 8.00 1.00 2.00 190.58
2.00 50.00 0.00 3.00 67.38
40.00 28.00 1.00 4.00 111.03
19.00 38.00 1.00 2.00 187.33
56.00 52.00 0.00 5.00 129.54
22.00 27.00 1.00 5.00 42.12
50.00 56.00 1.00 5.00 55.76
55.00 51.00 1.00 5.00 47.88
58.00 53.00 0.00 3.00 190.93
38.00 58.00 0.00 2.00 103.73
51.00 55.00 0.00 4.00 49.10
1.00 40.00 1.00 2.00 164.61
57.00 15.00 0.00 2.00 103.23
53.00 55.00 1.00 5.00 43.84
59.00 4.00 0.00 1.00 188.41
50.00 59.00 1.00 3.00 98.35
19.00 28.00 0.00 1.00 149.86
34.00 57.00 1.00 4.00 85.97
53.00 35.00 0.00 4.00 117.26
55.00 51.00 0.00 5.00 158.46
51.00 59.00 0.00 3.00 54.12
52.00 55.00 0.00 4.00 107.97
17.00 56.00 1.00 5.00 33.53
0.00 55.00 1.00 3.00 156.32
12.00 46.00 1.00 2.00 54.25
0.00 55.00 1.00 1.00 189.32
27.00 51.00 1.00 1.00 80.85
52.00 55.00 1.00 3.00 186.96
57.00 17.00 1.00 5.00 192.88
40.00 6.00 0.00 2.00 166.97
22.00 56.00 1.00 4.00 108.40
55.00 50.00 1.00 2.00 73.88
54.00 11.00 1.00 5.00 72.68
23.00 57.00 1.00 4.00 183.10
48.00 54.00 1.00 5.00 45.45
34.00 54.00 1.00 2.00 123.94
39.00 7.00 0.00 3.00 145.17
50.00 29.00 0.00 5.00 150.04
55.00 53.00 1.00 1.00 102.30
53.00 58.00 1.00 5.00 196.14
0.00 52.00 1.00 3.00 113.45
18.00 59.00 0.00 2.00 90.33
52.00 57.00 1.00 2.00 73.02
34.00 57.00 0.00 3.00 133.88
50.00 55.00 1.00 3.00 74.64
55.00 21.00 0.00 3.00 130.64
39.00 41.00 0.00 5.00 74.58
24.00 42.00 1.00 3.00 152.72
6.00 39.00 0.00 1.00 96.74
2.00 51.00 1.00 3.00 160.58
52.00 15.00 0.00 5.00 45.00
33.00 46.00 0.00 4.00 78.64
57.00 52.00 1.00 3.00 81.27
57.00 51.00 1.00 2.00 134.73
43.00 53.00 0.00 4.00 111.07
22.00 55.00 1.00 1.00 116.17
53.00 32.00 0.00 1.00 130.48
51.00 59.00 1.00 3.00 96.20
55.00 9.00 0.00 5.00 114.31
31.00 5.00 1.00 5.00 66.95
53.00 58.00 0.00 2.00 110.55
58.00 13.00 1.00 1.00 130.64
53.00 16.00 1.00 4.00 195.22
55.00 39.00 0.00 2.00 106.43
35.00 17.00 0.00 4.00 197.66
26.00 57.00 1.00 4.00 111.16
54.00 6.00 1.00 2.00 102.56
25.00 29.00 0.00 2.00 113.95
59.00 20.00 1.00 4.00 83.50
19.00 1.00 0.00 5.00 122.48
3.00 21.00 0.00 2.00 70.43
29.00 12.00 1.00 3.00 157.89
50.00 58.00 1.00 4.00 175.71
53.00 34.00 1.00 2.00 64.83
50.00 56.00 0.00 4.00 126.02
28.00 25.00 0.00 4.00 142.67
52.00 45.00 0.00 1.00 64.73
25.00 47.00 1.00 1.00 196.46
6.00 21.00 1.00 5.00 179.96
49.00 3.00 0.00 4.00 199.18
59.00 54.00 0.00 2.00 134.77
41.00 21.00 0.00 1.00 46.87
28.00 44.00 1.00 4.00 193.92
59.00 36.00 0.00 3.00 49.16
24.00 58.00 1.00 1.00 184.48
39.00 49.00 0.00 5.00 147.83
42.00 53.00 1.00 4.00 195.15
52.00 43.00 1.00 3.00 170.12
13.00 59.00 1.00 1.00 112.38
57.00 53.00 1.00 1.00 56.18
52.00 55.00 0.00 3.00 69.15
53.00 55.00 1.00 3.00 94.31
34.00 58.00 0.00 4.00 116.55
30.00 10.00 1.00 3.00 146.38
42.00 50.00 0.00 1.00 48.54
57.00 27.00 1.00 5.00 53.53
54.00 44.00 1.00 4.00 31.08
50.00 34.00 0.00 3.00 169.85
29.00 59.00 1.00 2.00 195.48
59.00 10.00 0.00 5.00 138.70
0.00 58.00 0.00 4.00 68.30
53.00 57.00 1.00 4.00 160.21
5.00 58.00 1.00 1.00 174.31
2.00 52.00 0.00 2.00 80.26
54.00 59.00 1.00 1.00 148.54
12.00 59.00 1.00 5.00 96.04
56.00 23.00 0.00 4.00 167.89
21.00 58.00 0.00 2.00 127.97
34.00 55.00 1.00 4.00 86.99
55.00 25.00 0.00 4.00 46.77
51.00 58.00 0.00 3.00 93.28
56.00 54.00 0.00 4.00 166.15
3.00 18.00 1.00 1.00 67.47
59.00 36.00 0.00 5.00 116.45
50.00 37.00 0.00 4.00 148.51
51.00 27.00 0.00 1.00 184.38
53.00 45.00 1.00 2.00 32.82
32.00 2.00 1.00 2.00 103.34
4.00 59.00 1.00 2.00 57.22
51.00 58.00 0.00 2.00 184.94
4.00 53.00 1.00 5.00 141.79
37.00 23.00 1.00 3.00 99.39
53.00 57.00 0.00 5.00 178.43
54.00 39.00 1.00 5.00 52.26
47.00 1.00 0.00 3.00 174.10
35.00 56.00 1.00 2.00 142.37
50.00 41.00 0.00 4.00 111.77
52.00 3.00 0.00 4.00 40.33
44.00 4.00 1.00 5.00 31.33
51.00 55.00 1.00 1.00 160.80
58.00 14.00 0.00 3.00 101.90
16.00 55.00 1.00 5.00 34.65
19.00 56.00 0.00 1.00 185.38
54.00 12.00 0.00 1.00 67.00
1.00 55.00 1.00 5.00 193.52
50.00 9.00 0.00 2.00 103.81
23.00 38.00 0.00 5.00 104.19
50.00 57.00 1.00 3.00 110.14
50.00 57.00 1.00 1.00 174.49
57.00 23.00 1.00 5.00 195.45
25.00 4.00 0.00 2.00 101.10
51.00 11.00 1.00 1.00 155.94
51.00 12.00 0.00 5.00 77.36
40.00 51.00 0.00 3.00 186.91
17.00 3.00 1.00 2.00 112.54
45.00 26.00 1.00 1.00 169.78
4.00 51.00 0.00 2.00 126.26
14.00 56.00 1.00 3.00 47.17
24.00 41.00 1.00 5.00 99.38
54.00 14.00 0.00 5.00 128.05
2.00 50.00 1.00 1.00 77.60
23.00 59.00 1.00 3.00 96.33
18.00 10.00 0.00 1.00 106.62
46.00 58.00 0.00 4.00 38.22
55.00 51.00 1.00 4.00 45.38
23.00 59.00 0.00 3.00 183.30
59.00 51.00 0.00 3.00 151.31
59.00 54.00 1.00 2.00 117.14
41.00 26.00 1.00 2.00 150.80
29.00 8.00 0.00 5.00 147.99
25.00 53.00 0.00 3.00 151.34
56.00 24.00 0.00 2.00 114.39
59.00 12.00 1.00 5.00 141.70
36.00 19.00 0.00 3.00 42.23
14.00 1.00 0.00 4.00 55.80
52.00 40.00 0.00 4.00 47.43
56.00 52.00 1.00 5.00 48.73
57.00 54.00 0.00 3.00 88.04
56.00 53.00 1.00 4.00 186.95
51.00 55.00 1.00 5.00 142.02
5.00 52.00 1.00 4.00 39.35
46.00 39.00 0.00 5.00 87.02
8.00 32.00 1.00 3.00 58.12
32.00 34.00 0.00 5.00 151.42
7.00 51.00 0.00 3.00 161.50
59.00 30.00 0.00 4.00 112.14
4.00 48.00 0.00 3.00 77.22
5.00 21.00 1.00 3.00 189.65
56.00 24.00 1.00 3.00 114.04
18.00 58.00 0.00 4.00 126.22
54.00 13.00 1.00 3.00 175.57
54.00 57.00 1.00 3.00 44.10
52.00 55.00 1.00 3.00 75.40
4.00 55.00 1.00 2.00 85.83
36.00 55.00 1.00 4.00 121.46
52.00 12.00 1.00 3.00 54.71
13.00 55.00 0.00 2.00 128.20
33.00 55.00 1.00 4.00 121.94
51.00 30.00 1.00 1.00 105.44
38.00 42.00 1.00 1.00 126.96
12.00 50.00 0.00 4.00 77.35
52.00 37.00 0.00 3.00 182.15
51.00 59.00 0.00 4.00 77.73
54.00 59.00 1.00 4.00 72.45
55.00 12.00 0.00 1.00 152.33
56.00 54.00 1.00 2.00 110.04
52.00 29.00 1.00 3.00 142.78
54.00 59.00 1.00 5.00 33.47
16.00 54.00 0.00 3.00 94.93
53.00 2.00 1.00 4.00 155.75
3.00 38.00 0.00 1.00 178.01
27.00 2.00 0.00 3.00 94.04
49.00 6.00 0.00 3.00 64.82
55.00 52.00 1.00 3.00 127.03
29.00 21.00 0.00 1.00 189.56
50.00 1.00 1.00 1.00 137.83
2.00 55.00 1.00 4.00 197.90
55.00 21.00 1.00 1.00 135.22
38.00 16.00 1.00 1.00 90.37
56.00 33.00 1.00 2.00 110.05
56.00 17.00 1.00 2.00 129.79
57.00 51.00 0.00 2.00 185.58
50.00 57.00 1.00 1.00 89.22
16.00 53.00 1.00 2.00 58.58
9.00 59.00 1.00 3.00 34.53
4.00 50.00 0.00 5.00 82.41
29.00 57.00 1.00 3.00 39.38
10.00 52.00 0.00 2.00 142.93
51.00 38.00 1.00 5.00 54.95
51.00 36.00 0.00 4.00 80.05
54.00 58.00 1.00 5.00 160.70
54.00 55.00 1.00 5.00 167.63
51.00 59.00 1.00 4.00 133.95
10.00 55.00 0.00 5.00 100.01
22.00 10.00 0.00 3.00 121.34
57.00 54.00 0.00 3.00 125.66
56.00 15.00 0.00 3.00 122.61
51.00 40.00 1.00 1.00 113.92
6.00 54.00 1.00 4.00 89.45
52.00 31.00 1.00 2.00 188.75
29.00 43.00 0.00 4.00 96.21
5.00 55.00 0.00 4.00 194.82
58.00 4.00 1.00 4.00 61.19
37.00 57.00 1.00 1.00 90.60
29.00 59.00 0.00 1.00 127.38
20.00 4.00 0.00 1.00 51.47
29.00 56.00 1.00 3.00 83.33
50.00 55.00 0.00 5.00 114.77
53.00 9.00 1.00 3.00 167.49
52.00 30.00 0.00 2.00 110.17
9.00 54.00 0.00 5.00 173.02
18.00 41.00 0.00 1.00 67.53
56.00 51.00 0.00 5.00 68.30
4.00 55.00 1.00 5.00 84.53
14.00 55.00 0.00 2.00 37.02
8.00 19.00 1.00 3.00 89.17
50.00 31.00 1.00 5.00 195.67
15.00 34.00 1.00 4.00 98.70
29.00 58.00 0.00 3.00 94.25
57.00 18.00 0.00 4.00 144.63
22.00 37.00 1.00 2.00 143.62
13.00 31.00 0.00 1.00 145.40
38.00 55.00 0.00 1.00 155.70
42.00 53.00 0.00 5.00 40.09
6.00 55.00 1.00 2.00 191.15
57.00 7.00 0.00 3.00 159.53
50.00 56.00 1.00 5.00 53.14
54.00 59.00 0.00 2.00 101.89
53.00 8.00 1.00 3.00 103.22
56.00 17.00 0.00 5.00 174.38
3.00 22.00 1.00 4.00 133.82
40.00 12.00 0.00 3.00 98.18
9.00 29.00 0.00 2.00 169.33
58.00 50.00 1.00 2.00 179.90
45.00 51.00 1.00 3.00 123.39
51.00 55.00 0.00 1.00 78.40
5.00 56.00 0.00 3.00 161.08
55.00 54.00 1.00 1.00 102.63
59.00 32.00 1.00 2.00 195.79
57.00 13.00 1.00 2.00 62.85
37.00 26.00 0.00 5.00 105.52
58.00 52.00 1.00 5.00 59.13
56.00 37.00 1.00 2.00 63.55
