55.00 27.00 1.00 2.00 149.94
34.00 14.00 0.00 5.00 50.62
34.00 49.00 1.00 1.00 142.00
24.00 44.00 0.00 3.00 69.05
22.00 55.00 0.00 2.00 53.94
16.00 30.00 0.00 4.00 192.54
22.00 2.00 1.00 2.00 175.60
27.00 45.00 0.00 1.00 132.47
50.00 42.00 0.00 2.00 58.39
58.00 48.00 1.00 4.00 51.52
32.00 54.00 0.00 5.00 161.74
4.00 32.00 1.00 5.00 145.91
1.00 14.00 1.00 4.00 98.30
54.00 15.00 0.00 3.00 140.76
37.00 54.00 1.00 5.00 166.19
54.00 45.00 1.00 2.00 39.28
19.00 37.00 0.00 5.00 180.69
29.00 50.00 0.00 5.00 90.73
4.00 28.00 1.00 2.00 169.75
51.00 25.00 0.00 1.00 96.27
3.00 48.00 0.00 5.00 196.89
1.00 15.00 0.00 4.00 57.39
10.00 51.00 0.00 2.00 188.79
51.00 44.00 0.00 1.00 50.91
30.00 57.00 1.00 1.00 121.89
57.00 50.00 1.00 5.00 63.01
2.00 42.00 1.00 4.00 54.71
59.00 17.00 1.00 1.00 188.16
6.00 53.00 1.00 3.00 173.09
50.00 17.00 0.00 4.00 192.25
35.00 54.00 0.00 1.00 198.67
50.00 5.00 0.00 1.00 67.34
28.00 50.00 1.00 3.00 144.55
30.00 19.00 0.00 1.00 33.88
34.00 47.00 1.00 5.00 54.42
11.00 56.00 0.00 1.00 149.59
51.00 58.00 1.00 2.00 66.14
52.00 27.00 1.00 1.00 136.32
45.00 38.00 0.00 3.00 51.37
57.00 27.00 0.00 1.00 96.90
44.00 18.00 0.00 1.00 37.93
50.00 59.00 0.00 5.00 56.23
51.00 35.00 0.00 3.00 136.30
34.00 17.00 0.00 2.00 193.93
8.00 43.00 0.00 2.00 189.57
51.00 56.00 1.00 1.00 139.77
54.00 59.00 1.00 1.00 144.48
0.00 53.00 1.00 3.00 68.57
27.00 19.00 0.00 2.00 109.80
13.00 57.00 1.00 3.00 116.81
