19.00 38.00 0.00 2.00 130.14
40.00 13.00 1.00 1.00 188.71
7.00 50.00 1.00 1.00 50.36
53.00 0.00 1.00 2.00 77.54
51.00 35.00 0.00 5.00 73.81
26.00 53.00 1.00 2.00 168.39
41.00 10.00 0.00 4.00 36.66
52.00 59.00 1.00 3.00 130.99
57.00 9.00 1.00 2.00 103.54
22.00 49.00 0.00 4.00 176.71
58.00 51.00 1.00 2.00 187.62
1.00 32.00 1.00 1.00 130.60
53.00 44.00 0.00 2.00 63.18
22.00 57.00 0.00 1.00 182.11
59.00 52.00 0.00 4.00 120.20
50.00 27.00 1.00 5.00 82.66
33.00 56.00 1.00 2.00 148.35
55.00 18.00 1.00 4.00 68.51
59.00 51.00 0.00 4.00 195.52
25.00 40.00 1.00 1.00 199.64
34.00 55.00 1.00 2.00 148.33
54.00 33.00 0.00 3.00 177.70
29.00 3.00 1.00 1.00 63.67
35.00 23.00 1.00 2.00 78.51
51.00 44.00 1.00 1.00 110.10
12.00 50.00 1.00 4.00 105.43
59.00 50.00 1.00 4.00 53.65
10.00 52.00 1.00 4.00 66.54
42.00 9.00 0.00 2.00 48.29
52.00 43.00 1.00 3.00 64.20
56.00 51.00 0.00 4.00 61.67
9.00 56.00 0.00 3.00 128.42
15.00 58.00 1.00 3.00 89.33
33.00 51.00 1.00 1.00 185.67
56.00 6.00 0.00 4.00 161.58
55.00 37.00 0.00 4.00 192.81
57.00 53.00 1.00 2.00 90.22
8.00 5.00 1.00 4.00 186.97
33.00 55.00 1.00 2.00 185.29
14.00 12.00 1.00 4.00 102.56
18.00 27.00 0.00 3.00 195.28
57.00 53.00 0.00 5.00 190.17
19.00 6.00 0.00 5.00 124.46
53.00 59.00 0.00 1.00 123.60
36.00 51.00 0.00 2.00 49.49
51.00 58.00 1.00 1.00 53.31
54.00 58.00 1.00 2.00 76.12
57.00 17.00 1.00 4.00 46.80
56.00 19.00 0.00 4.00 167.13
52.00 1.00 0.00 3.00 78.22
51.00 36.00 1.00 2.00 136.08
6.00 21.00 1.00 1.00 75.06
28.00 56.00 1.00 5.00 119.11
55.00 51.00 1.00 2.00 47.25
55.00 18.00 0.00 4.00 194.50
54.00 56.00 1.00 1.00 49.83
53.00 59.00 0.00 2.00 93.89
3.00 40.00 0.00 3.00 62.06
37.00 44.00 0.00 2.00 38.28
40.00 39.00 0.00 5.00 114.23
14.00 57.00 0.00 5.00 66.41
56.00 52.00 1.00 3.00 107.57
38.00 56.00 1.00 1.00 118.01
59.00 13.00 1.00 2.00 75.85
27.00 1.00 1.00 5.00 188.32
6.00 58.00 1.00 4.00 97.96
58.00 52.00 0.00 1.00 74.75
57.00 7.00 1.00 5.00 147.58
18.00 7.00 1.00 3.00 188.42
16.00 39.00 0.00 4.00 171.77
39.00 7.00 1.00 5.00 63.61
37.00 50.00 1.00 2.00 174.96
10.00 18.00 0.00 5.00 137.68
35.00 52.00 1.00 4.00 123.61
28.00 18.00 0.00 1.00 53.67
50.00 58.00 0.00 2.00 120.69
13.00 30.00 0.00 5.00 171.47
57.00 54.00 0.00 2.00 93.40
5.00 22.00 0.00 2.00 171.14
43.00 53.00 0.00 3.00 110.95
53.00 59.00 0.00 3.00 33.06
13.00 51.00 1.00 2.00 188.65
59.00 30.00 0.00 1.00 63.31
1.00 52.00 0.00 2.00 113.69
53.00 58.00 1.00 4.00 37.69
53.00 55.00 1.00 3.00 54.63
53.00 25.00 0.00 3.00 82.66
54.00 42.00 0.00 1.00 191.28
40.00 50.00 0.00 3.00 78.88
55.00 54.00 0.00 5.00 67.25
50.00 12.00 0.00 4.00 109.21
41.00 54.00 1.00 4.00 70.91
58.00 53.00 0.00 5.00 66.36
15.00 35.00 0.00 1.00 191.17
52.00 55.00 0.00 4.00 141.67
51.00 56.00 0.00 5.00 153.08
8.00 17.00 1.00 5.00 70.68
52.00 5.00 0.00 2.00 175.28
57.00 54.00 1.00 2.00 169.21
40.00 24.00 0.00 5.00 101.26
27.00 51.00 1.00 4.00 142.85
56.00 50.00 1.00 5.00 98.86
9.00 51.00 0.00 2.00 154.41
40.00 1.00 1.00 1.00 146.86
53.00 24.00 1.00 1.00 111.07
51.00 56.00 1.00 1.00 186.28
42.00 10.00 0.00 4.00 157.13
59.00 38.00 1.00 2.00 125.29
47.00 53.00 1.00 1.00 66.91
27.00 56.00 0.00 1.00 54.20
14.00 59.00 0.00 5.00 50.49
44.00 5.00 1.00 3.00 185.53
18.00 2.00 1.00 2.00 40.50
22.00 7.00 0.00 3.00 163.74
54.00 8.00 0.00 1.00 164.70
37.00 53.00 0.00 3.00 147.51
33.00 44.00 1.00 4.00 31.81
1.00 57.00 1.00 1.00 86.11
52.00 58.00 1.00 3.00 42.14
31.00 10.00 0.00 1.00 182.41
38.00 59.00 1.00 4.00 149.63
11.00 56.00 0.00 3.00 137.91
56.00 51.00 0.00 5.00 174.33
58.00 45.00 0.00 5.00 143.03
57.00 52.00 1.00 3.00 33.34
54.00 59.00 1.00 4.00 146.63
59.00 52.00 0.00 3.00 129.56
6.00 50.00 0.00 4.00 166.16
37.00 21.00 1.00 1.00 164.66
16.00 58.00 1.00 4.00 122.26
58.00 51.00 0.00 5.00 174.34
53.00 57.00 1.00 2.00 190.16
55.00 54.00 1.00 3.00 137.55
29.00 9.00 0.00 1.00 52.06
44.00 21.00 0.00 3.00 47.66
53.00 27.00 0.00 5.00 59.93
12.00 18.00 1.00 4.00 41.20
42.00 5.00 0.00 3.00 103.32
34.00 50.00 1.00 2.00 34.22
59.00 50.00 1.00 2.00 45.95
59.00 54.00 0.00 2.00 193.78
22.00 43.00 1.00 1.00 185.80
16.00 57.00 0.00 4.00 122.17
53.00 56.00 1.00 5.00 40.48
4.00 39.00 0.00 1.00 113.81
6.00 55.00 0.00 1.00 148.23
56.00 53.00 0.00 3.00 120.30
51.00 34.00 0.00 1.00 99.25
53.00 55.00 0.00 5.00 153.83
55.00 0.00 0.00 1.00 181.11
52.00 33.00 1.00 5.00 112.50
51.00 12.00 1.00 2.00 122.39
51.00 39.00 0.00 4.00 133.43
50.00 57.00 1.00 2.00 139.19
22.00 56.00 1.00 3.00 57.89
52.00 59.00 0.00 5.00 143.99
55.00 54.00 0.00 3.00 55.15
20.00 57.00 0.00 3.00 138.75
54.00 56.00 1.00 4.00 52.50
42.00 29.00 1.00 4.00 146.44
24.00 58.00 1.00 2.00 157.51
42.00 29.00 0.00 1.00 134.47
39.00 59.00 1.00 2.00 52.11
4.00 57.00 0.00 1.00 38.67
56.00 15.00 1.00 3.00 135.48
13.00 18.00 1.00 1.00 132.32
54.00 55.00 1.00 3.00 171.38
32.00 50.00 1.00 4.00 36.53
33.00 51.00 0.00 5.00 167.23
59.00 1.00 1.00 4.00 58.65
53.00 12.00 0.00 5.00 55.95
58.00 50.00 1.00 1.00 84.77
58.00 50.00 1.00 4.00 194.54
57.00 16.00 1.00 3.00 116.58
48.00 20.00 1.00 1.00 100.64
50.00 36.00 1.00 2.00 69.30
55.00 53.00 0.00 5.00 92.49
20.00 56.00 0.00 1.00 180.96
54.00 15.00 1.00 3.00 52.53
10.00 19.00 0.00 1.00 173.71
52.00 55.00 1.00 1.00 183.90
53.00 2.00 0.00 4.00 51.42
55.00 50.00 1.00 4.00 77.24
51.00 56.00 0.00 1.00 118.94
44.00 53.00 1.00 3.00 41.12
52.00 25.00 1.00 5.00 100.97
58.00 51.00 1.00 2.00 128.29
6.00 39.00 1.00 1.00 54.39
58.00 31.00 1.00 3.00 128.68
38.00 52.00 0.00 3.00 60.60
51.00 30.00 1.00 3.00 150.35
24.00 42.00 0.00 3.00 193.54
53.00 6.00 1.00 3.00 50.70
37.00 26.00 1.00 1.00 60.48
33.00 16.00 1.00 2.00 156.80
19.00 28.00 0.00 4.00 146.26
4.00 29.00 0.00 2.00 112.37
15.00 56.00 0.00 4.00 129.74
56.00 54.00 0.00 3.00 199.49
58.00 53.00 1.00 4.00 183.85
58.00 8.00 0.00 1.00 86.33
8.00 52.00 1.00 1.00 153.47
20.00 56.00 0.00 5.00 100.63
58.00 51.00 0.00 3.00 188.79
44.00 8.00 0.00 3.00 141.34
30.00 50.00 1.00 5.00 101.40
32.00 51.00 0.00 1.00 120.82
44.00 27.00 0.00 3.00 151.28
57.00 14.00 1.00 5.00 193.53
0.00 18.00 0.00 3.00 97.29
1.00 56.00 0.00 2.00 102.18
21.00 42.00 1.00 4.00 157.15
20.00 33.00 1.00 3.00 37.30
55.00 54.00 1.00 5.00 156.88
51.00 55.00 0.00 1.00 199.37
27.00 53.00 0.00 2.00 102.85
51.00 57.00 0.00 4.00 147.31
59.00 52.00 1.00 2.00 67.51
53.00 30.00 0.00 5.00 181.98
55.00 53.00 0.00 2.00 154.84
55.00 52.00 1.00 5.00 107.59
40.00 10.00 0.00 2.00 186.41
33.00 57.00 1.00 1.00 51.41
47.00 29.00 1.00 2.00 98.51
42.00 25.00 0.00 5.00 84.14
54.00 6.00 0.00 2.00 123.65
13.00 28.00 1.00 4.00 79.69
52.00 46.00 1.00 2.00 198.47
12.00 42.00 1.00 5.00 159.11
59.00 50.00 1.00 5.00 181.81
36.00 20.00 0.00 5.00 177.55
57.00 53.00 1.00 3.00 72.45
54.00 39.00 1.00 1.00 164.52
50.00 56.00 1.00 5.00 115.27
52.00 59.00 0.00 3.00 113.28
55.00 3.00 1.00 3.00 195.29
58.00 36.00 0.00 1.00 79.55
28.00 55.00 0.00 4.00 61.30
31.00 27.00 1.00 1.00 105.90
42.00 39.00 0.00 3.00 153.42
25.00 55.00 0.00 3.00 62.62
52.00 57.00 1.00 5.00 190.48
52.00 55.00 0.00 1.00 43.87
50.00 36.00 1.00 2.00 159.90
59.00 53.00 0.00 4.00 73.21
3.00 29.00 0.00 4.00 56.26
1.00 21.00 1.00 5.00 54.80
52.00 34.00 1.00 2.00 157.75
59.00 53.00 0.00 3.00 160.08
51.00 58.00 1.00 5.00 186.34
58.00 54.00 1.00 5.00 88.58
17.00 28.00 1.00 1.00 198.74
27.00 54.00 0.00 2.00 102.81
12.00 58.00 0.00 5.00 186.15
16.00 58.00 0.00 1.00 79.84
57.00 4.00 1.00 4.00 49.07
44.00 50.00 1.00 5.00 37.84
30.00 12.00 1.00 3.00 53.46
50.00 57.00 1.00 3.00 190.05
57.00 13.00 0.00 4.00 134.05
52.00 57.00 1.00 5.00 152.27
47.00 0.00 1.00 1.00 111.39
51.00 48.00 0.00 2.00 123.94
56.00 53.00 1.00 3.00 163.92
54.00 4.00 0.00 4.00 127.55
59.00 50.00 1.00 5.00 39.82
20.00 59.00 1.00 1.00 151.07
41.00 10.00 0.00 4.00 179.25
22.00 0.00 1.00 2.00 72.62
58.00 53.00 0.00 1.00 158.31
13.00 16.00 0.00 3.00 167.76
50.00 59.00 0.00 4.00 48.72
54.00 12.00 0.00 1.00 142.71
59.00 53.00 0.00 3.00 71.44
21.00 13.00 1.00 1.00 126.03
57.00 54.00 1.00 5.00 177.67
52.00 55.00 0.00 4.00 187.73
11.00 52.00 0.00 5.00 55.12
25.00 23.00 1.00 5.00 193.60
52.00 59.00 0.00 2.00 131.77
51.00 55.00 0.00 4.00 163.90
59.00 52.00 1.00 4.00 199.05
51.00 12.00 0.00 5.00 143.14
4.00 23.00 0.00 1.00 61.30
53.00 38.00 1.00 5.00 78.65
27.00 9.00 0.00 1.00 41.87
9.00 46.00 0.00 2.00 103.51
4.00 55.00 0.00 2.00 156.53
54.00 7.00 0.00 3.00 124.34
50.00 58.00 0.00 5.00 31.83
59.00 52.00 1.00 5.00 195.59
59.00 17.00 1.00 3.00 195.72
54.00 28.00 0.00 5.00 196.31
50.00 0.00 0.00 3.00 162.83
58.00 54.00 0.00 1.00 140.30
46.00 34.00 1.00 3.00 162.04
45.00 54.00 1.00 4.00 134.80
26.00 12.00 0.00 5.00 72.33
49.00 35.00 0.00 3.00 129.25
57.00 51.00 0.00 1.00 169.04
19.00 56.00 1.00 3.00 134.98
59.00 45.00 0.00 3.00 119.13
57.00 51.00 0.00 1.00 175.40
55.00 53.00 0.00 3.00 115.66
57.00 17.00 1.00 1.00 36.33
36.00 40.00 1.00 3.00 68.77
38.00 11.00 0.00 3.00 147.08
58.00 51.00 1.00 3.00 64.17
7.00 26.00 0.00 4.00 47.94
58.00 53.00 0.00 3.00 107.15
51.00 7.00 0.00 4.00 36.91
55.00 52.00 1.00 4.00 153.82
51.00 36.00 1.00 5.00 73.00
44.00 1.00 1.00 5.00 190.00
24.00 58.00 1.00 5.00 155.65
51.00 55.00 0.00 1.00 31.05
32.00 24.00 0.00 1.00 97.31
53.00 58.00 1.00 3.00 100.05
0.00 51.00 1.00 1.00 181.36
55.00 36.00 0.00 3.00 139.00
55.00 53.00 1.00 4.00 179.56
36.00 55.00 0.00 4.00 143.70
58.00 5.00 1.00 5.00 104.71
52.00 37.00 0.00 5.00 78.17
36.00 59.00 0.00 5.00 88.85
54.00 55.00 1.00 4.00 138.55
35.00 52.00 1.00 1.00 151.96
19.00 56.00 0.00 2.00 66.68
59.00 8.00 0.00 3.00 197.72
54.00 59.00 1.00 5.00 125.73
51.00 57.00 0.00 5.00 112.60
56.00 51.00 1.00 4.00 67.83
59.00 18.00 0.00 2.00 199.04
55.00 52.00 1.00 1.00 155.76
57.00 6.00 0.00 5.00 84.30
25.00 39.00 1.00 2.00 169.81
43.00 29.00 0.00 3.00 89.85
52.00 46.00 1.00 4.00 31.79
58.00 18.00 1.00 3.00 79.73
58.00 51.00 1.00 4.00 95.88
53.00 41.00 0.00 5.00 71.28
10.00 50.00 1.00 1.00 118.14
51.00 59.00 0.00 3.00 108.99
53.00 35.00 0.00 3.00 88.25
59.00 54.00 1.00 5.00 131.96
58.00 51.00 1.00 1.00 123.67
53.00 49.00 1.00 2.00 98.82
28.00 8.00 1.00 2.00 62.55
57.00 50.00 0.00 4.00 180.29
49.00 8.00 1.00 3.00 145.81
1.00 58.00 0.00 2.00 195.08
56.00 39.00 1.00 1.00 164.86
59.00 27.00 0.00 4.00 123.90
48.00 26.00 1.00 3.00 140.68
52.00 30.00 1.00 2.00 95.94
39.00 51.00 1.00 1.00 118.60
52.00 55.00 1.00 3.00 166.04
55.00 11.00 1.00 5.00 95.87
35.00 45.00 1.00 3.00 99.93
50.00 34.00 1.00 1.00 33.58
29.00 56.00 1.00 2.00 194.01
59.00 53.00 0.00 5.00 84.28
5.00 20.00 0.00 4.00 81.88
36.00 54.00 0.00 5.00 153.19
50.00 56.00 0.00 4.00 68.63
56.00 52.00 1.00 1.00 81.92
9.00 46.00 0.00 5.00 189.15
0.00 30.00 1.00 2.00 105.17
13.00 54.00 0.00 4.00 44.22
15.00 29.00 1.00 2.00 74.88
51.00 2.00 1.00 3.00 186.48
43.00 34.00 1.00 2.00 157.60
48.00 58.00 0.00 3.00 70.05
51.00 58.00 1.00 3.00 66.82
36.00 22.00 0.00 5.00 196.24
57.00 53.00 0.00 2.00 110.10
56.00 50.00 1.00 2.00 68.05
57.00 22.00 1.00 4.00 43.41
59.00 52.00 0.00 5.00 102.28
56.00 54.00 0.00 2.00 75.15
41.00 53.00 0.00 4.00 39.80
6.00 23.00 1.00 5.00 145.66
58.00 19.00 1.00 2.00 167.82
52.00 58.00 1.00 2.00 102.22
15.00 57.00 1.00 3.00 36.38
12.00 42.00 1.00 2.00 119.19
6.00 55.00 0.00 4.00 98.79
56.00 5.00 0.00 3.00 177.59
57.00 52.00 0.00 3.00 112.57
52.00 31.00 1.00 4.00 110.17
3.00 15.00 0.00 1.00 53.98
49.00 0.00 0.00 2.00 95.49
56.00 10.00 0.00 4.00 52.44
50.00 55.00 0.00 3.00 135.34
50.00 26.00 1.00 4.00 138.69
38.00 51.00 1.00 4.00 74.88
0.00 22.00 0.00 1.00 161.51
36.00 57.00 1.00 2.00 73.28
53.00 29.00 0.00 5.00 174.04
59.00 18.00 0.00 3.00 164.23
56.00 19.00 0.00 5.00 109.41
3.00 46.00 1.00 3.00 181.82
23.00 30.00 0.00 4.00 76.89
4.00 23.00 1.00 3.00 59.83
56.00 21.00 0.00 3.00 183.67
47.00 51.00 0.00 5.00 144.13
52.00 59.00 1.00 3.00 178.71
54.00 57.00 1.00 5.00 52.59
15.00 53.00 1.00 4.00 93.95
57.00 54.00 1.00 1.00 45.88
55.00 19.00 1.00 4.00 185.99
51.00 9.00 0.00 2.00 152.99
21.00 55.00 0.00 3.00 125.50
55.00 36.00 0.00 5.00 49.96
50.00 58.00 1.00 2.00 93.95
53.00 13.00 1.00 2.00 51.60
53.00 40.00 0.00 5.00 53.17
1.00 56.00 0.00 5.00 182.95
54.00 40.00 1.00 1.00 142.81
11.00 58.00 1.00 1.00 170.93
54.00 43.00 0.00 4.00 42.23
55.00 27.00 0.00 5.00 142.96
25.00 57.00 1.00 2.00 101.42
59.00 45.00 0.00 2.00 159.74
39.00 58.00 0.00 4.00 97.59
39.00 58.00 0.00 2.00 157.73
12.00 58.00 1.00 2.00 77.56
52.00 55.00 0.00 4.00 114.28
55.00 19.00 1.00 2.00 184.41
57.00 17.00 1.00 4.00 190.25
51.00 58.00 0.00 5.00 126.37
2.00 51.00 1.00 1.00 101.75
58.00 51.00 0.00 3.00 165.31
20.00 29.00 0.00 4.00 145.22
17.00 0.00 1.00 4.00 74.03
53.00 58.00 1.00 4.00 183.43
55.00 54.00 1.00 5.00 169.65
29.00 21.00 1.00 5.00 70.02
38.00 52.00 0.00 2.00 170.38
17.00 1.00 1.00 3.00 168.21
13.00 56.00 0.00 4.00 78.08
50.00 41.00 0.00 3.00 35.67
8.00 4.00 1.00 4.00 181.29
6.00 47.00 1.00 2.00 197.97
57.00 51.00 0.00 2.00 99.80
56.00 52.00 1.00 3.00 143.95
58.00 36.00 0.00 3.00 143.21
33.00 51.00 0.00 1.00 152.78
43.00 25.00 1.00 5.00 143.41
39.00 45.00 0.00 4.00 195.88
48.00 0.00 0.00 5.00 193.14
50.00 59.00 0.00 3.00 35.51
53.00 57.00 1.00 3.00 58.96
54.00 56.00 1.00 1.00 150.01
56.00 14.00 1.00 4.00 34.14
29.00 50.00 0.00 4.00 153.00
52.00 47.00 0.00 2.00 188.05
56.00 52.00 0.00 1.00 128.09
55.00 51.00 1.00 3.00 81.06
3.00 58.00 0.00 3.00 39.53
56.00 11.00 0.00 1.00 93.83
32.00 10.00 0.00 2.00 69.02
3.00 45.00 1.00 3.00 52.34
54.00 55.00 0.00 5.00 151.89
57.00 54.00 0.00 3.00 99.89
3.00 52.00 1.00 5.00 127.12
34.00 17.00 0.00 2.00 158.33
17.00 4.00 1.00 1.00 33.30
52.00 27.00 0.00 3.00 198.77
39.00 56.00 1.00 3.00 62.17
23.00 48.00 0.00 3.00 141.67
32.00 33.00 1.00 4.00 134.18
34.00 52.00 1.00 4.00 139.05
55.00 51.00 0.00 4.00 62.14
52.00 29.00 1.00 4.00 161.02
57.00 52.00 0.00 4.00 172.63
58.00 6.00 0.00 2.00 185.28
49.00 21.00 1.00 2.00 145.94
30.00 53.00 1.00 4.00 63.83
31.00 33.00 1.00 4.00 151.86
50.00 17.00 1.00 5.00 163.27
51.00 55.00 0.00 2.00 79.48
39.00 45.00 1.00 2.00 97.34
31.00 53.00 1.00 5.00 119.76
15.00 53.00 0.00 3.00 91.16
54.00 57.00 1.00 3.00 98.18
7.00 41.00 1.00 2.00 56.17
57.00 14.00 1.00 4.00 104.46
11.00 19.00 0.00 3.00 199.66
13.00 18.00 0.00 2.00 32.97
2.00 22.00 0.00 2.00 48.76
44.00 0.00 1.00 5.00 100.44
56.00 13.00 0.00 3.00 82.57
59.00 51.00 0.00 5.00 103.78
58.00 53.00 1.00 1.00 51.34
48.00 20.00 0.00 2.00 66.06
4.00 53.00 0.00 1.00 53.29
51.00 14.00 1.00 3.00 118.45
57.00 52.00 1.00 5.00 72.91
56.00 27.00 1.00 3.00 131.01
14.00 1.00 0.00 5.00 35.84
54.00 56.00 0.00 3.00 180.99
59.00 53.00 0.00 5.00 54.70
57.00 24.00 0.00 2.00 77.57
47.00 8.00 1.00 2.00 108.63
36.00 51.00 0.00 2.00 180.64
32.00 44.00 1.00 4.00 33.12
51.00 48.00 1.00 4.00 54.79
58.00 54.00 1.00 5.00 112.59
35.00 56.00 1.00 3.00 84.23
26.00 3.00 1.00 1.00 195.12
41.00 50.00 0.00 3.00 94.14
42.00 51.00 0.00 1.00 135.62
50.00 56.00 0.00 1.00 139.72
48.00 28.00 1.00 1.00 118.83
54.00 55.00 1.00 3.00 185.50
17.00 57.00 0.00 1.00 92.71
27.00 52.00 1.00 2.00 78.57
57.00 54.00 1.00 3.00 81.24
59.00 54.00 1.00 2.00 35.87
58.00 17.00 1.00 1.00 122.92
42.00 7.00 0.00 3.00 186.43
57.00 9.00 1.00 5.00 44.70
50.00 58.00 1.00 5.00 31.82
50.00 59.00 0.00 4.00 36.48
34.00 54.00 0.00 1.00 123.99
31.00 43.00 0.00 4.00 127.09
1.00 39.00 1.00 4.00 148.05
47.00 53.00 1.00 2.00 66.75
49.00 5.00 1.00 1.00 57.51
52.00 5.00 0.00 1.00 83.23
53.00 2.00 0.00 5.00 171.01
59.00 12.00 1.00 2.00 92.94
40.00 1.00 1.00 1.00 169.84
54.00 14.00 1.00 2.00 58.13
54.00 13.00 0.00 2.00 48.23
3.00 28.00 0.00 3.00 38.18
34.00 50.00 0.00 1.00 156.16
49.00 8.00 0.00 5.00 98.74
51.00 49.00 0.00 4.00 184.38
53.00 40.00 1.00 5.00 62.13
10.00 52.00 1.00 1.00 181.89
50.00 58.00 0.00 3.00 73.09
9.00 58.00 0.00 3.00 176.09
51.00 56.00 1.00 4.00 73.46
52.00 30.00 0.00 4.00 137.31
24.00 5.00 1.00 5.00 119.69
22.00 36.00 0.00 3.00 134.84
54.00 57.00 0.00 1.00 115.44
1.00 45.00 1.00 1.00 198.15
