50.00 4.00 0.00 2.00 130.24
14.00 51.00 0.00 1.00 48.16
56.00 13.00 1.00 5.00 118.55
7.00 4.00 0.00 1.00 91.58
55.00 21.00 0.00 2.00 84.20
52.00 47.00 0.00 2.00 140.28
6.00 42.00 0.00 1.00 45.18
23.00 58.00 0.00 5.00 31.27
59.00 30.00 0.00 3.00 191.72
33.00 21.00 1.00 2.00 91.09
19.00 33.00 0.00 5.00 43.87
2.00 55.00 1.00 1.00 124.08
56.00 11.00 1.00 5.00 142.12
54.00 56.00 0.00 2.00 86.10
8.00 55.00 1.00 1.00 146.73
40.00 36.00 0.00 5.00 38.70
14.00 57.00 0.00 4.00 172.00
6.00 54.00 0.00 5.00 89.98
59.00 51.00 1.00 5.00 185.21
38.00 42.00 0.00 1.00 95.18
51.00 55.00 0.00 2.00 42.80
55.00 51.00 0.00 3.00 52.36
12.00 50.00 0.00 2.00 133.17
54.00 42.00 1.00 5.00 74.08
29.00 57.00 0.00 3.00 31.89
51.00 30.00 1.00 1.00 139.48
59.00 0.00 1.00 5.00 185.57
33.00 21.00 1.00 2.00 122.39
58.00 19.00 1.00 4.00 69.35
54.00 9.00 0.00 5.00 36.80
56.00 34.00 0.00 5.00 196.56
30.00 57.00 0.00 4.00 72.38
55.00 52.00 1.00 3.00 103.73
52.00 7.00 1.00 4.00 149.82
23.00 59.00 0.00 5.00 118.62
10.00 52.00 0.00 5.00 175.54
52.00 25.00 0.00 2.00 178.97
47.00 3.00 0.00 3.00 128.88
14.00 57.00 0.00 3.00 93.52
36.00 55.00 1.00 5.00 116.84
21.00 55.00 0.00 4.00 189.23
52.00 55.00 1.00 3.00 82.80
33.00 57.00 0.00 4.00 186.94
55.00 15.00 1.00 5.00 92.79
54.00 20.00 0.00 5.00 153.50
40.00 54.00 1.00 3.00 90.14
58.00 11.00 0.00 4.00 46.96
54.00 36.00 1.00 2.00 186.48
44.00 50.00 1.00 2.00 85.39
53.00 41.00 0.00 4.00 144.52
55.00 23.00 1.00 4.00 124.30
34.00 16.00 1.00 3.00 109.44
13.00 22.00 0.00 4.00 137.42
25.00 23.00 1.00 2.00 170.42
54.00 34.00 1.00 2.00 198.18
50.00 39.00 1.00 2.00 72.59
51.00 57.00 0.00 2.00 193.27
58.00 34.00 1.00 4.00 90.30
58.00 54.00 1.00 2.00 97.69
58.00 28.00 1.00 4.00 58.02
54.00 56.00 1.00 1.00 154.22
55.00 52.00 1.00 5.00 187.86
34.00 22.00 0.00 3.00 52.92
26.00 16.00 1.00 4.00 83.77
14.00 57.00 0.00 4.00 145.48
54.00 57.00 1.00 2.00 90.01
54.00 57.00 1.00 3.00 125.21
55.00 7.00 0.00 2.00 43.02
20.00 57.00 1.00 4.00 98.96
55.00 6.00 1.00 3.00 176.28
19.00 55.00 0.00 4.00 168.25
50.00 56.00 0.00 2.00 180.64
55.00 53.00 1.00 2.00 194.58
53.00 32.00 0.00 4.00 190.50
44.00 53.00 1.00 5.00 58.52
32.00 54.00 1.00 4.00 128.21
34.00 59.00 1.00 2.00 79.81
54.00 15.00 1.00 5.00 43.91
54.00 26.00 0.00 3.00 85.44
54.00 57.00 1.00 3.00 132.48
56.00 52.00 0.00 4.00 143.24
52.00 59.00 1.00 4.00 146.66
54.00 57.00 0.00 1.00 59.65
24.00 34.00 0.00 2.00 38.32
53.00 56.00 1.00 3.00 119.53
26.00 8.00 1.00 2.00 125.10
51.00 56.00 1.00 2.00 140.58
25.00 30.00 1.00 2.00 46.95
32.00 12.00 1.00 2.00 46.81
39.00 57.00 0.00 5.00 82.19
28.00 53.00 1.00 1.00 199.71
31.00 50.00 1.00 4.00 162.28
47.00 13.00 0.00 4.00 145.22
53.00 41.00 0.00 1.00 53.53
51.00 56.00 1.00 4.00 109.47
58.00 10.00 0.00 2.00 83.41
16.00 11.00 1.00 1.00 151.32
23.00 29.00 1.00 2.00 129.48
52.00 55.00 0.00 5.00 179.89
50.00 39.00 0.00 3.00 103.33
52.00 26.00 0.00 2.00 117.20
47.00 25.00 1.00 1.00 193.34
50.00 55.00 0.00 5.00 47.85
52.00 2.00 1.00 5.00 198.30
58.00 53.00 0.00 5.00 115.35
37.00 54.00 0.00 4.00 109.39
55.00 2.00 0.00 2.00 108.42
2.00 51.00 1.00 5.00 151.02
51.00 7.00 1.00 4.00 183.14
24.00 3.00 1.00 4.00 35.71
53.00 57.00 0.00 4.00 97.35
52.00 56.00 1.00 4.00 165.09
39.00 3.00 0.00 5.00 105.18
42.00 1.00 0.00 1.00 35.17
20.00 58.00 1.00 1.00 195.46
57.00 51.00 1.00 4.00 126.74
53.00 56.00 0.00 4.00 65.74
58.00 3.00 1.00 1.00 46.86
57.00 1.00 1.00 4.00 182.57
43.00 50.00 1.00 1.00 34.31
10.00 48.00 0.00 5.00 169.49
31.00 19.00 0.00 3.00 74.36
51.00 12.00 0.00 3.00 134.80
54.00 43.00 1.00 4.00 192.65
58.00 37.00 1.00 4.00 59.05
56.00 51.00 0.00 2.00 163.56
58.00 52.00 1.00 4.00 99.87
51.00 36.00 0.00 1.00 127.96
58.00 53.00 0.00 5.00 163.01
35.00 54.00 1.00 4.00 126.99
46.00 3.00 1.00 3.00 75.97
54.00 27.00 0.00 5.00 115.86
4.00 39.00 0.00 5.00 148.02
32.00 52.00 0.00 3.00 56.53
53.00 56.00 1.00 4.00 98.72
26.00 7.00 0.00 4.00 193.29
9.00 38.00 1.00 4.00 154.40
53.00 56.00 0.00 4.00 38.55
27.00 31.00 0.00 5.00 133.11
59.00 50.00 1.00 2.00 147.62
58.00 13.00 1.00 4.00 192.13
52.00 57.00 0.00 5.00 164.50
56.00 21.00 1.00 4.00 100.12
27.00 54.00 0.00 5.00 139.19
52.00 45.00 1.00 2.00 191.85
4.00 28.00 0.00 1.00 95.42
7.00 51.00 0.00 1.00 168.54
52.00 55.00 0.00 4.00 66.02
59.00 49.00 1.00 4.00 134.65
23.00 27.00 1.00 2.00 33.46
5.00 50.00 1.00 3.00 145.73
52.00 59.00 1.00 3.00 135.22
58.00 14.00 0.00 4.00 57.64
20.00 55.00 1.00 5.00 72.45
35.00 50.00 0.00 2.00 41.34
29.00 23.00 1.00 4.00 159.72
59.00 19.00 1.00 4.00 145.79
56.00 50.00 0.00 3.00 120.06
52.00 40.00 1.00 2.00 199.34
15.00 26.00 1.00 4.00 190.98
59.00 27.00 0.00 1.00 155.08
34.00 41.00 0.00 5.00 114.49
51.00 56.00 1.00 4.00 139.72
22.00 48.00 1.00 2.00 186.79
38.00 32.00 0.00 4.00 198.98
38.00 54.00 1.00 5.00 194.10
50.00 9.00 1.00 1.00 130.36
52.00 57.00 0.00 1.00 142.13
34.00 57.00 1.00 3.00 163.46
5.00 53.00 0.00 3.00 192.44
35.00 47.00 1.00 1.00 90.86
58.00 24.00 0.00 3.00 34.28
57.00 17.00 0.00 1.00 125.72
15.00 5.00 0.00 4.00 152.33
55.00 53.00 1.00 2.00 151.13
2.00 17.00 0.00 3.00 138.62
54.00 30.00 0.00 5.00 91.59
51.00 43.00 1.00 5.00 65.41
26.00 50.00 1.00 5.00 61.42
26.00 44.00 0.00 4.00 33.13
32.00 50.00 1.00 4.00 44.41
51.00 58.00 1.00 5.00 140.32
2.00 49.00 1.00 2.00 72.64
25.00 29.00 0.00 3.00 146.36
36.00 54.00 0.00 3.00 131.62
56.00 18.00 0.00 3.00 106.88
32.00 50.00 0.00 2.00 182.92
55.00 0.00 1.00 3.00 67.13
45.00 51.00 1.00 1.00 105.00
53.00 27.00 1.00 4.00 139.36
16.00 55.00 0.00 3.00 111.23
54.00 16.00 0.00 2.00 82.87
54.00 58.00 0.00 2.00 176.02
33.00 55.00 1.00 3.00 51.41
55.00 51.00 1.00 3.00 195.71
5.00 43.00 1.00 5.00 59.31
15.00 28.00 1.00 4.00 71.94
5.00 50.00 1.00 3.00 154.81
56.00 18.00 1.00 5.00 120.72
19.00 59.00 0.00 5.00 153.12
0.00 59.00 0.00 3.00 58.30
57.00 51.00 0.00 3.00 110.22
50.00 55.00 1.00 5.00 165.25
45.00 59.00 0.00 5.00 131.56
13.00 58.00 0.00 3.00 73.27
52.00 42.00 0.00 5.00 89.11
32.00 22.00 1.00 5.00 165.89
50.00 57.00 0.00 1.00 100.26
29.00 57.00 1.00 5.00 129.21
9.00 55.00 1.00 2.00 102.82
57.00 54.00 0.00 1.00 36.67
20.00 26.00 0.00 3.00 77.35
45.00 53.00 1.00 3.00 96.69
38.00 16.00 0.00 1.00 144.70
54.00 39.00 0.00 1.00 36.04
52.00 55.00 1.00 4.00 97.35
11.00 43.00 1.00 3.00 60.03
48.00 3.00 1.00 5.00 162.21
59.00 37.00 1.00 2.00 170.83
54.00 59.00 0.00 5.00 93.41
54.00 55.00 1.00 4.00 178.05
30.00 25.00 1.00 5.00 99.94
50.00 44.00 0.00 4.00 136.63
46.00 4.00 0.00 1.00 167.52
45.00 52.00 0.00 1.00 165.39
24.00 53.00 1.00 5.00 88.59
58.00 50.00 0.00 1.00 137.94
0.00 45.00 0.00 4.00 125.34
16.00 12.00 1.00 3.00 113.35
56.00 53.00 0.00 2.00 197.18
51.00 59.00 1.00 1.00 33.74
58.00 38.00 0.00 4.00 169.54
57.00 25.00 0.00 4.00 63.61
4.00 51.00 1.00 4.00 84.39
13.00 32.00 0.00 5.00 71.70
44.00 50.00 0.00 5.00 85.69
51.00 56.00 1.00 5.00 123.61
56.00 52.00 1.00 1.00 119.23
55.00 53.00 1.00 5.00 77.46
49.00 23.00 1.00 5.00 105.54
12.00 17.00 1.00 1.00 109.10
50.00 59.00 1.00 4.00 186.23
55.00 23.00 0.00 1.00 186.02
15.00 39.00 1.00 2.00 178.24
58.00 53.00 0.00 3.00 147.66
52.00 45.00 1.00 4.00 170.91
3.00 55.00 0.00 2.00 174.72
56.00 8.00 0.00 5.00 148.61
53.00 40.00 0.00 3.00 51.19
50.00 56.00 1.00 5.00 83.58
7.00 52.00 0.00 5.00 147.69
54.00 56.00 1.00 4.00 181.31
51.00 35.00 1.00 2.00 193.01
59.00 48.00 0.00 3.00 188.71
27.00 43.00 1.00 1.00 188.32
57.00 13.00 1.00 5.00 113.57
44.00 50.00 0.00 2.00 160.67
4.00 17.00 0.00 2.00 170.63
31.00 53.00 0.00 4.00 77.24
5.00 58.00 1.00 1.00 58.49
18.00 57.00 0.00 5.00 93.07
12.00 30.00 0.00 3.00 151.48
52.00 14.00 1.00 1.00 113.46
56.00 50.00 0.00 5.00 114.57
37.00 44.00 0.00 5.00 47.59
6.00 43.00 0.00 1.00 123.82
51.00 30.00 0.00 4.00 152.91
52.00 44.00 1.00 5.00 145.23
36.00 53.00 0.00 1.00 68.94
40.00 50.00 0.00 2.00 149.26
57.00 50.00 0.00 1.00 50.32
53.00 55.00 1.00 2.00 174.96
6.00 54.00 1.00 2.00 78.10
54.00 59.00 1.00 3.00 172.24
27.00 59.00 1.00 1.00 89.15
59.00 23.00 0.00 2.00 172.73
54.00 56.00 1.00 5.00 56.87
30.00 39.00 1.00 2.00 108.93
13.00 53.00 1.00 5.00 115.15
53.00 56.00 1.00 1.00 140.95
50.00 36.00 0.00 4.00 180.71
51.00 56.00 1.00 2.00 114.79
4.00 58.00 0.00 4.00 186.08
18.00 27.00 1.00 4.00 79.25
40.00 2.00 0.00 1.00 105.15
58.00 50.00 1.00 4.00 87.19
54.00 25.00 1.00 1.00 120.51
53.00 57.00 1.00 5.00 147.82
32.00 54.00 1.00 4.00 169.13
31.00 53.00 0.00 2.00 35.91
45.00 1.00 0.00 2.00 105.83
1.00 55.00 0.00 2.00 196.83
51.00 40.00 0.00 1.00 50.15
12.00 39.00 0.00 1.00 89.18
8.00 23.00 1.00 5.00 140.62
59.00 53.00 1.00 2.00 96.84
25.00 41.00 0.00 2.00 136.27
57.00 51.00 0.00 4.00 162.95
57.00 39.00 1.00 3.00 193.68
53.00 59.00 1.00 4.00 70.18
56.00 35.00 1.00 3.00 107.74
52.00 6.00 1.00 4.00 40.41
58.00 54.00 1.00 1.00 135.31
0.00 23.00 0.00 3.00 180.99
53.00 55.00 1.00 1.00 177.72
53.00 56.00 1.00 2.00 131.38
13.00 26.00 0.00 1.00 153.99
2.00 44.00 1.00 2.00 57.58
55.00 54.00 0.00 4.00 173.69
54.00 25.00 1.00 5.00 78.93
26.00 22.00 1.00 1.00 175.35
55.00 11.00 1.00 3.00 33.64
0.00 24.00 0.00 1.00 189.79
51.00 6.00 0.00 3.00 69.44
59.00 52.00 1.00 5.00 191.47
1.00 52.00 0.00 3.00 141.85
56.00 50.00 1.00 3.00 73.56
1.00 53.00 0.00 4.00 186.16
54.00 9.00 1.00 1.00 186.67
29.00 16.00 0.00 2.00 72.01
52.00 0.00 0.00 1.00 118.31
28.00 43.00 1.00 1.00 64.32
59.00 50.00 0.00 1.00 45.01
51.00 57.00 1.00 4.00 199.87
58.00 32.00 1.00 4.00 87.42
59.00 25.00 0.00 5.00 44.40
33.00 58.00 0.00 4.00 151.69
8.00 52.00 1.00 4.00 53.07
37.00 41.00 0.00 5.00 148.88
57.00 54.00 0.00 4.00 49.53
53.00 58.00 0.00 2.00 179.30
22.00 10.00 0.00 5.00 199.47
54.00 2.00 0.00 3.00 154.56
57.00 50.00 1.00 1.00 166.17
51.00 56.00 1.00 1.00 191.10
32.00 17.00 1.00 5.00 71.72
56.00 15.00 1.00 3.00 132.15
55.00 53.00 0.00 1.00 84.65
56.00 19.00 1.00 2.00 108.83
11.00 33.00 1.00 5.00 159.22
4.00 54.00 1.00 3.00 178.37
59.00 15.00 0.00 5.00 198.96
56.00 22.00 0.00 1.00 107.54
12.00 53.00 1.00 3.00 150.17
16.00 57.00 0.00 2.00 142.26
59.00 23.00 0.00 1.00 165.71
59.00 35.00 0.00 4.00 73.49
55.00 39.00 1.00 5.00 51.91
53.00 25.00 0.00 1.00 176.78
27.00 3.00 1.00 2.00 97.96
35.00 50.00 0.00 3.00 131.80
54.00 44.00 1.00 1.00 72.77
38.00 23.00 1.00 1.00 97.53
53.00 3.00 0.00 1.00 46.75
50.00 59.00 1.00 5.00 107.22
53.00 57.00 0.00 2.00 107.34
30.00 38.00 1.00 2.00 94.65
1.00 56.00 1.00 2.00 45.03
48.00 23.00 1.00 4.00 51.40
52.00 56.00 1.00 4.00 105.98
50.00 47.00 1.00 2.00 143.81
54.00 55.00 1.00 2.00 110.06
53.00 58.00 0.00 2.00 39.41
5.00 50.00 0.00 2.00 48.15
54.00 16.00 1.00 5.00 47.76
34.00 43.00 0.00 1.00 96.55
33.00 59.00 0.00 1.00 110.48
59.00 27.00 0.00 5.00 57.12
47.00 12.00 1.00 3.00 33.40
5.00 27.00 0.00 5.00 169.21
27.00 3.00 0.00 3.00 180.89
33.00 58.00 1.00 3.00 135.49
57.00 11.00 1.00 5.00 31.44
16.00 59.00 1.00 4.00 59.20
50.00 59.00 0.00 3.00 94.43
59.00 51.00 1.00 5.00 122.54
45.00 27.00 1.00 2.00 101.24
28.00 59.00 0.00 1.00 89.98
57.00 51.00 1.00 4.00 131.91
28.00 45.00 1.00 5.00 67.64
18.00 10.00 0.00 1.00 65.22
52.00 59.00 1.00 3.00 111.38
16.00 30.00 0.00 2.00 150.93
58.00 36.00 1.00 3.00 141.55
56.00 37.00 0.00 4.00 81.92
50.00 59.00 0.00 4.00 144.56
54.00 58.00 0.00 3.00 199.08
59.00 52.00 0.00 5.00 55.48
36.00 16.00 0.00 1.00 191.49
8.00 56.00 1.00 5.00 110.90
26.00 58.00 1.00 4.00 194.71
10.00 50.00 0.00 5.00 184.49
56.00 53.00 0.00 5.00 199.90
30.00 9.00 1.00 3.00 147.06
14.00 54.00 1.00 1.00 113.36
33.00 50.00 0.00 5.00 190.45
34.00 56.00 1.00 4.00 160.55
2.00 54.00 1.00 5.00 188.67
24.00 30.00 0.00 2.00 51.74
1.00 14.00 0.00 1.00 125.05
54.00 5.00 1.00 3.00 55.85
35.00 58.00 1.00 2.00 97.36
44.00 54.00 1.00 3.00 110.69
15.00 1.00 1.00 5.00 190.61
23.00 11.00 1.00 3.00 106.83
53.00 0.00 0.00 3.00 197.29
53.00 11.00 0.00 3.00 131.88
11.00 54.00 0.00 1.00 88.17
51.00 56.00 0.00 3.00 53.81
29.00 41.00 0.00 1.00 175.61
54.00 58.00 0.00 1.00 31.66
51.00 43.00 1.00 1.00 98.92
56.00 51.00 1.00 2.00 147.01
54.00 32.00 1.00 3.00 152.07
56.00 50.00 1.00 2.00 165.10
6.00 57.00 0.00 3.00 30.45
31.00 51.00 1.00 1.00 165.90
37.00 57.00 1.00 5.00 197.19
57.00 51.00 0.00 1.00 89.32
59.00 17.00 1.00 5.00 46.10
16.00 7.00 1.00 5.00 30.61
59.00 50.00 0.00 1.00 123.55
18.00 57.00 1.00 1.00 123.45
20.00 58.00 1.00 5.00 73.29
51.00 57.00 1.00 1.00 121.93
56.00 6.00 0.00 2.00 131.62
48.00 51.00 0.00 3.00 121.92
56.00 24.00 1.00 5.00 190.29
52.00 57.00 0.00 2.00 47.53
39.00 52.00 1.00 4.00 115.86
2.00 19.00 0.00 5.00 184.46
11.00 59.00 0.00 4.00 189.82
45.00 50.00 0.00 4.00 97.46
44.00 53.00 1.00 5.00 75.50
50.00 59.00 0.00 1.00 137.24
54.00 58.00 0.00 5.00 157.30
33.00 57.00 1.00 3.00 184.03
52.00 57.00 1.00 5.00 50.30
4.00 55.00 0.00 2.00 169.64
15.00 57.00 0.00 2.00 47.66
27.00 3.00 0.00 1.00 163.32
50.00 48.00 1.00 5.00 148.43
54.00 9.00 0.00 2.00 180.56
41.00 36.00 1.00 3.00 195.90
55.00 15.00 0.00 3.00 31.28
59.00 15.00 0.00 1.00 50.26
28.00 56.00 1.00 2.00 154.64
58.00 51.00 0.00 3.00 107.19
41.00 52.00 1.00 4.00 65.95
54.00 45.00 0.00 5.00 113.17
57.00 30.00 0.00 4.00 68.58
45.00 26.00 0.00 1.00 175.85
53.00 10.00 1.00 5.00 107.45
39.00 36.00 0.00 4.00 68.14
5.00 54.00 0.00 1.00 196.74
12.00 42.00 0.00 1.00 94.05
30.00 4.00 0.00 1.00 87.57
15.00 56.00 0.00 4.00 30.49
33.00 49.00 0.00 5.00 52.83
33.00 22.00 0.00 1.00 138.92
37.00 53.00 0.00 3.00 96.55
56.00 52.00 1.00 5.00 117.98
55.00 51.00 1.00 4.00 96.62
0.00 31.00 1.00 5.00 91.76
54.00 59.00 0.00 3.00 62.03
19.00 37.00 1.00 4.00 74.56
56.00 51.00 1.00 1.00 59.48
29.00 58.00 1.00 1.00 155.64
45.00 33.00 1.00 5.00 150.69
50.00 58.00 0.00 4.00 191.74
10.00 22.00 1.00 1.00 80.39
55.00 54.00 0.00 3.00 122.83
41.00 34.00 0.00 4.00 104.64
10.00 29.00 1.00 1.00 172.42
57.00 12.00 0.00 1.00 89.42
58.00 15.00 0.00 5.00 157.87
44.00 52.00 1.00 1.00 84.91
53.00 58.00 1.00 3.00 196.75
54.00 55.00 0.00 2.00 139.84
54.00 59.00 1.00 4.00 162.72
19.00 55.00 1.00 5.00 121.34
50.00 58.00 0.00 2.00 72.81
22.00 12.00 1.00 1.00 88.28
30.00 43.00 1.00 5.00 86.21
55.00 50.00 0.00 5.00 162.60
2.00 17.00 1.00 1.00 193.44
26.00 56.00 0.00 2.00 108.24
7.00 4.00 1.00 1.00 58.32
55.00 8.00 0.00 1.00 36.85
54.00 58.00 1.00 5.00 151.12
55.00 51.00 1.00 2.00 32.99
19.00 24.00 1.00 3.00 48.10
56.00 0.00 1.00 2.00 122.09
53.00 56.00 1.00 4.00 54.75
19.00 31.00 1.00 1.00 31.37
59.00 53.00 0.00 4.00 183.07
51.00 55.00 1.00 5.00 83.40
8.00 30.00 1.00 3.00 113.70
39.00 56.00 0.00 1.00 56.57
59.00 50.00 0.00 5.00 115.97
54.00 58.00 1.00 2.00 73.44
46.00 33.00 0.00 3.00 52.17
12.00 51.00 1.00 2.00 88.43
59.00 50.00 1.00 4.00 192.48
35.00 51.00 0.00 3.00 185.91
9.00 47.00 1.00 5.00 61.22
54.00 56.00 1.00 3.00 86.04
32.00 8.00 0.00 1.00 87.62
52.00 59.00 1.00 1.00 72.12
43.00 6.00 1.00 4.00 48.95
40.00 53.00 1.00 2.00 56.78
55.00 50.00 1.00 2.00 86.02
55.00 27.00 0.00 3.00 50.45
50.00 57.00 0.00 5.00 48.80
59.00 26.00 1.00 3.00 85.52
46.00 51.00 0.00 1.00 103.75
59.00 50.00 1.00 3.00 167.47
3.00 59.00 0.00 5.00 59.97
51.00 55.00 1.00 5.00 111.98
43.00 21.00 1.00 5.00 41.58
40.00 9.00 1.00 1.00 164.69
51.00 45.00 0.00 2.00 105.34
6.00 42.00 1.00 1.00 189.09
15.00 33.00 0.00 1.00 96.89
5.00 44.00 0.00 1.00 160.28
44.00 52.00 0.00 3.00 190.59
51.00 58.00 0.00 4.00 90.47
42.00 52.00 0.00 2.00 55.24
58.00 9.00 0.00 3.00 123.26
51.00 1.00 1.00 4.00 44.64
30.00 53.00 1.00 2.00 149.60
57.00 34.00 0.00 1.00 33.22
28.00 51.00 0.00 4.00 75.79
54.00 59.00 1.00 4.00 190.02
26.00 55.00 0.00 4.00 179.24
53.00 59.00 1.00 4.00 76.18
50.00 36.00 0.00 2.00 153.03
56.00 50.00 1.00 5.00 68.62
55.00 52.00 1.00 4.00 187.50
3.00 15.00 0.00 2.00 47.26
31.00 51.00 1.00 2.00 149.85
55.00 53.00 0.00 4.00 66.36
30.00 50.00 0.00 4.00 105.74
52.00 57.00 1.00 1.00 51.73
35.00 59.00 1.00 3.00 93.14
38.00 18.00 0.00 2.00 90.65
7.00 41.00 0.00 5.00 184.18
51.00 33.00 1.00 2.00 68.94
50.00 13.00 0.00 5.00 180.01
19.00 41.00 0.00 1.00 69.47
46.00 52.00 0.00 3.00 72.26
53.00 55.00 0.00 4.00 135.58
20.00 36.00 1.00 1.00 47.03
57.00 50.00 0.00 2.00 199.43
9.00 58.00 0.00 1.00 38.50
54.00 58.00 1.00 1.00 79.43
1.00 59.00 0.00 4.00 106.37
20.00 35.00 0.00 1.00 137.19
16.00 55.00 1.00 2.00 123.00
7.00 18.00 0.00 5.00 168.96
50.00 55.00 1.00 2.00 94.88
10.00 48.00 0.00 4.00 57.64
56.00 34.00 1.00 5.00 169.54
39.00 52.00 1.00 5.00 113.79
44.00 38.00 1.00 3.00 89.95
54.00 58.00 0.00 5.00 177.79
39.00 50.00 0.00 1.00 86.32
24.00 27.00 0.00 5.00 55.34
49.00 59.00 0.00 5.00 38.42
56.00 16.00 1.00 5.00 142.01
50.00 4.00 0.00 5.00 86.63
28.00 42.00 1.00 5.00 114.31
8.00 55.00 0.00 1.00 33.88
40.00 10.00 1.00 4.00 45.23
48.00 54.00 0.00 2.00 128.47
38.00 15.00 0.00 3.00 87.13
58.00 6.00 0.00 3.00 76.70
59.00 54.00 1.00 3.00 46.47
53.00 9.00 1.00 3.00 84.77
56.00 54.00 1.00 2.00 115.94
56.00 33.00 1.00 2.00 115.20
2.00 58.00 1.00 4.00 151.66
54.00 55.00 0.00 3.00 121.85
55.00 7.00 0.00 2.00 179.10
57.00 14.00 1.00 5.00 149.47
18.00 0.00 1.00 4.00 126.33
7.00 50.00 1.00 4.00 69.07
36.00 44.00 1.00 2.00 124.39
48.00 51.00 0.00 2.00 177.05
52.00 56.00 0.00 5.00 148.77
37.00 23.00 0.00 3.00 99.08
55.00 14.00 1.00 2.00 146.57
15.00 53.00 1.00 5.00 124.19
54.00 43.00 1.00 2.00 137.41
33.00 50.00 1.00 5.00 31.83
59.00 52.00 1.00 4.00 56.73
21.00 55.00 1.00 2.00 125.22
32.00 53.00 0.00 2.00 172.83
32.00 53.00 0.00 1.00 180.87
58.00 50.00 0.00 4.00 124.24
