58.00 27.00 1.00 2.00 122.94
36.00 52.00 1.00 1.00 142.71
7.00 55.00 0.00 2.00 83.51
7.00 44.00 1.00 5.00 137.70
59.00 53.00 0.00 2.00 158.02
56.00 54.00 1.00 4.00 123.89
11.00 58.00 0.00 3.00 85.94
52.00 29.00 1.00 1.00 42.51
53.00 8.00 1.00 5.00 115.74
6.00 47.00 1.00 1.00 187.17
39.00 54.00 1.00 5.00 106.55
52.00 39.00 1.00 1.00 90.51
52.00 59.00 1.00 5.00 142.44
18.00 57.00 0.00 5.00 54.43
29.00 3.00 1.00 4.00 196.36
45.00 53.00 1.00 3.00 174.28
24.00 30.00 1.00 5.00 165.06
33.00 56.00 0.00 5.00 191.86
48.00 58.00 0.00 3.00 181.89
29.00 54.00 1.00 2.00 136.35
43.00 34.00 1.00 5.00 103.90
31.00 59.00 0.00 1.00 130.76
56.00 26.00 0.00 4.00 138.67
17.00 1.00 1.00 2.00 68.95
25.00 43.00 0.00 5.00 46.01
43.00 52.00 1.00 3.00 199.96
11.00 52.00 0.00 5.00 169.64
9.00 52.00 1.00 1.00 107.45
11.00 54.00 1.00 4.00 146.80
0.00 59.00 1.00 4.00 175.56
52.00 59.00 0.00 2.00 138.91
50.00 48.00 0.00 4.00 130.58
59.00 0.00 0.00 1.00 79.70
26.00 45.00 1.00 2.00 34.48
57.00 36.00 0.00 3.00 133.44
58.00 24.00 1.00 5.00 148.17
59.00 1.00 0.00 5.00 146.02
58.00 52.00 1.00 3.00 48.79
7.00 55.00 1.00 4.00 183.65
59.00 32.00 1.00 2.00 61.92
52.00 57.00 1.00 5.00 192.86
55.00 10.00 1.00 3.00 78.82
28.00 52.00 0.00 3.00 194.86
53.00 57.00 1.00 5.00 92.29
53.00 55.00 1.00 2.00 185.20
41.00 33.00 1.00 2.00 102.01
14.00 26.00 1.00 3.00 64.66
58.00 12.00 1.00 2.00 41.22
14.00 55.00 0.00 1.00 86.78
50.00 1.00 0.00 3.00 122.95
25.00 59.00 1.00 2.00 69.49
15.00 55.00 0.00 3.00 169.59
54.00 56.00 1.00 3.00 146.12
31.00 27.00 1.00 5.00 94.29
14.00 29.00 1.00 3.00 110.86
58.00 9.00 0.00 4.00 125.86
52.00 42.00 1.00 5.00 51.64
23.00 36.00 1.00 2.00 136.92
54.00 58.00 1.00 2.00 135.19
41.00 51.00 1.00 4.00 144.04
59.00 49.00 0.00 3.00 180.66
38.00 30.00 1.00 5.00 112.51
55.00 3.00 1.00 5.00 180.33
27.00 55.00 0.00 5.00 174.63
49.00 21.00 1.00 4.00 142.73
56.00 34.00 1.00 4.00 129.44
55.00 15.00 1.00 5.00 30.89
15.00 28.00 1.00 5.00 47.32
31.00 4.00 1.00 4.00 90.27
58.00 19.00 1.00 5.00 128.83
51.00 36.00 1.00 3.00 161.62
29.00 12.00 1.00 1.00 75.90
56.00 50.00 0.00 2.00 53.50
23.00 1.00 1.00 4.00 108.69
19.00 57.00 0.00 1.00 128.71
57.00 5.00 0.00 4.00 170.82
54.00 55.00 0.00 5.00 31.23
6.00 58.00 1.00 2.00 193.38
55.00 54.00 0.00 5.00 96.26
18.00 55.00 0.00 1.00 173.11
50.00 43.00 1.00 4.00 100.16
57.00 24.00 1.00 1.00 101.68
56.00 50.00 1.00 2.00 75.51
29.00 12.00 1.00 1.00 156.86
32.00 17.00 0.00 1.00 107.18
26.00 54.00 0.00 3.00 134.79
51.00 5.00 0.00 4.00 32.49
56.00 51.00 0.00 2.00 182.61
52.00 31.00 1.00 3.00 143.35
9.00 42.00 1.00 2.00 114.24
55.00 51.00 0.00 1.00 166.16
50.00 12.00 0.00 3.00 70.63
59.00 35.00 1.00 5.00 94.89
55.00 50.00 0.00 4.00 30.12
56.00 51.00 1.00 4.00 197.16
38.00 53.00 1.00 2.00 95.54
15.00 56.00 0.00 2.00 33.90
55.00 4.00 1.00 5.00 189.67
50.00 7.00 0.00 3.00 180.34
45.00 54.00 0.00 3.00 170.12
23.00 59.00 0.00 4.00 33.27
13.00 57.00 1.00 2.00 172.31
54.00 5.00 1.00 4.00 175.18
19.00 59.00 0.00 3.00 115.11
28.00 54.00 0.00 4.00 59.89
50.00 26.00 0.00 1.00 76.67
45.00 35.00 0.00 4.00 142.41
59.00 53.00 0.00 5.00 115.66
55.00 50.00 0.00 4.00 195.80
6.00 56.00 0.00 2.00 167.84
9.00 19.00 0.00 4.00 68.44
52.00 57.00 1.00 5.00 154.84
50.00 37.00 1.00 5.00 132.71
58.00 50.00 0.00 3.00 183.10
10.00 22.00 1.00 2.00 135.62
55.00 19.00 0.00 1.00 150.56
10.00 53.00 1.00 2.00 97.48
50.00 6.00 0.00 2.00 162.76
55.00 1.00 1.00 1.00 139.54
50.00 55.00 0.00 1.00 196.39
3.00 50.00 1.00 1.00 112.86
51.00 56.00 0.00 1.00 141.58
58.00 35.00 0.00 2.00 114.40
4.00 45.00 0.00 5.00 84.67
0.00 40.00 0.00 2.00 180.34
55.00 28.00 1.00 4.00 122.55
52.00 56.00 1.00 4.00 171.14
2.00 56.00 0.00 5.00 99.29
2.00 54.00 1.00 5.00 138.50
5.00 55.00 1.00 1.00 92.83
22.00 57.00 0.00 1.00 66.27
57.00 38.00 1.00 1.00 89.71
55.00 50.00 0.00 2.00 101.55
55.00 12.00 0.00 1.00 189.32
56.00 53.00 1.00 4.00 184.23
53.00 14.00 1.00 3.00 103.85
58.00 50.00 1.00 5.00 135.10
55.00 54.00 1.00 5.00 109.73
5.00 32.00 1.00 1.00 194.78
58.00 52.00 0.00 5.00 128.04
44.00 51.00 1.00 3.00 161.22
8.00 29.00 0.00 1.00 153.83
53.00 59.00 1.00 2.00 190.37
40.00 0.00 0.00 2.00 195.15
53.00 30.00 0.00 2.00 172.44
58.00 2.00 0.00 1.00 149.97
57.00 50.00 1.00 2.00 190.55
59.00 51.00 0.00 2.00 69.21
30.00 33.00 1.00 3.00 110.43
13.00 41.00 1.00 1.00 177.32
52.00 35.00 0.00 5.00 158.29
50.00 56.00 1.00 5.00 68.55
59.00 26.00 0.00 5.00 71.44
51.00 55.00 0.00 3.00 107.21
58.00 51.00 1.00 5.00 141.94
25.00 42.00 0.00 5.00 107.48
53.00 24.00 1.00 2.00 31.57
16.00 54.00 0.00 1.00 90.02
1.00 15.00 0.00 1.00 103.49
17.00 58.00 0.00 3.00 80.56
54.00 48.00 0.00 3.00 88.69
54.00 57.00 1.00 5.00 87.25
55.00 50.00 0.00 1.00 149.51
44.00 54.00 0.00 4.00 62.45
58.00 35.00 1.00 5.00 66.59
59.00 50.00 0.00 3.00 100.22
58.00 45.00 1.00 4.00 39.19
53.00 38.00 1.00 1.00 125.61
59.00 36.00 1.00 1.00 41.75
24.00 53.00 0.00 4.00 173.67
7.00 46.00 1.00 3.00 197.39
59.00 54.00 1.00 1.00 54.45
33.00 46.00 0.00 3.00 65.10
41.00 6.00 0.00 3.00 130.87
50.00 55.00 0.00 5.00 172.26
5.00 56.00 1.00 1.00 78.25
0.00 25.00 1.00 3.00 56.15
53.00 57.00 0.00 1.00 72.03
31.00 12.00 0.00 3.00 153.17
32.00 39.00 1.00 1.00 173.70
48.00 52.00 0.00 3.00 118.72
51.00 58.00 1.00 3.00 105.16
53.00 35.00 0.00 5.00 188.73
26.00 12.00 0.00 4.00 167.86
7.00 22.00 1.00 5.00 173.45
26.00 51.00 1.00 3.00 85.58
52.00 10.00 1.00 5.00 70.13
21.00 0.00 1.00 4.00 198.21
52.00 59.00 1.00 5.00 71.52
50.00 56.00 1.00 4.00 126.19
59.00 34.00 1.00 4.00 88.98
59.00 50.00 0.00 5.00 71.81
39.00 46.00 1.00 3.00 96.73
56.00 53.00 0.00 5.00 136.56
1.00 53.00 0.00 5.00 146.70
33.00 49.00 0.00 4.00 173.73
3.00 56.00 1.00 5.00 86.75
50.00 56.00 0.00 4.00 133.15
58.00 54.00 0.00 5.00 82.39
9.00 57.00 1.00 2.00 85.77
52.00 41.00 0.00 1.00 87.42
38.00 40.00 1.00 1.00 53.73
53.00 10.00 0.00 3.00 96.98
14.00 33.00 0.00 2.00 37.47
58.00 0.00 1.00 3.00 133.72
27.00 53.00 1.00 2.00 188.55
59.00 51.00 0.00 1.00 44.24
56.00 4.00 0.00 3.00 132.73
58.00 52.00 1.00 5.00 114.18
57.00 20.00 1.00 2.00 164.18
14.00 54.00 1.00 1.00 199.36
7.00 21.00 1.00 3.00 138.98
59.00 52.00 1.00 4.00 197.29
54.00 8.00 0.00 1.00 187.70
38.00 15.00 0.00 2.00 87.12
53.00 58.00 1.00 1.00 134.47
51.00 57.00 1.00 4.00 185.48
3.00 59.00 1.00 3.00 113.44
59.00 2.00 0.00 4.00 35.79
2.00 32.00 1.00 4.00 138.80
1.00 32.00 1.00 1.00 76.55
58.00 21.00 1.00 3.00 155.30
56.00 53.00 0.00 1.00 166.75
50.00 42.00 1.00 2.00 155.00
57.00 20.00 1.00 5.00 158.81
53.00 59.00 0.00 4.00 124.87
55.00 52.00 1.00 2.00 144.09
58.00 32.00 1.00 1.00 68.94
52.00 15.00 1.00 2.00 33.43
37.00 3.00 1.00 2.00 66.13
57.00 18.00 0.00 5.00 36.57
56.00 18.00 1.00 4.00 95.84
33.00 14.00 0.00 1.00 180.79
45.00 12.00 0.00 3.00 147.14
58.00 52.00 1.00 5.00 174.92
57.00 54.00 0.00 4.00 103.12
59.00 22.00 1.00 1.00 32.92
22.00 33.00 1.00 5.00 67.35
59.00 37.00 0.00 4.00 112.16
50.00 32.00 1.00 3.00 137.79
55.00 21.00 0.00 2.00 158.85
59.00 54.00 1.00 1.00 106.54
53.00 57.00 0.00 2.00 77.67
55.00 52.00 1.00 5.00 55.42
46.00 53.00 0.00 5.00 186.18
54.00 58.00 1.00 5.00 63.63
9.00 52.00 0.00 2.00 116.55
54.00 14.00 0.00 3.00 88.05
38.00 58.00 0.00 5.00 155.42
13.00 56.00 0.00 4.00 79.15
52.00 58.00 1.00 5.00 33.98
7.00 53.00 0.00 3.00 44.26
24.00 53.00 0.00 4.00 141.99
15.00 2.00 1.00 2.00 135.74
16.00 33.00 1.00 2.00 173.27
6.00 52.00 1.00 5.00 172.26
52.00 57.00 1.00 3.00 84.42
51.00 34.00 1.00 1.00 40.60
55.00 51.00 1.00 2.00 196.20
9.00 40.00 1.00 3.00 61.25
58.00 27.00 0.00 3.00 106.36
50.00 57.00 0.00 4.00 53.45
50.00 56.00 0.00 2.00 112.34
4.00 56.00 0.00 4.00 161.34
15.00 10.00 1.00 5.00 97.10
32.00 58.00 0.00 2.00 109.44
59.00 37.00 1.00 2.00 46.60
51.00 35.00 1.00 1.00 112.75
23.00 59.00 0.00 2.00 67.31
47.00 4.00 1.00 2.00 76.23
59.00 32.00 0.00 2.00 160.25
50.00 38.00 1.00 5.00 111.18
13.00 53.00 0.00 2.00 164.50
6.00 58.00 1.00 5.00 169.36
15.00 56.00 1.00 2.00 123.88
43.00 54.00 0.00 2.00 81.73
57.00 4.00 0.00 3.00 49.84
59.00 52.00 0.00 2.00 116.00
19.00 55.00 1.00 5.00 68.70
52.00 58.00 0.00 5.00 62.26
16.00 53.00 1.00 4.00 169.65
56.00 5.00 0.00 5.00 102.54
2.00 50.00 0.00 4.00 78.95
7.00 55.00 1.00 3.00 33.37
24.00 49.00 1.00 1.00 51.72
2.00 56.00 1.00 2.00 103.61
58.00 17.00 1.00 2.00 79.91
27.00 45.00 1.00 3.00 34.47
3.00 20.00 1.00 1.00 44.00
19.00 55.00 1.00 5.00 199.45
32.00 23.00 0.00 4.00 98.07
21.00 7.00 0.00 3.00 51.09
46.00 52.00 0.00 3.00 105.06
56.00 37.00 1.00 4.00 106.21
45.00 11.00 0.00 4.00 108.13
1.00 51.00 1.00 4.00 71.95
7.00 47.00 0.00 5.00 130.82
16.00 53.00 1.00 2.00 105.01
26.00 58.00 0.00 1.00 120.16
57.00 37.00 0.00 5.00 106.91
57.00 51.00 0.00 3.00 122.58
17.00 57.00 0.00 5.00 84.28
54.00 58.00 1.00 2.00 172.33
50.00 56.00 1.00 4.00 143.55
51.00 57.00 1.00 2.00 152.71
17.00 39.00 1.00 1.00 97.78
57.00 50.00 0.00 3.00 72.62
24.00 57.00 1.00 5.00 60.26
35.00 15.00 0.00 2.00 186.49
59.00 4.00 0.00 4.00 185.94
54.00 58.00 0.00 3.00 141.56
59.00 14.00 1.00 1.00 192.96
56.00 11.00 0.00 2.00 156.94
31.00 58.00 0.00 3.00 72.52
54.00 35.00 1.00 4.00 110.94
54.00 44.00 0.00 4.00 107.94
31.00 12.00 1.00 4.00 196.67
54.00 41.00 0.00 4.00 102.86
39.00 55.00 1.00 4.00 42.39
55.00 50.00 1.00 3.00 43.46
53.00 48.00 1.00 4.00 106.98
55.00 50.00 0.00 2.00 34.42
27.00 47.00 0.00 2.00 128.90
3.00 57.00 0.00 1.00 124.86
59.00 52.00 1.00 2.00 127.53
55.00 54.00 1.00 4.00 105.57
50.00 35.00 0.00 2.00 165.04
57.00 52.00 1.00 4.00 80.90
7.00 53.00 0.00 3.00 99.88
50.00 17.00 1.00 4.00 46.05
50.00 57.00 1.00 2.00 53.59
52.00 35.00 0.00 4.00 177.19
15.00 10.00 0.00 5.00 97.19
51.00 3.00 0.00 3.00 195.21
59.00 39.00 0.00 5.00 112.53
59.00 36.00 1.00 3.00 63.69
38.00 51.00 1.00 3.00 105.58
53.00 56.00 1.00 5.00 150.57
50.00 28.00 1.00 5.00 118.01
53.00 55.00 1.00 2.00 59.83
40.00 24.00 1.00 1.00 186.16
44.00 9.00 1.00 4.00 98.48
26.00 37.00 0.00 2.00 106.59
54.00 56.00 1.00 3.00 78.11
28.00 52.00 0.00 4.00 162.47
55.00 54.00 1.00 1.00 39.82
21.00 55.00 1.00 4.00 153.32
26.00 7.00 0.00 4.00 121.14
52.00 4.00 1.00 4.00 104.55
55.00 54.00 0.00 4.00 199.72
24.00 41.00 0.00 4.00 162.41
55.00 54.00 1.00 4.00 112.92
54.00 59.00 0.00 3.00 134.47
50.00 59.00 1.00 3.00 38.99
27.00 58.00 0.00 2.00 189.82
55.00 11.00 0.00 4.00 190.05
34.00 59.00 1.00 3.00 158.75
54.00 57.00 1.00 3.00 48.11
28.00 3.00 0.00 1.00 62.46
54.00 56.00 0.00 5.00 132.75
47.00 12.00 1.00 1.00 164.69
17.00 38.00 1.00 1.00 96.96
59.00 33.00 1.00 1.00 189.54
37.00 57.00 0.00 4.00 55.87
52.00 58.00 1.00 5.00 158.58
37.00 51.00 0.00 1.00 99.38
51.00 57.00 1.00 2.00 166.11
17.00 56.00 1.00 4.00 93.60
20.00 54.00 0.00 5.00 146.54
38.00 41.00 0.00 3.00 79.58
31.00 13.00 0.00 4.00 199.69
34.00 52.00 1.00 1.00 137.79
12.00 42.00 0.00 4.00 77.29
35.00 53.00 0.00 2.00 154.64
0.00 58.00 0.00 5.00 127.18
54.00 47.00 0.00 5.00 84.99
15.00 3.00 1.00 5.00 138.62
54.00 35.00 0.00 4.00 147.42
54.00 58.00 1.00 2.00 139.09
50.00 57.00 1.00 3.00 130.92
9.00 53.00 0.00 2.00 116.67
59.00 51.00 0.00 3.00 182.49
53.00 32.00 0.00 1.00 116.91
53.00 55.00 0.00 5.00 97.98
54.00 27.00 1.00 5.00 73.86
56.00 54.00 0.00 5.00 185.01
56.00 21.00 0.00 3.00 198.12
9.00 39.00 1.00 5.00 43.84
57.00 50.00 1.00 3.00 151.96
51.00 48.00 1.00 2.00 144.02
51.00 58.00 1.00 4.00 193.76
5.00 58.00 0.00 5.00 116.08
18.00 31.00 1.00 4.00 180.44
56.00 53.00 0.00 1.00 115.96
37.00 19.00 1.00 4.00 168.80
4.00 52.00 1.00 1.00 119.59
7.00 17.00 1.00 3.00 30.38
54.00 47.00 1.00 3.00 91.05
59.00 35.00 0.00 5.00 87.01
46.00 12.00 0.00 1.00 114.21
27.00 53.00 1.00 1.00 66.28
51.00 36.00 1.00 1.00 176.35
58.00 6.00 1.00 5.00 46.80
33.00 53.00 0.00 3.00 62.90
27.00 46.00 1.00 2.00 77.66
50.00 55.00 0.00 5.00 52.54
10.00 23.00 1.00 5.00 139.70
59.00 8.00 0.00 1.00 70.91
12.00 49.00 1.00 1.00 187.27
22.00 27.00 1.00 4.00 98.74
5.00 59.00 0.00 1.00 174.85
13.00 39.00 1.00 4.00 191.62
53.00 15.00 1.00 2.00 30.80
58.00 50.00 0.00 3.00 116.15
16.00 57.00 0.00 4.00 196.27
29.00 46.00 0.00 3.00 162.76
58.00 5.00 0.00 5.00 165.71
18.00 56.00 0.00 4.00 155.08
9.00 57.00 1.00 1.00 155.07
57.00 15.00 0.00 5.00 192.98
56.00 50.00 0.00 3.00 100.13
54.00 35.00 1.00 1.00 122.52
22.00 55.00 1.00 5.00 35.74
54.00 59.00 0.00 3.00 93.30
27.00 54.00 1.00 5.00 60.56
53.00 55.00 1.00 5.00 62.84
59.00 54.00 1.00 3.00 65.90
31.00 51.00 1.00 5.00 149.47
56.00 51.00 0.00 3.00 156.07
51.00 49.00 0.00 1.00 75.62
15.00 56.00 0.00 3.00 157.56
28.00 50.00 1.00 2.00 70.05
57.00 53.00 0.00 3.00 121.86
13.00 39.00 1.00 3.00 94.85
58.00 17.00 0.00 5.00 58.56
54.00 56.00 0.00 4.00 172.77
20.00 54.00 1.00 5.00 57.14
25.00 39.00 0.00 1.00 71.64
41.00 26.00 1.00 3.00 87.59
46.00 52.00 0.00 4.00 39.25
50.00 55.00 0.00 1.00 40.43
52.00 15.00 0.00 5.00 189.57
44.00 35.00 1.00 2.00 169.77
59.00 8.00 1.00 3.00 136.81
35.00 54.00 0.00 5.00 112.54
55.00 53.00 0.00 4.00 82.82
59.00 51.00 0.00 5.00 167.83
46.00 9.00 0.00 2.00 151.96
36.00 4.00 0.00 1.00 184.15
58.00 52.00 1.00 3.00 40.31
22.00 39.00 1.00 3.00 194.13
7.00 55.00 1.00 5.00 195.09
57.00 54.00 1.00 3.00 36.03
4.00 41.00 0.00 3.00 153.32
26.00 54.00 1.00 5.00 145.16
51.00 59.00 0.00 5.00 60.98
38.00 48.00 0.00 2.00 88.10
58.00 53.00 0.00 4.00 74.33
57.00 3.00 1.00 4.00 104.72
55.00 50.00 0.00 4.00 185.03
45.00 33.00 1.00 3.00 43.63
54.00 34.00 1.00 5.00 148.22
2.00 50.00 1.00 1.00 176.92
51.00 5.00 1.00 2.00 181.80
59.00 2.00 0.00 2.00 53.29
56.00 54.00 1.00 2.00 184.91
2.00 55.00 0.00 2.00 181.96
13.00 53.00 0.00 2.00 105.75
5.00 51.00 1.00 4.00 51.74
46.00 54.00 0.00 4.00 180.82
46.00 3.00 1.00 4.00 37.74
22.00 38.00 1.00 5.00 81.50
56.00 9.00 1.00 1.00 111.46
1.00 58.00 1.00 2.00 104.96
56.00 50.00 1.00 5.00 66.28
56.00 14.00 1.00 2.00 191.07
51.00 55.00 0.00 4.00 98.29
38.00 52.00 0.00 3.00 68.83
14.00 26.00 1.00 2.00 75.80
54.00 47.00 0.00 3.00 127.72
51.00 55.00 0.00 5.00 136.35
0.00 56.00 1.00 2.00 118.46
47.00 51.00 0.00 3.00 166.24
44.00 35.00 1.00 1.00 159.35
40.00 50.00 1.00 4.00 118.48
38.00 51.00 0.00 5.00 136.94
31.00 51.00 1.00 2.00 46.42
55.00 28.00 1.00 4.00 124.56
51.00 59.00 1.00 1.00 134.29
51.00 13.00 0.00 4.00 157.75
28.00 55.00 0.00 4.00 81.48
24.00 39.00 0.00 2.00 174.52
59.00 39.00 0.00 3.00 87.18
36.00 47.00 0.00 5.00 73.50
57.00 53.00 1.00 4.00 81.78
54.00 36.00 1.00 1.00 89.54
44.00 27.00 0.00 5.00 172.07
16.00 29.00 1.00 4.00 78.27
56.00 52.00 1.00 5.00 31.53
55.00 18.00 1.00 2.00 106.43
39.00 21.00 1.00 3.00 165.64
15.00 57.00 1.00 2.00 57.00
25.00 52.00 1.00 1.00 166.87
51.00 46.00 1.00 5.00 181.61
54.00 59.00 0.00 5.00 58.84
22.00 1.00 0.00 2.00 198.32
4.00 44.00 0.00 5.00 65.37
58.00 52.00 1.00 5.00 156.04
57.00 53.00 1.00 3.00 41.07
59.00 50.00 1.00 2.00 143.26
57.00 13.00 0.00 5.00 163.25
58.00 1.00 0.00 2.00 137.24
34.00 50.00 1.00 2.00 33.39
34.00 46.00 1.00 3.00 185.47
57.00 53.00 0.00 2.00 84.01
51.00 57.00 0.00 1.00 178.56
3.00 36.00 0.00 3.00 96.21
55.00 50.00 1.00 5.00 123.14
10.00 57.00 0.00 5.00 119.76
5.00 14.00 1.00 3.00 51.73
58.00 10.00 1.00 5.00 41.11
53.00 58.00 1.00 5.00 122.44
56.00 54.00 1.00 3.00 119.36
22.00 41.00 0.00 4.00 96.95
2.00 51.00 1.00 5.00 124.98
0.00 49.00 0.00 4.00 52.99
15.00 33.00 0.00 2.00 163.58
52.00 9.00 1.00 5.00 112.06
53.00 7.00 0.00 4.00 179.68
6.00 21.00 0.00 4.00 155.42
50.00 58.00 0.00 2.00 164.52
12.00 50.00 1.00 2.00 89.33
32.00 13.00 0.00 4.00 152.38
56.00 53.00 1.00 1.00 103.24
54.00 15.00 1.00 2.00 165.32
27.00 50.00 0.00 1.00 34.64
19.00 49.00 0.00 4.00 100.33
54.00 35.00 1.00 4.00 49.27
19.00 4.00 0.00 5.00 73.40
57.00 53.00 0.00 3.00 168.69
8.00 18.00 1.00 5.00 189.70
59.00 27.00 1.00 4.00 118.34
32.00 51.00 1.00 5.00 49.72
56.00 53.00 1.00 3.00 75.50
58.00 52.00 1.00 3.00 169.95
55.00 15.00 0.00 3.00 41.37
51.00 3.00 1.00 4.00 30.91
33.00 8.00 1.00 3.00 53.51
40.00 51.00 1.00 4.00 32.69
46.00 34.00 1.00 4.00 100.49
58.00 34.00 0.00 3.00 73.68
56.00 26.00 1.00 2.00 54.95
57.00 22.00 1.00 1.00 40.54
41.00 37.00 1.00 5.00 84.74
1.00 31.00 0.00 5.00 112.59
15.00 0.00 0.00 4.00 144.15
58.00 51.00 1.00 2.00 169.07
58.00 18.00 0.00 3.00 60.56
59.00 31.00 1.00 4.00 190.31
35.00 58.00 1.00 4.00 88.58
52.00 57.00 1.00 2.00 176.30
50.00 0.00 0.00 1.00 171.37
31.00 50.00 0.00 4.00 173.28
34.00 54.00 0.00 3.00 73.65
21.00 13.00 0.00 2.00 183.13
5.00 59.00 1.00 5.00 92.30
2.00 27.00 0.00 1.00 108.71
12.00 42.00 0.00 4.00 32.51
1.00 57.00 0.00 2.00 68.10
53.00 56.00 0.00 1.00 150.72
52.00 5.00 0.00 4.00 53.91
53.00 31.00 0.00 2.00 93.80
59.00 54.00 0.00 2.00 178.20
45.00 53.00 1.00 3.00 86.31
52.00 55.00 0.00 3.00 168.31
50.00 41.00 0.00 3.00 165.37
53.00 55.00 1.00 4.00 63.41
54.00 55.00 0.00 1.00 171.92
53.00 59.00 0.00 5.00 34.03
23.00 31.00 1.00 5.00 59.26
5.00 26.00 0.00 3.00 158.02
51.00 41.00 1.00 3.00 175.95
58.00 52.00 1.00 1.00 72.89
54.00 13.00 1.00 2.00 148.56
55.00 26.00 0.00 5.00 48.31
50.00 55.00 1.00 5.00 104.54
53.00 58.00 0.00 2.00 119.42
42.00 50.00 1.00 1.00 186.80
26.00 2.00 1.00 4.00 117.99
21.00 58.00 0.00 1.00 124.28
14.00 53.00 0.00 2.00 91.62
51.00 55.00 1.00 2.00 155.25
51.00 7.00 0.00 1.00 159.49
58.00 52.00 1.00 3.00 100.73
23.00 58.00 1.00 5.00 126.03
50.00 4.00 0.00 3.00 103.19
52.00 58.00 0.00 5.00 84.72
59.00 54.00 1.00 4.00 192.50
54.00 57.00 1.00 3.00 48.46
53.00 59.00 0.00 3.00 32.68
27.00 51.00 0.00 4.00 66.45
7.00 47.00 0.00 4.00 125.06
28.00 50.00 0.00 5.00 114.79
14.00 12.00 1.00 1.00 148.09
55.00 53.00 1.00 2.00 133.24
53.00 59.00 0.00 1.00 120.16
51.00 36.00 0.00 1.00 152.11
55.00 2.00 0.00 4.00 117.13
19.00 59.00 1.00 4.00 123.21
58.00 53.00 0.00 4.00 66.07
25.00 51.00 0.00 3.00 77.64
23.00 59.00 1.00 3.00 81.02
15.00 26.00 1.00 1.00 148.01
55.00 50.00 1.00 2.00 194.86
53.00 26.00 1.00 1.00 161.41
33.00 47.00 0.00 4.00 190.29
8.00 53.00 1.00 2.00 110.51
1.00 58.00 1.00 3.00 164.35
44.00 36.00 0.00 2.00 48.72
50.00 57.00 1.00 3.00 134.59
6.00 18.00 0.00 2.00 115.88
25.00 56.00 0.00 4.00 69.82
55.00 51.00 0.00 4.00 51.88
26.00 53.00 0.00 3.00 133.53
47.00 1.00 0.00 3.00 111.23
58.00 2.00 0.00 3.00 34.95
32.00 58.00 1.00 1.00 137.92
25.00 57.00 1.00 4.00 171.58
53.00 16.00 0.00 3.00 101.96
51.00 55.00 0.00 3.00 113.98
35.00 50.00 1.00 4.00 148.62
58.00 15.00 1.00 5.00 73.38
35.00 18.00 0.00 5.00 76.17
59.00 51.00 0.00 2.00 193.82
58.00 17.00 1.00 2.00 66.95
59.00 54.00 1.00 1.00 147.53
48.00 23.00 1.00 2.00 80.45
52.00 56.00 1.00 1.00 100.56
41.00 51.00 0.00 2.00 100.22
20.00 27.00 1.00 3.00 115.62
44.00 51.00 0.00 3.00 157.60
14.00 56.00 0.00 5.00 174.80
9.00 56.00 1.00 2.00 73.53
12.00 31.00 1.00 5.00 75.09
53.00 56.00 1.00 3.00 93.32
0.00 19.00 1.00 2.00 71.39
40.00 53.00 0.00 5.00 144.70
53.00 4.00 1.00 3.00 60.79
57.00 19.00 1.00 4.00 163.97
56.00 53.00 0.00 5.00 32.64
