37.00 42.00 0.00 4.00 123.59
56.00 52.00 0.00 3.00 174.96
10.00 54.00 1.00 2.00 53.59
36.00 55.00 0.00 2.00 165.10
7.00 5.00 1.00 4.00 80.92
57.00 54.00 0.00 2.00 182.97
36.00 54.00 1.00 4.00 192.26
33.00 55.00 0.00 2.00 106.61
57.00 16.00 0.00 1.00 81.32
17.00 58.00 1.00 4.00 116.40
8.00 57.00 0.00 2.00 103.85
59.00 26.00 0.00 2.00 119.24
0.00 59.00 1.00 1.00 110.08
22.00 56.00 0.00 3.00 183.08
12.00 54.00 1.00 5.00 188.25
31.00 10.00 0.00 5.00 112.17
29.00 16.00 0.00 5.00 190.24
45.00 53.00 0.00 5.00 136.70
35.00 55.00 1.00 3.00 199.08
4.00 51.00 0.00 4.00 59.40
15.00 58.00 1.00 3.00 84.87
54.00 20.00 1.00 2.00 90.60
55.00 53.00 1.00 3.00 62.71
57.00 33.00 0.00 3.00 50.08
33.00 11.00 0.00 5.00 79.39
51.00 36.00 0.00 5.00 106.03
13.00 45.00 1.00 1.00 181.37
57.00 10.00 0.00 3.00 58.60
52.00 58.00 1.00 4.00 192.84
5.00 24.00 1.00 5.00 99.60
56.00 19.00 1.00 3.00 119.06
59.00 8.00 1.00 3.00 38.42
42.00 54.00 0.00 2.00 54.34
12.00 15.00 1.00 5.00 76.08
51.00 58.00 0.00 1.00 45.12
55.00 50.00 1.00 2.00 86.54
55.00 39.00 0.00 4.00 61.52
42.00 22.00 0.00 5.00 74.28
53.00 39.00 0.00 5.00 170.74
5.00 51.00 0.00 3.00 79.58
6.00 54.00 1.00 4.00 121.36
57.00 53.00 0.00 4.00 88.62
16.00 55.00 0.00 4.00 186.69
36.00 4.00 0.00 1.00 169.81
57.00 52.00 1.00 4.00 98.30
44.00 52.00 0.00 1.00 170.61
50.00 13.00 0.00 2.00 68.82
59.00 32.00 1.00 3.00 106.85
35.00 58.00 1.00 2.00 171.67
53.00 58.00 1.00 2.00 178.15
7.00 18.00 0.00 4.00 134.67
59.00 7.00 0.00 5.00 57.04
50.00 55.00 1.00 3.00 46.10
52.00 57.00 1.00 3.00 140.90
42.00 52.00 1.00 2.00 134.96
59.00 50.00 0.00 3.00 107.97
56.00 21.00 1.00 3.00 110.04
54.00 56.00 1.00 1.00 55.38
13.00 47.00 1.00 4.00 92.30
37.00 58.00 0.00 4.00 131.54
2.00 56.00 1.00 2.00 154.44
13.00 19.00 0.00 2.00 38.08
52.00 33.00 0.00 5.00 128.14
32.00 59.00 0.00 2.00 60.90
58.00 54.00 0.00 3.00 55.92
55.00 10.00 0.00 1.00 199.18
56.00 54.00 0.00 3.00 121.87
28.00 56.00 1.00 5.00 30.31
6.00 21.00 0.00 5.00 147.40
56.00 12.00 0.00 3.00 57.65
55.00 21.00 1.00 3.00 50.38
16.00 6.00 1.00 5.00 151.78
50.00 55.00 1.00 1.00 176.24
36.00 18.00 0.00 5.00 80.51
56.00 34.00 1.00 3.00 157.61
14.00 59.00 1.00 1.00 40.04
50.00 57.00 1.00 1.00 134.04
29.00 54.00 0.00 5.00 35.38
28.00 51.00 0.00 1.00 129.18
46.00 7.00 1.00 1.00 71.77
56.00 8.00 1.00 4.00 57.89
8.00 39.00 0.00 4.00 64.33
57.00 16.00 1.00 3.00 87.66
13.00 59.00 0.00 4.00 175.28
3.00 57.00 0.00 5.00 58.62
27.00 53.00 0.00 5.00 129.53
58.00 54.00 1.00 2.00 97.63
58.00 51.00 1.00 1.00 172.33
50.00 58.00 1.00 5.00 137.87
5.00 54.00 0.00 4.00 63.56
2.00 55.00 0.00 5.00 124.40
55.00 54.00 0.00 2.00 156.28
24.00 53.00 0.00 4.00 78.88
27.00 43.00 0.00 3.00 90.01
58.00 37.00 0.00 2.00 88.48
53.00 58.00 1.00 3.00 65.34
50.00 57.00 0.00 3.00 41.87
28.00 53.00 0.00 5.00 132.25
16.00 39.00 1.00 4.00 57.35
59.00 52.00 1.00 1.00 62.18
58.00 54.00 1.00 1.00 63.32
56.00 14.00 0.00 1.00 189.49
33.00 51.00 1.00 1.00 145.98
41.00 11.00 1.00 1.00 96.22
11.00 47.00 1.00 2.00 160.74
34.00 50.00 0.00 5.00 98.50
39.00 50.00 1.00 3.00 184.01
50.00 2.00 0.00 4.00 111.08
50.00 59.00 1.00 4.00 191.80
53.00 4.00 1.00 1.00 176.76
17.00 59.00 0.00 5.00 110.83
39.00 56.00 0.00 3.00 134.64
28.00 55.00 0.00 4.00 106.41
56.00 50.00 0.00 4.00 85.42
56.00 50.00 1.00 3.00 44.92
19.00 9.00 1.00 5.00 157.38
57.00 23.00 1.00 1.00 129.59
7.00 23.00 0.00 3.00 50.97
52.00 48.00 1.00 1.00 59.36
32.00 34.00 0.00 3.00 119.21
53.00 56.00 0.00 5.00 180.41
18.00 59.00 0.00 3.00 116.68
10.00 26.00 1.00 4.00 162.98
48.00 21.00 0.00 1.00 178.88
47.00 50.00 0.00 4.00 101.75
12.00 53.00 1.00 1.00 138.66
59.00 54.00 1.00 1.00 121.47
45.00 13.00 0.00 5.00 89.96
59.00 23.00 1.00 4.00 175.37
56.00 16.00 1.00 4.00 96.48
10.00 27.00 0.00 5.00 41.16
38.00 57.00 0.00 2.00 110.72
51.00 57.00 1.00 5.00 159.61
59.00 53.00 1.00 2.00 197.67
51.00 29.00 0.00 5.00 182.05
48.00 11.00 1.00 3.00 63.61
52.00 44.00 1.00 5.00 189.57
1.00 57.00 0.00 3.00 35.26
32.00 4.00 1.00 5.00 64.60
57.00 52.00 1.00 1.00 145.34
59.00 11.00 0.00 3.00 111.04
50.00 34.00 1.00 5.00 42.46
55.00 54.00 1.00 3.00 99.00
16.00 35.00 0.00 4.00 199.00
59.00 24.00 0.00 5.00 116.80
56.00 35.00 0.00 5.00 45.85
53.00 58.00 1.00 3.00 74.65
55.00 15.00 1.00 1.00 42.79
51.00 5.00 1.00 4.00 197.33
29.00 51.00 0.00 5.00 39.55
48.00 0.00 0.00 4.00 152.16
22.00 0.00 1.00 4.00 128.71
20.00 29.00 1.00 2.00 68.50
42.00 51.00 0.00 3.00 54.91
45.00 51.00 0.00 3.00 70.48
6.00 53.00 0.00 3.00 178.17
54.00 55.00 1.00 2.00 177.25
59.00 53.00 1.00 1.00 182.20
10.00 51.00 1.00 2.00 170.62
54.00 56.00 0.00 2.00 142.91
53.00 13.00 0.00 4.00 133.16
56.00 51.00 0.00 1.00 86.49
41.00 50.00 1.00 1.00 36.01
50.00 47.00 0.00 1.00 65.64
12.00 53.00 1.00 1.00 143.95
13.00 31.00 1.00 1.00 99.00
10.00 53.00 1.00 4.00 70.81
58.00 50.00 1.00 2.00 32.55
56.00 7.00 1.00 5.00 99.17
58.00 52.00 1.00 4.00 123.53
1.00 52.00 1.00 2.00 76.13
54.00 44.00 1.00 5.00 69.64
29.00 44.00 1.00 4.00 50.95
54.00 16.00 0.00 1.00 157.30
48.00 52.00 0.00 3.00 113.64
5.00 59.00 0.00 4.00 132.56
0.00 57.00 1.00 2.00 53.37
1.00 52.00 1.00 1.00 152.93
46.00 58.00 1.00 1.00 51.35
58.00 53.00 0.00 3.00 177.93
53.00 34.00 1.00 1.00 89.63
54.00 49.00 1.00 2.00 69.69
51.00 33.00 1.00 5.00 162.16
16.00 12.00 1.00 4.00 43.78
50.00 56.00 0.00 4.00 117.62
54.00 55.00 1.00 5.00 65.77
28.00 59.00 1.00 2.00 141.18
22.00 57.00 1.00 5.00 39.43
59.00 2.00 0.00 5.00 154.64
50.00 59.00 0.00 4.00 105.82
50.00 28.00 1.00 2.00 60.10
13.00 56.00 1.00 2.00 56.41
9.00 54.00 1.00 1.00 99.24
23.00 7.00 0.00 3.00 137.93
52.00 59.00 0.00 1.00 121.18
53.00 55.00 0.00 1.00 36.88
52.00 59.00 1.00 1.00 70.12
1.00 16.00 0.00 3.00 151.21
50.00 30.00 0.00 4.00 59.36
3.00 31.00 1.00 4.00 168.96
34.00 51.00 0.00 3.00 88.43
59.00 53.00 0.00 4.00 190.82
55.00 53.00 0.00 3.00 52.30
58.00 4.00 0.00 5.00 151.89
35.00 46.00 0.00 2.00 155.44
57.00 51.00 1.00 5.00 55.72
57.00 50.00 0.00 4.00 147.15
1.00 15.00 0.00 1.00 122.30
53.00 55.00 0.00 4.00 174.15
15.00 29.00 0.00 3.00 94.94
41.00 6.00 0.00 5.00 86.28
56.00 53.00 1.00 5.00 144.06
48.00 59.00 0.00 4.00 65.88
54.00 40.00 1.00 2.00 161.44
52.00 58.00 1.00 2.00 152.38
50.00 44.00 1.00 1.00 70.54
51.00 57.00 0.00 4.00 195.32
36.00 53.00 0.00 5.00 180.82
45.00 10.00 0.00 2.00 167.74
27.00 52.00 0.00 3.00 54.39
55.00 17.00 1.00 5.00 143.22
57.00 34.00 0.00 4.00 141.64
0.00 30.00 1.00 1.00 114.91
15.00 34.00 1.00 5.00 170.83
55.00 34.00 1.00 5.00 68.96
51.00 10.00 1.00 4.00 133.24
27.00 51.00 1.00 5.00 180.35
57.00 54.00 1.00 1.00 98.13
8.00 29.00 0.00 1.00 104.85
54.00 28.00 1.00 3.00 134.63
2.00 20.00 1.00 1.00 35.18
4.00 21.00 0.00 2.00 116.42
51.00 32.00 0.00 2.00 32.96
6.00 42.00 1.00 5.00 152.72
36.00 56.00 1.00 5.00 166.22
7.00 52.00 1.00 4.00 137.78
52.00 55.00 0.00 3.00 153.61
19.00 59.00 1.00 1.00 154.50
54.00 57.00 1.00 3.00 107.62
58.00 53.00 1.00 4.00 142.50
11.00 27.00 0.00 2.00 157.80
54.00 32.00 0.00 3.00 66.84
25.00 53.00 1.00 4.00 68.65
50.00 28.00 1.00 2.00 122.29
48.00 52.00 0.00 5.00 68.23
10.00 55.00 1.00 3.00 193.42
59.00 28.00 0.00 2.00 161.45
51.00 28.00 1.00 5.00 130.70
58.00 35.00 0.00 4.00 68.55
43.00 23.00 1.00 5.00 150.38
54.00 34.00 1.00 1.00 67.04
27.00 50.00 0.00 5.00 106.12
15.00 56.00 0.00 4.00 118.47
1.00 48.00 0.00 2.00 144.56
58.00 13.00 0.00 4.00 41.76
19.00 24.00 0.00 2.00 101.30
55.00 54.00 0.00 2.00 182.75
24.00 4.00 0.00 1.00 150.73
51.00 7.00 0.00 5.00 187.20
44.00 39.00 1.00 5.00 83.41
15.00 52.00 1.00 2.00 112.69
58.00 6.00 0.00 4.00 79.82
50.00 59.00 0.00 3.00 103.63
51.00 31.00 1.00 1.00 106.23
57.00 21.00 1.00 2.00 151.97
33.00 56.00 1.00 4.00 60.41
47.00 53.00 1.00 3.00 177.47
2.00 54.00 0.00 3.00 176.59
56.00 22.00 0.00 5.00 120.36
59.00 53.00 1.00 5.00 187.77
46.00 12.00 0.00 1.00 89.47
59.00 50.00 1.00 4.00 78.25
59.00 51.00 1.00 1.00 144.06
9.00 56.00 1.00 5.00 92.33
32.00 33.00 1.00 5.00 82.03
55.00 54.00 1.00 4.00 188.76
59.00 51.00 1.00 2.00 140.42
1.00 32.00 1.00 1.00 43.97
56.00 10.00 1.00 2.00 80.01
35.00 56.00 1.00 3.00 41.60
55.00 54.00 1.00 1.00 79.79
52.00 36.00 1.00 3.00 130.45
51.00 59.00 1.00 3.00 43.42
58.00 50.00 0.00 3.00 119.66
18.00 58.00 0.00 3.00 176.81
42.00 53.00 1.00 4.00 197.50
52.00 59.00 0.00 4.00 63.49
35.00 22.00 1.00 2.00 191.93
52.00 56.00 1.00 5.00 80.57
57.00 20.00 1.00 4.00 154.46
5.00 14.00 0.00 2.00 119.59
34.00 54.00 1.00 2.00 67.39
50.00 30.00 0.00 4.00 184.81
51.00 3.00 0.00 1.00 65.53
29.00 53.00 0.00 5.00 155.64
23.00 42.00 1.00 3.00 186.92
29.00 59.00 0.00 4.00 49.84
12.00 26.00 1.00 5.00 124.20
50.00 58.00 1.00 5.00 81.05
19.00 20.00 1.00 3.00 149.64
39.00 23.00 1.00 3.00 87.98
50.00 58.00 0.00 1.00 127.44
45.00 51.00 1.00 2.00 179.59
6.00 55.00 0.00 5.00 128.03
36.00 53.00 0.00 4.00 152.14
52.00 58.00 1.00 5.00 96.36
17.00 9.00 1.00 1.00 87.30
13.00 45.00 1.00 4.00 94.41
3.00 54.00 0.00 3.00 53.14
55.00 51.00 1.00 2.00 63.19
50.00 0.00 1.00 1.00 180.73
29.00 47.00 1.00 5.00 160.58
33.00 53.00 0.00 2.00 98.87
14.00 56.00 1.00 5.00 119.97
38.00 53.00 0.00 4.00 152.79
33.00 51.00 0.00 5.00 72.52
57.00 54.00 0.00 3.00 39.79
53.00 15.00 0.00 1.00 104.06
58.00 50.00 1.00 3.00 116.95
42.00 35.00 0.00 4.00 115.01
50.00 48.00 1.00 1.00 176.02
52.00 56.00 0.00 1.00 180.97
58.00 54.00 1.00 4.00 161.24
0.00 44.00 0.00 5.00 78.63
51.00 55.00 0.00 4.00 127.21
59.00 30.00 0.00 2.00 81.46
20.00 54.00 0.00 5.00 72.54
10.00 45.00 1.00 1.00 53.71
27.00 52.00 0.00 2.00 77.10
55.00 52.00 1.00 3.00 51.35
56.00 50.00 1.00 5.00 136.25
53.00 47.00 1.00 1.00 43.72
56.00 15.00 1.00 2.00 197.15
59.00 46.00 1.00 2.00 168.84
21.00 29.00 0.00 1.00 130.54
5.00 54.00 0.00 2.00 41.02
54.00 15.00 1.00 2.00 124.61
10.00 43.00 1.00 4.00 30.38
55.00 54.00 0.00 3.00 154.59
55.00 54.00 0.00 5.00 129.56
52.00 42.00 1.00 3.00 110.84
23.00 57.00 1.00 2.00 81.82
14.00 53.00 0.00 1.00 97.94
35.00 55.00 1.00 3.00 181.97
50.00 58.00 0.00 4.00 124.02
15.00 39.00 1.00 3.00 44.12
3.00 28.00 0.00 5.00 104.14
10.00 59.00 1.00 2.00 52.31
54.00 42.00 0.00 4.00 153.65
27.00 56.00 0.00 5.00 155.05
30.00 1.00 1.00 4.00 100.79
26.00 54.00 0.00 4.00 74.62
18.00 42.00 0.00 4.00 43.89
28.00 24.00 1.00 2.00 126.98
49.00 24.00 0.00 1.00 84.29
4.00 18.00 1.00 4.00 106.15
55.00 28.00 0.00 3.00 124.23
19.00 38.00 0.00 4.00 106.33
55.00 50.00 1.00 2.00 165.72
43.00 51.00 0.00 2.00 118.41
51.00 38.00 1.00 2.00 111.97
57.00 39.00 1.00 3.00 79.08
55.00 4.00 1.00 3.00 151.25
39.00 10.00 0.00 2.00 172.86
58.00 26.00 1.00 1.00 173.50
10.00 44.00 0.00 2.00 145.06
59.00 52.00 0.00 2.00 182.77
55.00 51.00 1.00 5.00 81.02
19.00 6.00 1.00 4.00 60.73
57.00 51.00 1.00 5.00 49.68
39.00 58.00 1.00 4.00 40.10
51.00 59.00 1.00 1.00 176.15
38.00 32.00 0.00 2.00 62.82
42.00 53.00 1.00 1.00 32.15
12.00 31.00 0.00 5.00 37.55
7.00 17.00 0.00 5.00 59.49
54.00 31.00 0.00 4.00 144.18
53.00 8.00 0.00 1.00 137.27
18.00 37.00 1.00 1.00 121.01
8.00 51.00 0.00 5.00 158.94
55.00 52.00 1.00 3.00 103.88
27.00 57.00 0.00 2.00 120.06
53.00 42.00 0.00 3.00 116.14
47.00 29.00 0.00 3.00 186.30
1.00 44.00 0.00 1.00 157.59
58.00 22.00 1.00 4.00 108.32
58.00 28.00 0.00 3.00 63.67
57.00 53.00 0.00 4.00 36.11
59.00 50.00 1.00 3.00 80.85
38.00 51.00 1.00 1.00 192.45
54.00 56.00 1.00 2.00 190.82
2.00 51.00 0.00 3.00 114.24
5.00 11.00 1.00 2.00 58.19
3.00 17.00 1.00 2.00 188.71
1.00 59.00 1.00 5.00 139.13
56.00 53.00 0.00 4.00 153.62
58.00 11.00 0.00 3.00 46.42
52.00 35.00 1.00 1.00 67.10
31.00 11.00 0.00 2.00 47.03
53.00 46.00 0.00 5.00 174.40
21.00 35.00 0.00 1.00 121.16
58.00 13.00 1.00 2.00 73.64
58.00 3.00 1.00 2.00 175.51
30.00 39.00 0.00 1.00 147.84
51.00 26.00 1.00 3.00 132.08
59.00 5.00 0.00 5.00 187.10
51.00 1.00 0.00 1.00 149.65
59.00 3.00 0.00 3.00 70.16
59.00 30.00 1.00 3.00 74.55
28.00 55.00 0.00 1.00 183.97
52.00 55.00 0.00 5.00 103.82
53.00 59.00 1.00 1.00 90.13
56.00 51.00 0.00 2.00 89.54
2.00 53.00 0.00 4.00 33.17
56.00 50.00 1.00 4.00 97.39
45.00 6.00 0.00 2.00 49.07
57.00 28.00 0.00 4.00 54.81
55.00 52.00 0.00 3.00 151.23
51.00 10.00 0.00 5.00 77.36
54.00 44.00 1.00 4.00 126.25
30.00 13.00 0.00 2.00 199.98
55.00 54.00 1.00 1.00 32.34
54.00 47.00 1.00 1.00 68.80
34.00 41.00 0.00 5.00 156.53
7.00 56.00 1.00 3.00 194.79
56.00 23.00 0.00 1.00 178.38
52.00 27.00 0.00 3.00 110.24
6.00 44.00 1.00 3.00 121.31
28.00 3.00 0.00 2.00 97.24
57.00 52.00 0.00 1.00 156.09
30.00 57.00 1.00 1.00 199.93
23.00 58.00 0.00 2.00 169.60
58.00 11.00 1.00 4.00 189.90
29.00 2.00 1.00 4.00 164.37
51.00 56.00 0.00 4.00 81.07
53.00 55.00 0.00 1.00 151.18
52.00 48.00 1.00 1.00 107.53
11.00 49.00 1.00 5.00 33.98
49.00 26.00 0.00 4.00 43.56
54.00 58.00 0.00 3.00 81.24
11.00 42.00 0.00 2.00 111.41
53.00 13.00 1.00 1.00 35.59
58.00 53.00 0.00 5.00 35.84
56.00 22.00 1.00 4.00 162.66
55.00 24.00 1.00 5.00 89.30
59.00 4.00 1.00 5.00 51.92
50.00 55.00 0.00 1.00 187.00
1.00 30.00 0.00 5.00 112.36
14.00 38.00 1.00 5.00 183.53
42.00 35.00 1.00 5.00 157.88
46.00 52.00 1.00 3.00 66.81
50.00 47.00 1.00 1.00 132.88
36.00 44.00 0.00 5.00 132.49
55.00 38.00 1.00 3.00 64.83
5.00 52.00 1.00 3.00 114.84
20.00 57.00 0.00 3.00 177.18
2.00 26.00 0.00 5.00 157.71
13.00 22.00 0.00 4.00 33.56
57.00 38.00 1.00 5.00 153.18
32.00 2.00 1.00 3.00 38.09
21.00 58.00 0.00 4.00 146.68
53.00 0.00 1.00 4.00 77.04
46.00 50.00 1.00 1.00 50.26
37.00 39.00 0.00 3.00 150.28
36.00 52.00 1.00 4.00 193.29
8.00 40.00 1.00 2.00 109.71
58.00 35.00 0.00 4.00 142.77
11.00 57.00 0.00 1.00 102.57
43.00 12.00 1.00 1.00 55.99
52.00 15.00 1.00 1.00 44.85
13.00 59.00 0.00 5.00 62.67
52.00 11.00 1.00 2.00 194.49
52.00 49.00 1.00 3.00 101.04
15.00 27.00 1.00 5.00 99.68
31.00 50.00 1.00 2.00 147.52
39.00 11.00 1.00 3.00 195.90
51.00 42.00 0.00 5.00 90.20
58.00 52.00 0.00 4.00 96.21
50.00 56.00 0.00 2.00 80.16
31.00 44.00 1.00 5.00 197.25
58.00 53.00 0.00 3.00 63.74
58.00 51.00 0.00 2.00 191.52
54.00 20.00 1.00 5.00 157.75
36.00 52.00 0.00 2.00 167.16
57.00 7.00 0.00 3.00 172.33
17.00 58.00 0.00 4.00 73.91
2.00 16.00 1.00 5.00 158.58
6.00 42.00 1.00 1.00 180.25
20.00 40.00 1.00 4.00 145.26
29.00 51.00 0.00 2.00 90.87
41.00 4.00 0.00 2.00 133.19
56.00 54.00 0.00 1.00 178.59
48.00 3.00 1.00 2.00 145.12
21.00 55.00 1.00 4.00 81.78
54.00 58.00 0.00 1.00 148.37
56.00 52.00 1.00 1.00 119.24
58.00 36.00 1.00 2.00 120.70
30.00 22.00 1.00 2.00 188.14
26.00 41.00 0.00 5.00 45.30
40.00 50.00 1.00 2.00 42.84
23.00 40.00 1.00 5.00 39.52
56.00 50.00 0.00 3.00 157.36
32.00 44.00 1.00 5.00 35.93
53.00 56.00 0.00 4.00 92.03
52.00 55.00 1.00 3.00 134.09
52.00 58.00 1.00 5.00 78.35
59.00 50.00 0.00 5.00 145.99
0.00 58.00 0.00 1.00 73.48
6.00 21.00 0.00 3.00 42.31
53.00 36.00 0.00 5.00 72.81
42.00 18.00 1.00 3.00 40.78
11.00 27.00 0.00 2.00 110.55
31.00 23.00 1.00 5.00 57.43
5.00 51.00 0.00 5.00 180.26
50.00 3.00 0.00 1.00 175.23
28.00 16.00 1.00 2.00 182.52
35.00 57.00 0.00 1.00 58.85
52.00 56.00 0.00 4.00 94.88
43.00 24.00 0.00 4.00 41.29
52.00 9.00 0.00 2.00 172.50
59.00 53.00 1.00 5.00 88.00
22.00 28.00 0.00 4.00 43.31
57.00 54.00 0.00 3.00 173.08
40.00 22.00 0.00 2.00 66.52
58.00 50.00 1.00 4.00 149.11
51.00 59.00 1.00 1.00 124.60
41.00 54.00 1.00 3.00 93.76
45.00 26.00 1.00 1.00 32.66
50.00 58.00 0.00 2.00 128.99
31.00 22.00 0.00 1.00 104.16
54.00 58.00 0.00 4.00 98.29
52.00 56.00 1.00 4.00 56.29
51.00 1.00 1.00 2.00 46.55
53.00 57.00 0.00 3.00 113.40
37.00 55.00 1.00 4.00 78.93
42.00 19.00 1.00 1.00 135.28
59.00 18.00 0.00 5.00 35.52
27.00 54.00 0.00 2.00 125.54
55.00 33.00 0.00 4.00 181.19
54.00 13.00 1.00 4.00 155.54
58.00 52.00 0.00 5.00 35.40
50.00 58.00 1.00 3.00 85.19
15.00 57.00 0.00 4.00 126.81
47.00 51.00 0.00 4.00 140.29
53.00 56.00 1.00 2.00 177.18
13.00 58.00 1.00 3.00 153.78
13.00 53.00 0.00 2.00 134.44
25.00 54.00 0.00 1.00 186.36
47.00 55.00 1.00 4.00 184.05
8.00 0.00 1.00 5.00 61.36
55.00 51.00 1.00 3.00 125.46
30.00 53.00 0.00 4.00 60.11
51.00 55.00 1.00 3.00 161.79
54.00 56.00 1.00 3.00 165.58
8.00 43.00 0.00 4.00 158.08
57.00 53.00 0.00 3.00 57.99
50.00 56.00 1.00 3.00 110.90
50.00 57.00 1.00 3.00 90.42
23.00 55.00 0.00 3.00 177.20
59.00 27.00 0.00 5.00 127.40
59.00 51.00 1.00 4.00 113.79
15.00 58.00 1.00 2.00 190.72
41.00 34.00 0.00 3.00 119.29
55.00 54.00 1.00 2.00 183.44
7.00 56.00 1.00 3.00 105.30
53.00 58.00 0.00 3.00 175.66
45.00 50.00 0.00 3.00 122.50
36.00 40.00 0.00 4.00 191.13
32.00 58.00 0.00 5.00 135.59
53.00 59.00 1.00 3.00 139.24
57.00 51.00 0.00 4.00 115.39
53.00 58.00 0.00 3.00 166.44
57.00 21.00 1.00 5.00 43.61
58.00 14.00 1.00 1.00 76.82
11.00 56.00 0.00 2.00 54.93
10.00 50.00 1.00 2.00 147.74
32.00 38.00 1.00 1.00 132.31
54.00 5.00 0.00 2.00 197.41
58.00 45.00 1.00 2.00 35.89
52.00 34.00 0.00 3.00 152.05
53.00 55.00 0.00 3.00 48.69
24.00 26.00 0.00 4.00 108.46
57.00 54.00 0.00 2.00 74.22
52.00 36.00 0.00 5.00 143.39
51.00 46.00 0.00 2.00 180.55
59.00 50.00 0.00 4.00 67.16
35.00 56.00 1.00 5.00 114.66
50.00 55.00 0.00 3.00 164.50
58.00 36.00 0.00 1.00 187.96
34.00 53.00 0.00 4.00 136.75
57.00 14.00 0.00 3.00 31.42
40.00 5.00 1.00 4.00 99.54
10.00 53.00 0.00 4.00 82.56
24.00 43.00 0.00 5.00 194.39
18.00 5.00 0.00 5.00 75.77
38.00 41.00 1.00 4.00 117.65
51.00 58.00 1.00 5.00 101.41
53.00 42.00 0.00 4.00 61.68
51.00 55.00 1.00 3.00 61.37
51.00 46.00 0.00 3.00 163.38
8.00 49.00 0.00 1.00 95.50
39.00 50.00 0.00 2.00 195.37
9.00 50.00 0.00 5.00 81.08
28.00 56.00 0.00 1.00 171.30
50.00 58.00 1.00 3.00 49.30
11.00 55.00 1.00 5.00 167.56
28.00 56.00 1.00 4.00 181.24
57.00 54.00 0.00 2.00 75.70
52.00 58.00 1.00 5.00 196.84
12.00 59.00 0.00 5.00 60.77
58.00 32.00 1.00 2.00 84.81
2.00 54.00 1.00 5.00 35.23
54.00 58.00 1.00 4.00 105.43
6.00 39.00 1.00 1.00 142.22
15.00 33.00 0.00 5.00 99.46
44.00 54.00 0.00 2.00 113.85
45.00 38.00 1.00 1.00 33.84
57.00 51.00 0.00 3.00 174.19
22.00 56.00 0.00 4.00 52.50
55.00 19.00 1.00 2.00 152.66
52.00 46.00 0.00 3.00 47.65
45.00 51.00 0.00 3.00 176.51
38.00 59.00 1.00 4.00 31.17
57.00 4.00 1.00 5.00 145.41
56.00 33.00 1.00 5.00 181.76
1.00 59.00 0.00 5.00 181.03
43.00 36.00 0.00 4.00 171.65
41.00 50.00 0.00 4.00 79.00
57.00 53.00 0.00 4.00 157.27
50.00 28.00 0.00 3.00 64.80
53.00 24.00 1.00 2.00 122.89
57.00 38.00 0.00 5.00 41.44
52.00 4.00 1.00 3.00 142.44
59.00 1.00 1.00 2.00 125.75
55.00 54.00 1.00 5.00 126.02
32.00 18.00 1.00 3.00 120.31
56.00 54.00 1.00 5.00 159.20
26.00 57.00 1.00 3.00 101.05
30.00 46.00 0.00 4.00 70.47
55.00 50.00 0.00 1.00 70.52
1.00 51.00 0.00 4.00 85.63
28.00 16.00 1.00 5.00 139.65
49.00 35.00 1.00 2.00 75.82
55.00 51.00 1.00 1.00 32.03
30.00 52.00 1.00 2.00 191.08
53.00 55.00 0.00 4.00 183.06
52.00 36.00 0.00 1.00 76.35
51.00 56.00 1.00 4.00 93.20
10.00 54.00 1.00 3.00 183.68
37.00 58.00 0.00 2.00 164.87
32.00 52.00 1.00 2.00 123.52
45.00 59.00 1.00 5.00 95.79
55.00 53.00 1.00 5.00 171.23
3.00 59.00 1.00 5.00 170.41
26.00 56.00 0.00 1.00 31.90
30.00 59.00 1.00 4.00 35.72
34.00 58.00 0.00 5.00 111.04
55.00 26.00 0.00 5.00 144.12
39.00 58.00 1.00 4.00 111.91
33.00 45.00 1.00 3.00 157.04
53.00 44.00 1.00 2.00 106.35
56.00 2.00 0.00 3.00 88.46
57.00 53.00 0.00 5.00 149.46
25.00 51.00 1.00 3.00 181.21
58.00 53.00 1.00 3.00 115.65
55.00 52.00 0.00 5.00 56.51
51.00 58.00 1.00 1.00 56.25
59.00 17.00 0.00 5.00 121.27
2.00 56.00 1.00 5.00 50.48
48.00 59.00 0.00 2.00 174.53
57.00 53.00 0.00 3.00 88.04
53.00 5.00 0.00 5.00 166.31
16.00 30.00 0.00 5.00 48.95
25.00 53.00 1.00 4.00 126.08
50.00 57.00 1.00 1.00 173.92
58.00 32.00 1.00 3.00 166.87
50.00 59.00 1.00 4.00 155.23
28.00 56.00 1.00 1.00 83.66
11.00 30.00 1.00 1.00 142.83
58.00 54.00 1.00 5.00 86.08
15.00 53.00 1.00 4.00 125.45
52.00 44.00 0.00 1.00 178.97
53.00 9.00 1.00 4.00 107.82
56.00 54.00 1.00 3.00 190.02
56.00 8.00 1.00 3.00 65.87
51.00 57.00 0.00 3.00 58.07
59.00 50.00 0.00 2.00 170.86
54.00 56.00 0.00 3.00 78.57
57.00 36.00 1.00 1.00 145.24
45.00 0.00 1.00 1.00 79.71
26.00 4.00 0.00 1.00 108.36
59.00 5.00 1.00 5.00 108.61
1.00 16.00 0.00 2.00 81.54
52.00 58.00 0.00 4.00 180.92
56.00 53.00 0.00 4.00 170.28
51.00 13.00 0.00 2.00 85.87
51.00 37.00 0.00 2.00 62.47
8.00 53.00 1.00 2.00 198.09
26.00 47.00 0.00 1.00 81.02
0.00 48.00 0.00 4.00 165.32
