58.00 52.00 0.00 5.00 70.39
36.00 51.00 0.00 5.00 97.39
57.00 13.00 1.00 4.00 46.86
55.00 51.00 0.00 4.00 155.18
54.00 56.00 1.00 1.00 196.60
20.00 55.00 1.00 1.00 79.59
42.00 19.00 1.00 2.00 134.71
20.00 0.00 0.00 4.00 160.65
2.00 57.00 1.00 1.00 155.88
55.00 54.00 1.00 2.00 38.29
10.00 31.00 1.00 5.00 78.27
56.00 3.00 0.00 4.00 33.10
52.00 55.00 0.00 5.00 49.87
55.00 4.00 0.00 5.00 90.83
21.00 42.00 1.00 2.00 66.26
55.00 54.00 0.00 5.00 187.21
59.00 54.00 1.00 4.00 85.78
54.00 55.00 1.00 5.00 99.90
28.00 55.00 0.00 2.00 126.18
53.00 11.00 0.00 5.00 76.05
30.00 53.00 0.00 1.00 143.39
0.00 52.00 0.00 1.00 168.43
54.00 58.00 0.00 1.00 85.16
56.00 51.00 1.00 1.00 62.02
50.00 59.00 1.00 1.00 99.42
48.00 52.00 1.00 2.00 112.01
52.00 39.00 1.00 3.00 125.74
50.00 56.00 0.00 5.00 108.74
10.00 52.00 0.00 1.00 42.97
57.00 27.00 1.00 2.00 80.24
52.00 59.00 1.00 2.00 55.16
7.00 51.00 1.00 3.00 57.81
3.00 56.00 1.00 3.00 130.05
33.00 30.00 1.00 4.00 172.04
52.00 0.00 0.00 3.00 165.22
51.00 59.00 1.00 3.00 151.73
44.00 53.00 1.00 1.00 43.63
34.00 53.00 1.00 4.00 134.07
25.00 18.00 0.00 1.00 155.23
4.00 58.00 1.00 1.00 191.24
54.00 59.00 1.00 4.00 81.16
8.00 30.00 1.00 3.00 163.49
50.00 56.00 0.00 5.00 138.44
54.00 38.00 0.00 2.00 145.32
2.00 56.00 0.00 1.00 182.51
52.00 26.00 1.00 3.00 38.37
44.00 52.00 1.00 1.00 184.27
50.00 10.00 1.00 3.00 93.74
55.00 12.00 0.00 1.00 79.44
8.00 29.00 1.00 2.00 33.99
3.00 40.00 1.00 3.00 42.56
16.00 4.00 1.00 3.00 53.84
50.00 56.00 0.00 3.00 84.27
59.00 53.00 1.00 4.00 83.91
52.00 55.00 1.00 5.00 36.01
53.00 39.00 0.00 3.00 94.52
15.00 58.00 0.00 5.00 163.71
50.00 57.00 1.00 2.00 123.31
57.00 52.00 1.00 2.00 103.52
58.00 14.00 1.00 3.00 71.27
56.00 54.00 1.00 5.00 85.12
51.00 39.00 0.00 2.00 176.82
4.00 51.00 0.00 2.00 180.58
24.00 32.00 0.00 3.00 49.75
1.00 59.00 1.00 3.00 83.08
58.00 0.00 1.00 4.00 143.15
33.00 22.00 1.00 4.00 78.77
48.00 26.00 1.00 4.00 186.28
30.00 17.00 0.00 4.00 129.07
33.00 59.00 1.00 5.00 64.69
40.00 50.00 0.00 5.00 59.04
58.00 39.00 1.00 3.00 103.13
16.00 57.00 0.00 4.00 197.29
7.00 50.00 1.00 2.00 149.29
52.00 57.00 0.00 2.00 121.37
27.00 50.00 0.00 3.00 52.72
46.00 29.00 1.00 2.00 131.26
28.00 55.00 1.00 3.00 193.89
27.00 44.00 1.00 4.00 170.65
54.00 56.00 1.00 5.00 114.13
57.00 54.00 1.00 1.00 99.58
51.00 33.00 0.00 1.00 110.86
27.00 23.00 0.00 3.00 114.93
4.00 42.00 0.00 4.00 140.12
56.00 53.00 1.00 2.00 106.32
56.00 53.00 1.00 5.00 156.46
1.00 50.00 1.00 5.00 132.87
53.00 57.00 1.00 5.00 101.52
27.00 18.00 1.00 1.00 195.67
59.00 52.00 0.00 1.00 132.65
2.00 51.00 1.00 5.00 194.19
50.00 29.00 0.00 1.00 135.59
29.00 51.00 0.00 3.00 30.39
53.00 44.00 0.00 4.00 178.59
52.00 45.00 1.00 2.00 111.05
52.00 59.00 1.00 1.00 142.35
3.00 56.00 0.00 1.00 85.18
53.00 49.00 0.00 3.00 112.74
54.00 14.00 0.00 1.00 62.81
21.00 41.00 1.00 5.00 161.59
30.00 54.00 0.00 4.00 142.70
57.00 35.00 0.00 2.00 158.08
53.00 59.00 0.00 1.00 173.21
58.00 46.00 0.00 2.00 146.26
7.00 50.00 0.00 1.00 117.89
57.00 54.00 0.00 2.00 144.49
55.00 51.00 0.00 2.00 38.94
59.00 50.00 1.00 3.00 123.64
58.00 25.00 1.00 5.00 143.31
56.00 34.00 1.00 2.00 141.34
51.00 46.00 0.00 4.00 181.19
24.00 27.00 0.00 1.00 43.40
56.00 10.00 0.00 1.00 199.08
1.00 44.00 1.00 4.00 181.55
42.00 24.00 1.00 5.00 122.92
35.00 49.00 1.00 2.00 143.06
10.00 42.00 1.00 3.00 53.67
32.00 58.00 0.00 3.00 79.35
7.00 54.00 0.00 2.00 100.06
56.00 52.00 1.00 4.00 150.57
24.00 58.00 1.00 1.00 135.63
51.00 58.00 1.00 3.00 56.34
59.00 51.00 0.00 2.00 180.73
56.00 9.00 1.00 5.00 56.08
38.00 57.00 1.00 1.00 166.06
54.00 30.00 0.00 4.00 61.61
14.00 5.00 1.00 1.00 132.18
41.00 37.00 1.00 4.00 118.43
24.00 43.00 1.00 3.00 173.07
54.00 59.00 0.00 4.00 76.76
52.00 56.00 1.00 5.00 155.89
54.00 31.00 1.00 1.00 170.00
54.00 58.00 0.00 5.00 194.92
55.00 19.00 0.00 1.00 74.26
37.00 59.00 0.00 1.00 106.63
28.00 47.00 1.00 5.00 192.49
25.00 54.00 1.00 2.00 168.67
39.00 48.00 1.00 3.00 130.45
57.00 37.00 1.00 3.00 84.06
42.00 54.00 1.00 4.00 168.89
14.00 43.00 1.00 5.00 165.84
26.00 57.00 0.00 3.00 167.90
29.00 5.00 0.00 3.00 132.67
28.00 3.00 1.00 2.00 125.30
15.00 57.00 0.00 2.00 86.44
28.00 41.00 0.00 4.00 97.97
17.00 12.00 1.00 1.00 183.05
58.00 54.00 1.00 5.00 81.84
33.00 53.00 0.00 4.00 54.22
57.00 12.00 1.00 5.00 129.29
5.00 53.00 0.00 3.00 84.07
29.00 23.00 0.00 1.00 98.20
57.00 11.00 1.00 4.00 70.00
55.00 51.00 0.00 3.00 131.37
55.00 50.00 1.00 5.00 91.02
55.00 4.00 1.00 1.00 78.48
10.00 55.00 0.00 4.00 77.14
59.00 15.00 0.00 5.00 85.97
51.00 59.00 1.00 1.00 95.15
58.00 54.00 1.00 1.00 53.36
51.00 55.00 0.00 2.00 171.87
7.00 38.00 0.00 2.00 142.72
59.00 54.00 1.00 1.00 151.88
28.00 56.00 0.00 5.00 98.90
46.00 58.00 0.00 1.00 82.18
57.00 52.00 0.00 4.00 92.33
29.00 13.00 0.00 3.00 192.70
6.00 58.00 1.00 2.00 113.86
1.00 17.00 1.00 2.00 89.80
24.00 59.00 1.00 5.00 132.60
4.00 50.00 1.00 5.00 130.53
7.00 55.00 1.00 5.00 34.97
56.00 50.00 1.00 4.00 198.24
28.00 54.00 0.00 1.00 175.98
22.00 31.00 1.00 4.00 86.74
33.00 54.00 1.00 1.00 97.50
2.00 31.00 1.00 4.00 57.77
34.00 57.00 0.00 2.00 45.62
39.00 54.00 0.00 5.00 37.18
52.00 35.00 0.00 4.00 55.52
5.00 21.00 1.00 1.00 72.07
50.00 38.00 1.00 1.00 121.55
16.00 13.00 1.00 5.00 101.39
54.00 56.00 1.00 5.00 174.33
50.00 56.00 0.00 5.00 193.82
52.00 55.00 0.00 4.00 97.39
52.00 38.00 0.00 1.00 98.24
54.00 59.00 0.00 1.00 181.50
43.00 24.00 1.00 2.00 114.16
54.00 6.00 1.00 2.00 165.46
11.00 56.00 0.00 1.00 186.05
16.00 57.00 0.00 3.00 120.99
5.00 32.00 0.00 1.00 42.24
55.00 37.00 1.00 1.00 147.75
50.00 48.00 1.00 1.00 163.09
54.00 48.00 0.00 3.00 137.06
22.00 11.00 0.00 1.00 35.73
15.00 55.00 0.00 1.00 184.68
52.00 44.00 0.00 1.00 128.53
54.00 31.00 0.00 1.00 50.53
57.00 53.00 1.00 4.00 127.40
45.00 53.00 1.00 2.00 107.26
38.00 44.00 0.00 4.00 44.26
54.00 57.00 1.00 4.00 122.03
57.00 17.00 0.00 1.00 30.67
56.00 52.00 1.00 5.00 192.58
4.00 51.00 1.00 3.00 100.33
11.00 53.00 0.00 1.00 184.14
54.00 16.00 0.00 3.00 82.88
23.00 29.00 0.00 1.00 184.24
56.00 15.00 0.00 4.00 86.13
51.00 58.00 1.00 3.00 193.82
50.00 49.00 0.00 3.00 97.20
53.00 25.00 0.00 5.00 60.70
13.00 59.00 0.00 1.00 190.84
28.00 18.00 1.00 2.00 44.96
36.00 41.00 0.00 5.00 42.01
7.00 55.00 1.00 3.00 51.26
54.00 20.00 0.00 4.00 108.33
54.00 2.00 0.00 5.00 159.69
59.00 54.00 1.00 5.00 50.71
52.00 14.00 0.00 3.00 141.81
44.00 18.00 0.00 3.00 106.67
53.00 8.00 0.00 5.00 161.05
53.00 58.00 1.00 5.00 158.13
57.00 23.00 0.00 1.00 85.55
1.00 55.00 0.00 4.00 104.37
57.00 2.00 0.00 4.00 95.92
54.00 58.00 0.00 4.00 112.71
59.00 51.00 0.00 2.00 169.40
58.00 31.00 1.00 4.00 48.57
57.00 50.00 1.00 4.00 109.73
51.00 9.00 0.00 5.00 42.31
27.00 51.00 1.00 4.00 148.03
10.00 16.00 0.00 2.00 59.58
9.00 28.00 1.00 2.00 199.36
5.00 59.00 1.00 5.00 111.30
38.00 29.00 0.00 1.00 39.30
24.00 59.00 0.00 2.00 32.98
1.00 50.00 1.00 3.00 82.79
59.00 54.00 1.00 5.00 149.71
57.00 11.00 0.00 5.00 60.30
35.00 23.00 1.00 3.00 88.13
50.00 1.00 0.00 4.00 147.29
36.00 51.00 1.00 1.00 55.27
54.00 5.00 0.00 1.00 179.74
29.00 59.00 0.00 5.00 41.52
46.00 58.00 1.00 3.00 183.31
57.00 21.00 0.00 2.00 54.14
15.00 58.00 0.00 3.00 84.15
59.00 23.00 0.00 3.00 193.77
50.00 58.00 1.00 5.00 156.55
51.00 36.00 1.00 3.00 143.03
50.00 57.00 0.00 3.00 80.43
51.00 37.00 1.00 4.00 160.62
30.00 19.00 1.00 3.00 88.29
2.00 21.00 1.00 5.00 79.93
14.00 3.00 1.00 4.00 34.25
55.00 6.00 1.00 1.00 38.55
28.00 23.00 0.00 2.00 115.55
53.00 34.00 1.00 3.00 84.80
50.00 48.00 0.00 3.00 140.99
59.00 53.00 1.00 1.00 47.49
29.00 11.00 1.00 5.00 164.47
52.00 2.00 1.00 1.00 155.87
24.00 43.00 0.00 2.00 162.60
53.00 24.00 1.00 4.00 146.74
53.00 55.00 0.00 1.00 190.49
53.00 55.00 1.00 4.00 148.17
44.00 52.00 1.00 2.00 167.28
13.00 55.00 0.00 4.00 50.84
9.00 57.00 0.00 3.00 106.81
9.00 58.00 0.00 4.00 59.65
53.00 15.00 0.00 4.00 63.61
30.00 21.00 0.00 2.00 116.45
58.00 23.00 0.00 3.00 106.78
51.00 39.00 0.00 1.00 197.41
59.00 52.00 1.00 5.00 107.93
14.00 55.00 0.00 4.00 52.94
54.00 58.00 1.00 4.00 81.78
55.00 26.00 1.00 3.00 134.89
10.00 59.00 0.00 4.00 165.40
59.00 54.00 1.00 1.00 143.13
53.00 40.00 0.00 4.00 186.49
10.00 56.00 0.00 5.00 70.85
57.00 1.00 1.00 3.00 113.70
28.00 44.00 1.00 5.00 101.49
12.00 49.00 0.00 1.00 68.76
10.00 50.00 0.00 4.00 172.44
50.00 1.00 1.00 3.00 30.12
1.00 59.00 0.00 3.00 148.71
41.00 51.00 1.00 4.00 131.81
28.00 51.00 0.00 3.00 141.54
52.00 1.00 1.00 5.00 117.04
33.00 51.00 1.00 3.00 105.58
59.00 54.00 0.00 5.00 54.83
8.00 54.00 1.00 3.00 64.13
57.00 53.00 1.00 4.00 46.65
52.00 55.00 1.00 4.00 54.52
31.00 1.00 0.00 1.00 186.19
47.00 50.00 1.00 3.00 46.74
57.00 53.00 0.00 3.00 131.39
34.00 59.00 0.00 2.00 172.54
35.00 54.00 0.00 3.00 109.73
54.00 58.00 1.00 1.00 108.87
27.00 54.00 0.00 3.00 48.48
55.00 11.00 0.00 1.00 81.70
58.00 29.00 0.00 1.00 148.89
57.00 0.00 0.00 2.00 113.88
52.00 56.00 0.00 3.00 193.98
59.00 33.00 1.00 5.00 117.62
51.00 56.00 0.00 2.00 175.72
42.00 50.00 1.00 4.00 161.92
56.00 51.00 0.00 5.00 198.09
53.00 43.00 0.00 1.00 141.96
55.00 37.00 1.00 1.00 104.63
58.00 53.00 0.00 1.00 168.29
1.00 39.00 0.00 3.00 125.53
51.00 3.00 0.00 5.00 100.27
5.00 9.00 0.00 1.00 170.10
54.00 55.00 1.00 5.00 83.43
17.00 3.00 1.00 1.00 77.20
31.00 23.00 1.00 5.00 53.51
19.00 58.00 1.00 2.00 154.92
7.00 21.00 0.00 3.00 57.55
57.00 24.00 1.00 5.00 179.78
52.00 41.00 0.00 3.00 55.93
52.00 57.00 1.00 5.00 136.09
19.00 59.00 1.00 4.00 158.51
21.00 29.00 0.00 2.00 96.03
56.00 18.00 1.00 5.00 167.87
54.00 29.00 0.00 4.00 192.14
57.00 52.00 1.00 5.00 123.33
55.00 16.00 0.00 4.00 138.10
52.00 57.00 1.00 5.00 73.49
29.00 2.00 0.00 3.00 111.42
50.00 55.00 0.00 2.00 130.05
55.00 50.00 1.00 1.00 77.82
31.00 39.00 1.00 1.00 136.34
59.00 11.00 0.00 1.00 79.92
54.00 56.00 0.00 3.00 124.95
0.00 58.00 0.00 2.00 75.38
21.00 58.00 1.00 4.00 141.06
25.00 52.00 0.00 1.00 33.34
28.00 13.00 1.00 1.00 195.13
55.00 53.00 0.00 4.00 145.74
50.00 37.00 1.00 2.00 120.40
53.00 55.00 1.00 4.00 98.56
27.00 25.00 1.00 5.00 58.84
51.00 9.00 1.00 3.00 95.57
26.00 4.00 1.00 2.00 30.16
55.00 33.00 1.00 1.00 77.46
59.00 52.00 1.00 5.00 76.93
51.00 25.00 0.00 5.00 194.56
23.00 57.00 1.00 2.00 123.26
11.00 17.00 1.00 5.00 106.93
1.00 26.00 1.00 2.00 125.50
44.00 54.00 0.00 3.00 122.88
21.00 59.00 1.00 3.00 114.55
37.00 17.00 0.00 1.00 161.10
51.00 9.00 0.00 2.00 191.49
49.00 52.00 0.00 2.00 43.29
24.00 58.00 1.00 5.00 158.23
23.00 37.00 0.00 3.00 139.71
34.00 20.00 1.00 2.00 154.28
6.00 23.00 1.00 4.00 48.43
5.00 59.00 0.00 2.00 106.67
25.00 53.00 1.00 2.00 144.61
59.00 53.00 1.00 2.00 137.48
30.00 58.00 0.00 1.00 113.40
15.00 55.00 1.00 1.00 46.12
53.00 56.00 0.00 4.00 103.32
51.00 59.00 1.00 3.00 124.86
53.00 11.00 1.00 4.00 142.56
52.00 35.00 0.00 4.00 55.03
48.00 26.00 1.00 2.00 89.01
14.00 56.00 0.00 2.00 83.54
2.00 14.00 1.00 2.00 33.02
58.00 5.00 1.00 3.00 163.55
40.00 39.00 0.00 5.00 90.60
54.00 44.00 1.00 4.00 185.88
44.00 4.00 1.00 2.00 44.03
47.00 11.00 0.00 5.00 165.73
48.00 27.00 0.00 3.00 71.26
4.00 50.00 0.00 4.00 89.84
28.00 19.00 0.00 2.00 124.49
27.00 15.00 1.00 2.00 31.06
0.00 31.00 0.00 1.00 76.39
24.00 53.00 0.00 2.00 92.42
47.00 7.00 0.00 4.00 147.76
6.00 59.00 0.00 5.00 173.49
35.00 55.00 1.00 1.00 98.33
55.00 54.00 1.00 3.00 153.50
4.00 50.00 1.00 4.00 149.55
20.00 55.00 0.00 1.00 194.47
17.00 55.00 1.00 3.00 152.34
17.00 50.00 0.00 3.00 73.62
5.00 31.00 0.00 1.00 194.97
16.00 30.00 0.00 3.00 199.26
52.00 59.00 1.00 4.00 79.72
1.00 22.00 1.00 4.00 103.58
52.00 56.00 0.00 1.00 92.63
49.00 54.00 1.00 4.00 68.36
4.00 42.00 0.00 2.00 155.09
29.00 50.00 0.00 5.00 160.66
57.00 52.00 1.00 4.00 94.98
27.00 52.00 0.00 5.00 83.81
46.00 30.00 1.00 3.00 199.29
51.00 14.00 0.00 3.00 37.39
55.00 51.00 1.00 3.00 183.25
59.00 26.00 1.00 3.00 185.26
50.00 44.00 1.00 4.00 129.95
54.00 40.00 0.00 3.00 191.55
52.00 6.00 0.00 2.00 146.13
26.00 18.00 0.00 4.00 80.08
57.00 21.00 1.00 4.00 107.16
54.00 58.00 0.00 1.00 84.15
9.00 41.00 0.00 3.00 135.15
37.00 58.00 0.00 3.00 187.28
51.00 55.00 1.00 3.00 37.12
54.00 0.00 1.00 5.00 33.45
11.00 51.00 0.00 5.00 69.01
54.00 58.00 1.00 5.00 150.67
58.00 38.00 0.00 3.00 52.17
35.00 55.00 1.00 5.00 132.89
54.00 13.00 1.00 3.00 73.22
57.00 18.00 0.00 5.00 153.06
18.00 59.00 1.00 5.00 181.12
36.00 54.00 1.00 4.00 44.79
53.00 16.00 1.00 3.00 70.54
55.00 52.00 0.00 5.00 40.54
2.00 52.00 1.00 4.00 145.39
56.00 7.00 0.00 1.00 116.39
57.00 10.00 0.00 3.00 85.10
57.00 21.00 1.00 3.00 189.65
57.00 51.00 1.00 1.00 92.60
36.00 16.00 1.00 3.00 194.05
58.00 7.00 1.00 2.00 151.35
59.00 45.00 0.00 4.00 183.71
54.00 58.00 0.00 5.00 154.94
59.00 21.00 0.00 5.00 154.93
54.00 58.00 0.00 1.00 198.47
14.00 56.00 0.00 4.00 118.79
59.00 51.00 0.00 4.00 152.72
32.00 52.00 1.00 1.00 77.22
51.00 56.00 0.00 2.00 99.78
13.00 54.00 0.00 2.00 43.99
38.00 44.00 0.00 2.00 168.53
57.00 54.00 0.00 5.00 165.04
28.00 58.00 0.00 3.00 123.60
29.00 52.00 0.00 3.00 122.20
25.00 54.00 1.00 2.00 56.98
55.00 14.00 1.00 1.00 116.64
56.00 35.00 0.00 4.00 146.39
14.00 52.00 1.00 4.00 177.89
50.00 56.00 0.00 1.00 152.23
54.00 43.00 0.00 3.00 38.89
59.00 9.00 1.00 5.00 107.06
51.00 55.00 1.00 2.00 156.17
56.00 50.00 1.00 1.00 37.55
22.00 57.00 0.00 3.00 126.01
42.00 23.00 1.00 4.00 59.68
45.00 53.00 0.00 2.00 45.48
58.00 4.00 0.00 5.00 163.12
13.00 40.00 1.00 3.00 82.30
30.00 25.00 0.00 3.00 140.24
30.00 24.00 1.00 3.00 42.61
47.00 38.00 0.00 3.00 37.20
21.00 55.00 1.00 3.00 47.02
54.00 14.00 1.00 2.00 54.88
31.00 38.00 1.00 5.00 137.30
57.00 52.00 0.00 2.00 85.23
53.00 1.00 1.00 1.00 116.49
53.00 55.00 0.00 4.00 93.73
37.00 50.00 1.00 2.00 74.01
51.00 8.00 0.00 2.00 101.78
26.00 51.00 1.00 5.00 163.45
54.00 57.00 1.00 5.00 46.80
53.00 56.00 1.00 1.00 170.25
50.00 57.00 1.00 3.00 127.14
38.00 58.00 0.00 3.00 77.82
59.00 27.00 0.00 2.00 56.71
30.00 53.00 1.00 3.00 71.97
52.00 46.00 0.00 1.00 163.17
33.00 49.00 1.00 5.00 47.84
51.00 12.00 1.00 1.00 147.32
56.00 53.00 1.00 2.00 125.61
45.00 35.00 1.00 3.00 80.04
55.00 5.00 1.00 2.00 42.99
57.00 45.00 0.00 2.00 173.46
51.00 34.00 1.00 4.00 87.94
43.00 34.00 1.00 1.00 92.66
50.00 37.00 0.00 3.00 37.72
4.00 20.00 0.00 1.00 74.53
28.00 57.00 0.00 5.00 58.86
55.00 50.00 0.00 1.00 142.91
52.00 58.00 0.00 4.00 163.65
56.00 19.00 0.00 1.00 113.15
55.00 5.00 1.00 4.00 88.47
56.00 53.00 0.00 2.00 170.34
56.00 5.00 1.00 2.00 68.33
54.00 7.00 1.00 1.00 174.40
46.00 38.00 1.00 4.00 70.10
53.00 58.00 1.00 4.00 193.49
56.00 50.00 0.00 3.00 56.53
13.00 30.00 1.00 2.00 89.56
13.00 50.00 0.00 5.00 195.23
2.00 42.00 0.00 4.00 74.80
45.00 53.00 0.00 5.00 130.44
47.00 3.00 0.00 3.00 46.59
51.00 5.00 0.00 2.00 155.58
1.00 51.00 0.00 3.00 76.06
58.00 0.00 1.00 4.00 194.68
50.00 47.00 1.00 3.00 128.97
17.00 3.00 1.00 5.00 151.28
59.00 51.00 1.00 2.00 185.48
51.00 32.00 1.00 4.00 191.53
35.00 23.00 1.00 1.00 129.49
51.00 56.00 1.00 3.00 144.02
38.00 50.00 0.00 1.00 35.49
38.00 50.00 0.00 1.00 54.58
58.00 52.00 0.00 3.00 155.50
53.00 43.00 0.00 4.00 156.81
52.00 55.00 0.00 3.00 86.90
58.00 16.00 0.00 2.00 56.14
57.00 30.00 1.00 1.00 150.44
56.00 52.00 1.00 1.00 102.59
55.00 52.00 1.00 4.00 80.20
25.00 23.00 1.00 4.00 105.29
10.00 59.00 1.00 1.00 195.68
58.00 11.00 0.00 1.00 101.95
54.00 13.00 0.00 3.00 52.19
55.00 9.00 0.00 4.00 41.10
54.00 59.00 0.00 5.00 104.36
20.00 55.00 0.00 5.00 33.96
59.00 7.00 0.00 5.00 115.29
19.00 55.00 0.00 3.00 178.70
53.00 39.00 0.00 5.00 194.93
56.00 39.00 0.00 2.00 30.10
54.00 33.00 1.00 3.00 165.84
50.00 7.00 0.00 5.00 141.02
58.00 53.00 0.00 1.00 101.20
5.00 9.00 0.00 5.00 147.93
58.00 50.00 0.00 4.00 33.50
26.00 57.00 0.00 1.00 64.83
52.00 57.00 1.00 3.00 116.92
55.00 35.00 0.00 2.00 70.57
28.00 1.00 1.00 1.00 59.89
47.00 55.00 0.00 4.00 143.91
58.00 29.00 0.00 4.00 69.59
54.00 57.00 0.00 1.00 44.26
9.00 3.00 0.00 4.00 137.29
38.00 23.00 0.00 5.00 119.29
33.00 59.00 0.00 5.00 133.53
53.00 55.00 1.00 2.00 83.19
52.00 55.00 0.00 4.00 64.79
27.00 20.00 0.00 1.00 51.74
50.00 58.00 0.00 5.00 47.82
59.00 51.00 0.00 1.00 60.73
49.00 26.00 1.00 1.00 194.70
59.00 54.00 1.00 2.00 137.51
55.00 26.00 0.00 3.00 195.51
37.00 17.00 0.00 5.00 75.40
58.00 26.00 0.00 4.00 158.17
57.00 53.00 1.00 3.00 113.00
53.00 46.00 1.00 2.00 177.22
45.00 58.00 0.00 2.00 135.65
32.00 18.00 0.00 3.00 83.45
55.00 2.00 0.00 1.00 178.35
59.00 51.00 0.00 3.00 128.19
27.00 51.00 1.00 3.00 149.39
59.00 19.00 0.00 4.00 157.29
31.00 59.00 0.00 1.00 83.91
53.00 56.00 0.00 4.00 160.97
52.00 58.00 0.00 3.00 173.40
48.00 12.00 0.00 3.00 91.98
20.00 1.00 1.00 1.00 104.26
35.00 59.00 1.00 5.00 113.30
2.00 20.00 1.00 3.00 136.42
57.00 53.00 1.00 3.00 90.62
51.00 59.00 0.00 1.00 195.02
53.00 56.00 1.00 5.00 180.35
33.00 32.00 0.00 5.00 97.43
34.00 54.00 1.00 5.00 117.62
42.00 0.00 0.00 1.00 107.66
58.00 51.00 1.00 4.00 105.66
59.00 5.00 1.00 4.00 100.37
50.00 30.00 0.00 5.00 189.11
37.00 50.00 1.00 3.00 115.92
19.00 10.00 1.00 3.00 136.31
0.00 52.00 0.00 4.00 114.77
51.00 26.00 0.00 5.00 49.37
10.00 51.00 0.00 2.00 199.40
42.00 14.00 1.00 2.00 96.70
4.00 48.00 1.00 1.00 169.71
12.00 52.00 1.00 2.00 79.42
50.00 34.00 1.00 3.00 198.22
58.00 53.00 1.00 2.00 44.10
53.00 58.00 1.00 4.00 182.36
59.00 3.00 0.00 5.00 51.37
43.00 13.00 1.00 4.00 143.93
59.00 50.00 0.00 5.00 87.50
55.00 50.00 1.00 5.00 128.11
25.00 56.00 1.00 1.00 194.46
38.00 53.00 1.00 5.00 112.02
52.00 59.00 0.00 4.00 72.01
22.00 59.00 0.00 2.00 189.71
52.00 49.00 0.00 2.00 127.88
6.00 57.00 0.00 3.00 118.55
16.00 56.00 1.00 4.00 93.52
0.00 20.00 1.00 3.00 58.49
33.00 45.00 1.00 2.00 158.52
46.00 7.00 1.00 3.00 116.72
18.00 32.00 1.00 4.00 107.96
50.00 32.00 1.00 1.00 174.65
54.00 16.00 1.00 1.00 157.00
30.00 47.00 1.00 4.00 50.99
11.00 40.00 1.00 4.00 93.25
19.00 4.00 0.00 4.00 81.85
38.00 53.00 0.00 1.00 165.04
10.00 58.00 1.00 3.00 190.75
25.00 44.00 1.00 1.00 165.17
41.00 0.00 0.00 5.00 84.74
51.00 49.00 0.00 1.00 134.17
54.00 11.00 0.00 4.00 199.72
55.00 9.00 1.00 2.00 150.76
12.00 54.00 1.00 4.00 147.79
50.00 47.00 1.00 5.00 50.09
59.00 50.00 1.00 3.00 104.26
58.00 51.00 0.00 2.00 148.85
36.00 52.00 0.00 4.00 71.87
57.00 39.00 0.00 5.00 193.92
41.00 24.00 1.00 3.00 53.27
52.00 27.00 0.00 4.00 125.09
54.00 57.00 1.00 2.00 171.52
2.00 54.00 0.00 2.00 187.57
57.00 54.00 1.00 4.00 129.46
36.00 55.00 0.00 5.00 44.15
1.00 26.00 1.00 2.00 122.64
56.00 52.00 1.00 2.00 179.11
36.00 57.00 1.00 5.00 48.32
54.00 59.00 1.00 5.00 107.37
45.00 54.00 0.00 2.00 95.06
58.00 15.00 0.00 3.00 117.66
36.00 58.00 0.00 4.00 199.10
59.00 22.00 0.00 2.00 141.94
0.00 24.00 1.00 1.00 87.73
9.00 53.00 1.00 2.00 181.44
55.00 54.00 0.00 2.00 174.42
58.00 54.00 0.00 1.00 133.95
57.00 52.00 0.00 1.00 135.45
55.00 53.00 0.00 2.00 30.64
33.00 52.00 0.00 3.00 136.95
58.00 17.00 0.00 4.00 79.86
43.00 53.00 1.00 5.00 148.76
48.00 22.00 1.00 2.00 41.96
52.00 55.00 0.00 5.00 56.30
50.00 57.00 0.00 4.00 171.96
52.00 56.00 1.00 4.00 186.98
50.00 26.00 0.00 3.00 78.18
52.00 36.00 1.00 2.00 196.52
36.00 53.00 1.00 4.00 176.23
54.00 37.00 0.00 2.00 184.80
34.00 53.00 0.00 4.00 68.00
13.00 58.00 1.00 5.00 113.99
52.00 7.00 0.00 4.00 100.73
51.00 58.00 0.00 1.00 88.15
13.00 52.00 1.00 2.00 129.13
48.00 53.00 1.00 4.00 196.77
57.00 53.00 1.00 1.00 62.91
53.00 56.00 0.00 2.00 116.01
20.00 55.00 1.00 1.00 142.35
51.00 0.00 0.00 3.00 134.85
45.00 2.00 1.00 4.00 73.83
58.00 3.00 0.00 1.00 137.72
57.00 51.00 0.00 2.00 50.99
50.00 49.00 1.00 1.00 147.92
6.00 55.00 0.00 4.00 196.32
56.00 17.00 0.00 5.00 143.40
59.00 21.00 0.00 1.00 179.58
59.00 51.00 1.00 5.00 185.64
29.00 52.00 0.00 4.00 31.11
54.00 4.00 1.00 1.00 92.89
3.00 32.00 1.00 1.00 178.41
0.00 45.00 1.00 2.00 57.69
52.00 56.00 0.00 1.00 172.97
58.00 52.00 1.00 2.00 96.20
37.00 4.00 0.00 4.00 104.00
57.00 53.00 1.00 3.00 43.91
13.00 31.00 0.00 1.00 99.63
54.00 43.00 0.00 2.00 168.76
15.00 52.00 0.00 5.00 58.47
45.00 52.00 1.00 4.00 44.40
52.00 58.00 0.00 5.00 166.23
59.00 11.00 1.00 2.00 187.60
27.00 4.00 1.00 3.00 172.90
53.00 56.00 0.00 2.00 64.81
54.00 29.00 1.00 3.00 138.98
59.00 52.00 0.00 5.00 105.51
54.00 55.00 0.00 1.00 178.39
35.00 23.00 0.00 2.00 71.64
53.00 56.00 1.00 5.00 90.12
25.00 19.00 1.00 3.00 67.01
53.00 55.00 1.00 4.00 145.98
30.00 58.00 0.00 3.00 192.72
52.00 33.00 0.00 3.00 77.76
4.00 31.00 1.00 2.00 180.17
0.00 58.00 0.00 5.00 67.85
54.00 40.00 0.00 4.00 159.02
59.00 52.00 0.00 1.00 154.67
27.00 52.00 0.00 3.00 95.77
55.00 53.00 1.00 3.00 156.13
43.00 13.00 0.00 4.00 78.17
54.00 44.00 1.00 2.00 51.32
36.00 58.00 1.00 3.00 151.90
0.00 56.00 0.00 4.00 151.93
53.00 58.00 1.00 5.00 111.28
18.00 11.00 0.00 3.00 144.61
42.00 1.00 0.00 1.00 146.33
52.00 57.00 0.00 5.00 54.38
57.00 52.00 1.00 3.00 60.22
34.00 42.00 0.00 3.00 196.66
16.00 1.00 0.00 3.00 87.41
53.00 44.00 1.00 1.00 194.54
6.00 22.00 0.00 5.00 33.75
26.00 55.00 0.00 5.00 112.84
27.00 1.00 0.00 2.00 72.10
53.00 44.00 1.00 5.00 186.50
53.00 24.00 0.00 4.00 173.91
57.00 33.00 0.00 4.00 92.56
52.00 33.00 1.00 1.00 47.26
9.00 5.00 0.00 3.00 122.72
50.00 59.00 0.00 3.00 194.72
27.00 50.00 0.00 1.00 59.29
27.00 22.00 1.00 3.00 48.48
41.00 9.00 1.00 2.00 80.95
57.00 54.00 1.00 1.00 121.93
52.00 31.00 1.00 2.00 43.90
53.00 41.00 0.00 1.00 52.09
55.00 54.00 0.00 4.00 140.88
50.00 55.00 0.00 2.00 196.48
49.00 10.00 0.00 3.00 123.67
10.00 29.00 1.00 5.00 106.64
15.00 29.00 1.00 5.00 113.76
58.00 33.00 1.00 2.00 192.45
19.00 34.00 1.00 4.00 33.30
12.00 47.00 0.00 4.00 132.70
39.00 53.00 1.00 3.00 141.74
31.00 12.00 1.00 2.00 31.46
29.00 45.00 1.00 2.00 84.52
