53.00 31.00 1.00 5.00 70.00
51.00 58.00 1.00 5.00 180.54
55.00 3.00 0.00 2.00 181.97
9.00 56.00 1.00 1.00 67.67
52.00 31.00 0.00 5.00 151.07
16.00 58.00 1.00 2.00 143.44
54.00 1.00 0.00 1.00 196.75
57.00 53.00 1.00 1.00 35.21
52.00 56.00 0.00 5.00 61.45
59.00 53.00 1.00 3.00 49.63
59.00 6.00 0.00 3.00 82.96
51.00 58.00 1.00 2.00 54.27
38.00 53.00 0.00 2.00 146.03
25.00 59.00 1.00 3.00 128.97
11.00 38.00 0.00 3.00 35.57
55.00 16.00 1.00 2.00 50.61
43.00 50.00 0.00 4.00 175.02
32.00 53.00 1.00 5.00 46.58
19.00 37.00 1.00 2.00 155.26
57.00 54.00 0.00 1.00 194.42
8.00 55.00 0.00 4.00 77.15
16.00 26.00 1.00 5.00 44.97
50.00 17.00 0.00 3.00 71.83
33.00 23.00 0.00 4.00 65.60
52.00 33.00 0.00 3.00 125.98
35.00 50.00 0.00 5.00 137.69
4.00 50.00 0.00 5.00 93.36
7.00 50.00 0.00 5.00 86.38
52.00 59.00 1.00 5.00 110.20
50.00 27.00 1.00 1.00 70.55
56.00 25.00 0.00 2.00 77.71
26.00 49.00 1.00 1.00 117.74
6.00 53.00 0.00 2.00 46.34
27.00 22.00 1.00 4.00 90.17
53.00 1.00 0.00 3.00 103.47
52.00 5.00 1.00 1.00 130.57
11.00 58.00 1.00 2.00 161.50
53.00 59.00 1.00 2.00 151.69
57.00 30.00 0.00 5.00 36.21
51.00 37.00 0.00 1.00 40.78
56.00 4.00 1.00 2.00 46.35
51.00 0.00 0.00 4.00 57.30
26.00 58.00 0.00 2.00 168.64
9.00 26.00 1.00 2.00 74.20
55.00 28.00 1.00 2.00 193.53
12.00 38.00 0.00 2.00 125.69
37.00 22.00 1.00 5.00 168.64
50.00 58.00 1.00 4.00 83.87
42.00 50.00 0.00 1.00 84.68
37.00 55.00 1.00 2.00 102.35
35.00 57.00 1.00 5.00 174.46
29.00 56.00 0.00 1.00 139.17
20.00 4.00 0.00 2.00 73.90
14.00 42.00 1.00 4.00 134.82
6.00 55.00 0.00 3.00 108.51
32.00 2.00 0.00 2.00 39.93
55.00 52.00 1.00 3.00 191.29
50.00 59.00 1.00 3.00 171.06
53.00 58.00 0.00 4.00 93.49
12.00 59.00 1.00 3.00 155.96
24.00 41.00 1.00 2.00 188.70
37.00 55.00 1.00 5.00 181.43
29.00 50.00 1.00 3.00 104.03
52.00 12.00 0.00 1.00 61.61
54.00 56.00 1.00 2.00 187.70
23.00 55.00 1.00 5.00 143.42
51.00 56.00 0.00 4.00 53.52
39.00 53.00 1.00 5.00 174.03
6.00 51.00 0.00 1.00 127.59
58.00 35.00 1.00 2.00 47.61
11.00 55.00 0.00 3.00 87.55
24.00 54.00 1.00 1.00 117.23
36.00 56.00 0.00 2.00 139.59
52.00 59.00 1.00 5.00 54.40
37.00 52.00 0.00 2.00 141.53
59.00 50.00 0.00 3.00 131.96
10.00 52.00 0.00 2.00 87.49
51.00 58.00 1.00 4.00 107.54
45.00 57.00 0.00 2.00 165.00
2.00 19.00 1.00 4.00 111.75
12.00 49.00 0.00 2.00 154.12
50.00 57.00 0.00 2.00 35.44
53.00 6.00 1.00 5.00 104.74
39.00 54.00 0.00 5.00 63.87
39.00 59.00 0.00 3.00 167.69
50.00 55.00 1.00 5.00 94.85
52.00 43.00 1.00 3.00 177.88
47.00 33.00 1.00 5.00 105.04
26.00 50.00 1.00 3.00 143.06
50.00 57.00 0.00 3.00 50.71
49.00 26.00 1.00 1.00 101.78
51.00 1.00 1.00 3.00 68.44
51.00 11.00 1.00 3.00 121.11
59.00 49.00 1.00 1.00 96.15
56.00 51.00 0.00 2.00 189.03
43.00 52.00 0.00 4.00 87.20
58.00 50.00 1.00 1.00 60.77
59.00 53.00 0.00 3.00 186.78
16.00 54.00 0.00 4.00 68.90
13.00 30.00 0.00 2.00 164.28
56.00 50.00 1.00 5.00 183.20
56.00 51.00 1.00 4.00 183.19
55.00 21.00 0.00 2.00 79.30
56.00 52.00 1.00 1.00 125.65
54.00 43.00 1.00 3.00 78.66
56.00 16.00 0.00 4.00 193.53
21.00 57.00 1.00 5.00 174.84
12.00 18.00 0.00 4.00 55.88
58.00 28.00 1.00 1.00 83.15
58.00 35.00 0.00 5.00 177.04
42.00 13.00 0.00 5.00 182.58
36.00 51.00 0.00 2.00 41.38
6.00 17.00 0.00 4.00 114.69
54.00 39.00 0.00 2.00 109.17
58.00 54.00 0.00 3.00 73.62
55.00 54.00 0.00 5.00 199.85
53.00 30.00 0.00 5.00 132.84
56.00 53.00 1.00 1.00 181.61
57.00 15.00 0.00 2.00 108.25
3.00 59.00 1.00 4.00 158.11
49.00 12.00 1.00 2.00 126.73
57.00 51.00 0.00 2.00 61.64
56.00 51.00 0.00 4.00 79.78
52.00 55.00 0.00 5.00 73.01
42.00 2.00 1.00 5.00 52.41
7.00 57.00 1.00 1.00 138.86
53.00 56.00 1.00 2.00 174.05
10.00 50.00 1.00 5.00 76.37
12.00 56.00 0.00 4.00 58.75
51.00 49.00 1.00 1.00 77.58
59.00 12.00 0.00 3.00 89.06
19.00 55.00 1.00 5.00 124.03
58.00 28.00 1.00 5.00 77.36
53.00 44.00 0.00 3.00 50.70
54.00 56.00 0.00 2.00 144.72
50.00 56.00 1.00 3.00 119.76
26.00 57.00 1.00 3.00 77.52
57.00 6.00 1.00 2.00 119.70
55.00 51.00 1.00 5.00 62.60
55.00 51.00 0.00 2.00 51.00
10.00 42.00 1.00 2.00 103.66
57.00 50.00 1.00 2.00 141.60
57.00 53.00 1.00 3.00 43.10
34.00 19.00 1.00 3.00 106.64
17.00 24.00 0.00 2.00 148.24
39.00 4.00 1.00 3.00 181.85
59.00 54.00 0.00 1.00 153.47
5.00 53.00 0.00 1.00 134.12
59.00 29.00 1.00 5.00 157.40
54.00 46.00 1.00 3.00 47.18
31.00 53.00 1.00 2.00 121.12
11.00 57.00 0.00 1.00 145.47
17.00 9.00 1.00 5.00 154.89
55.00 36.00 1.00 5.00 185.79
37.00 56.00 0.00 5.00 90.82
59.00 13.00 0.00 4.00 111.01
57.00 25.00 1.00 1.00 48.99
45.00 10.00 0.00 5.00 131.84
42.00 28.00 0.00 1.00 87.91
54.00 59.00 0.00 3.00 119.70
58.00 33.00 1.00 5.00 189.48
52.00 58.00 1.00 3.00 166.08
19.00 55.00 1.00 2.00 68.86
50.00 46.00 0.00 5.00 132.96
57.00 28.00 0.00 4.00 167.71
57.00 52.00 0.00 4.00 58.99
47.00 8.00 1.00 4.00 84.18
52.00 59.00 1.00 1.00 120.24
59.00 54.00 1.00 5.00 166.17
56.00 50.00 0.00 4.00 39.22
46.00 53.00 0.00 5.00 73.19
52.00 41.00 1.00 4.00 136.94
58.00 3.00 1.00 2.00 161.00
56.00 54.00 0.00 3.00 49.63
58.00 30.00 0.00 2.00 37.01
29.00 51.00 0.00 1.00 157.35
52.00 58.00 1.00 2.00 182.35
2.00 42.00 0.00 2.00 97.40
44.00 51.00 0.00 4.00 174.86
50.00 58.00 1.00 5.00 131.30
51.00 38.00 1.00 4.00 100.90
45.00 52.00 0.00 2.00 32.48
26.00 3.00 0.00 2.00 173.80
55.00 25.00 0.00 2.00 122.17
18.00 42.00 1.00 2.00 112.76
50.00 57.00 1.00 2.00 154.66
2.00 52.00 0.00 1.00 111.14
6.00 51.00 0.00 4.00 86.71
42.00 27.00 1.00 1.00 72.21
56.00 53.00 0.00 3.00 49.16
33.00 54.00 0.00 2.00 161.09
33.00 48.00 0.00 3.00 185.13
6.00 41.00 1.00 2.00 80.93
57.00 36.00 0.00 3.00 140.11
8.00 40.00 1.00 5.00 191.50
17.00 7.00 0.00 3.00 128.63
57.00 51.00 1.00 4.00 178.27
55.00 20.00 1.00 1.00 90.81
43.00 7.00 0.00 1.00 123.61
54.00 36.00 1.00 2.00 190.79
50.00 12.00 1.00 1.00 73.59
59.00 50.00 1.00 1.00 122.26
46.00 54.00 1.00 2.00 196.57
39.00 52.00 1.00 3.00 188.15
36.00 55.00 0.00 1.00 67.69
50.00 46.00 1.00 1.00 186.23
55.00 50.00 0.00 4.00 192.56
37.00 56.00 0.00 4.00 142.76
51.00 57.00 1.00 5.00 179.23
57.00 37.00 1.00 5.00 44.94
51.00 30.00 0.00 4.00 138.83
57.00 21.00 0.00 1.00 188.31
52.00 1.00 1.00 2.00 110.92
47.00 10.00 1.00 1.00 180.64
14.00 5.00 0.00 3.00 111.65
59.00 11.00 0.00 2.00 33.80
59.00 8.00 0.00 4.00 167.07
59.00 15.00 0.00 3.00 169.39
34.00 18.00 0.00 1.00 77.48
54.00 57.00 1.00 3.00 189.63
10.00 51.00 1.00 3.00 113.06
56.00 28.00 1.00 4.00 187.73
1.00 41.00 0.00 4.00 132.14
46.00 27.00 0.00 3.00 111.80
40.00 33.00 0.00 1.00 136.02
52.00 35.00 1.00 2.00 142.68
52.00 11.00 0.00 3.00 30.74
52.00 58.00 1.00 2.00 30.79
52.00 2.00 0.00 5.00 105.87
21.00 56.00 1.00 4.00 192.07
55.00 53.00 1.00 3.00 125.08
55.00 47.00 1.00 4.00 170.79
52.00 56.00 0.00 1.00 39.80
53.00 55.00 1.00 4.00 199.98
10.00 38.00 0.00 4.00 197.51
56.00 52.00 1.00 2.00 90.60
55.00 53.00 1.00 4.00 112.21
59.00 37.00 1.00 3.00 190.43
27.00 54.00 1.00 3.00 119.36
59.00 16.00 0.00 2.00 99.91
14.00 58.00 0.00 5.00 106.43
51.00 35.00 1.00 4.00 97.14
17.00 34.00 1.00 1.00 113.36
54.00 55.00 1.00 3.00 165.52
57.00 17.00 1.00 1.00 121.62
21.00 41.00 0.00 2.00 169.04
56.00 53.00 0.00 2.00 44.12
51.00 47.00 1.00 5.00 134.97
57.00 15.00 1.00 1.00 82.62
56.00 50.00 0.00 3.00 174.37
56.00 53.00 0.00 3.00 127.52
53.00 58.00 1.00 4.00 50.56
57.00 37.00 0.00 3.00 76.56
43.00 29.00 1.00 5.00 79.09
52.00 59.00 1.00 1.00 169.09
58.00 34.00 0.00 2.00 191.25
52.00 32.00 1.00 4.00 178.66
56.00 53.00 1.00 4.00 143.05
37.00 39.00 1.00 3.00 86.92
53.00 59.00 0.00 4.00 124.77
58.00 34.00 0.00 1.00 48.81
43.00 52.00 1.00 4.00 88.60
53.00 59.00 0.00 3.00 121.54
0.00 8.00 0.00 5.00 50.08
41.00 25.00 0.00 5.00 90.45
11.00 52.00 1.00 5.00 55.33
22.00 38.00 0.00 2.00 160.02
56.00 24.00 0.00 3.00 43.60
40.00 18.00 1.00 2.00 98.12
54.00 56.00 0.00 3.00 67.61
30.00 51.00 1.00 4.00 173.79
45.00 3.00 0.00 2.00 157.66
48.00 52.00 0.00 2.00 146.22
53.00 56.00 1.00 4.00 54.22
30.00 23.00 1.00 5.00 174.59
57.00 50.00 1.00 5.00 42.20
9.00 59.00 1.00 3.00 181.22
59.00 1.00 0.00 4.00 120.69
21.00 57.00 0.00 4.00 81.19
51.00 57.00 0.00 2.00 86.98
16.00 27.00 1.00 3.00 47.42
18.00 2.00 0.00 1.00 144.75
15.00 1.00 1.00 1.00 122.13
43.00 2.00 0.00 2.00 172.44
53.00 31.00 0.00 2.00 153.37
7.00 56.00 1.00 4.00 79.73
53.00 56.00 0.00 1.00 81.11
46.00 58.00 0.00 3.00 128.82
56.00 27.00 0.00 1.00 53.12
59.00 50.00 0.00 4.00 193.52
42.00 50.00 1.00 2.00 138.34
57.00 54.00 1.00 5.00 92.88
44.00 50.00 1.00 5.00 84.15
57.00 51.00 0.00 2.00 53.14
47.00 52.00 0.00 2.00 156.65
42.00 51.00 1.00 5.00 124.54
9.00 44.00 1.00 4.00 68.35
6.00 58.00 0.00 5.00 68.96
5.00 27.00 1.00 2.00 37.33
26.00 22.00 0.00 4.00 93.06
56.00 16.00 0.00 1.00 134.21
57.00 23.00 0.00 2.00 41.83
36.00 58.00 1.00 4.00 99.67
14.00 27.00 0.00 1.00 85.20
54.00 56.00 1.00 3.00 98.53
15.00 29.00 0.00 5.00 165.22
36.00 40.00 1.00 1.00 163.85
9.00 5.00 1.00 2.00 80.51
50.00 44.00 1.00 4.00 55.85
57.00 3.00 1.00 4.00 105.05
55.00 53.00 1.00 4.00 94.19
59.00 52.00 0.00 3.00 65.41
11.00 28.00 0.00 3.00 149.97
49.00 22.00 1.00 1.00 116.01
56.00 37.00 1.00 2.00 139.97
57.00 54.00 0.00 4.00 57.14
53.00 13.00 1.00 4.00 69.77
55.00 13.00 0.00 5.00 71.95
50.00 58.00 0.00 4.00 120.02
57.00 21.00 0.00 2.00 113.36
5.00 56.00 1.00 1.00 36.38
30.00 51.00 1.00 4.00 155.47
57.00 27.00 0.00 3.00 68.84
54.00 14.00 0.00 4.00 141.58
15.00 55.00 0.00 1.00 81.65
56.00 14.00 0.00 3.00 170.48
58.00 51.00 0.00 4.00 52.84
26.00 9.00 1.00 2.00 43.67
58.00 50.00 1.00 3.00 194.95
33.00 50.00 0.00 5.00 147.10
26.00 46.00 0.00 1.00 61.16
50.00 38.00 1.00 1.00 152.01
16.00 57.00 0.00 5.00 103.76
27.00 40.00 0.00 1.00 195.89
50.00 55.00 1.00 4.00 110.94
27.00 40.00 0.00 4.00 171.74
14.00 53.00 0.00 1.00 159.43
2.00 50.00 0.00 1.00 195.57
21.00 58.00 1.00 2.00 162.96
54.00 58.00 0.00 2.00 163.01
2.00 41.00 1.00 3.00 49.92
52.00 2.00 1.00 3.00 184.39
57.00 50.00 1.00 3.00 117.20
53.00 58.00 0.00 1.00 42.98
54.00 58.00 1.00 3.00 134.45
33.00 40.00 0.00 5.00 109.34
56.00 26.00 1.00 4.00 89.63
51.00 29.00 0.00 3.00 169.77
52.00 26.00 1.00 3.00 144.74
24.00 32.00 1.00 3.00 57.32
52.00 55.00 0.00 5.00 141.52
13.00 50.00 0.00 3.00 137.88
54.00 59.00 0.00 4.00 151.17
51.00 7.00 1.00 4.00 124.52
29.00 11.00 1.00 4.00 85.90
59.00 11.00 0.00 3.00 133.18
56.00 36.00 1.00 4.00 59.28
12.00 53.00 1.00 1.00 128.97
50.00 59.00 1.00 5.00 111.80
57.00 5.00 1.00 4.00 117.01
1.00 50.00 1.00 5.00 162.45
51.00 57.00 1.00 2.00 53.49
10.00 40.00 1.00 1.00 96.46
56.00 51.00 1.00 4.00 153.58
31.00 13.00 1.00 1.00 47.60
59.00 15.00 1.00 3.00 53.10
54.00 39.00 1.00 4.00 61.26
59.00 25.00 1.00 4.00 103.50
26.00 59.00 1.00 5.00 134.08
3.00 55.00 1.00 2.00 182.98
56.00 21.00 0.00 1.00 191.18
57.00 5.00 0.00 1.00 117.29
37.00 57.00 1.00 1.00 114.19
56.00 52.00 0.00 4.00 66.83
28.00 22.00 0.00 2.00 36.53
50.00 56.00 0.00 3.00 46.47
53.00 47.00 0.00 2.00 142.86
56.00 51.00 0.00 5.00 55.46
57.00 5.00 0.00 4.00 180.90
54.00 56.00 0.00 5.00 63.81
6.00 59.00 0.00 2.00 50.99
11.00 39.00 0.00 1.00 161.88
58.00 32.00 0.00 3.00 57.38
53.00 10.00 0.00 4.00 111.26
55.00 33.00 0.00 2.00 139.21
51.00 55.00 0.00 4.00 50.50
53.00 49.00 1.00 4.00 110.76
0.00 50.00 1.00 1.00 108.62
52.00 56.00 0.00 4.00 87.98
50.00 59.00 0.00 2.00 86.25
57.00 24.00 0.00 5.00 176.76
37.00 51.00 1.00 2.00 151.54
20.00 39.00 1.00 2.00 97.72
59.00 53.00 1.00 1.00 64.68
50.00 55.00 0.00 1.00 178.72
44.00 54.00 0.00 5.00 192.81
4.00 55.00 0.00 3.00 94.95
59.00 53.00 1.00 2.00 176.59
59.00 53.00 0.00 3.00 70.89
35.00 53.00 1.00 4.00 74.45
19.00 4.00 0.00 3.00 60.04
57.00 53.00 0.00 1.00 36.36
3.00 30.00 0.00 1.00 89.33
33.00 48.00 1.00 4.00 191.17
53.00 39.00 0.00 4.00 184.08
59.00 52.00 0.00 3.00 182.59
59.00 27.00 1.00 4.00 70.74
56.00 53.00 1.00 3.00 167.24
3.00 51.00 1.00 3.00 166.89
44.00 3.00 0.00 2.00 148.34
55.00 53.00 0.00 3.00 121.83
20.00 34.00 0.00 4.00 56.53
50.00 38.00 1.00 2.00 186.52
54.00 58.00 1.00 1.00 65.81
29.00 3.00 1.00 5.00 144.58
53.00 16.00 0.00 5.00 148.41
55.00 1.00 0.00 1.00 38.69
11.00 48.00 1.00 4.00 154.05
12.00 51.00 0.00 4.00 89.98
54.00 55.00 1.00 2.00 199.26
54.00 26.00 0.00 1.00 100.23
59.00 54.00 0.00 5.00 189.65
24.00 54.00 1.00 3.00 187.77
53.00 35.00 0.00 3.00 74.75
55.00 20.00 0.00 5.00 161.20
6.00 41.00 1.00 1.00 142.39
27.00 59.00 0.00 4.00 42.20
48.00 10.00 0.00 1.00 86.75
50.00 56.00 1.00 4.00 50.22
37.00 56.00 1.00 4.00 66.63
4.00 53.00 0.00 4.00 160.12
9.00 41.00 0.00 1.00 69.96
24.00 44.00 0.00 2.00 89.54
56.00 52.00 0.00 3.00 157.60
23.00 2.00 0.00 1.00 66.86
52.00 57.00 1.00 4.00 86.91
58.00 37.00 1.00 1.00 136.15
4.00 57.00 0.00 1.00 156.19
50.00 48.00 0.00 1.00 197.28
42.00 20.00 0.00 1.00 197.61
52.00 59.00 1.00 2.00 195.33
25.00 51.00 1.00 3.00 42.51
27.00 59.00 1.00 2.00 199.91
53.00 57.00 1.00 5.00 130.06
0.00 53.00 0.00 3.00 138.10
49.00 52.00 0.00 4.00 116.38
51.00 58.00 0.00 1.00 53.75
57.00 54.00 1.00 2.00 169.13
3.00 21.00 0.00 4.00 182.98
39.00 45.00 1.00 2.00 128.83
34.00 48.00 0.00 5.00 98.47
4.00 57.00 0.00 4.00 73.17
0.00 58.00 1.00 1.00 39.75
55.00 26.00 1.00 4.00 63.23
33.00 52.00 0.00 4.00 59.74
31.00 50.00 0.00 1.00 85.15
54.00 20.00 1.00 2.00 68.49
58.00 27.00 0.00 1.00 30.58
56.00 50.00 1.00 5.00 40.65
57.00 18.00 0.00 1.00 79.08
0.00 32.00 0.00 1.00 34.98
55.00 1.00 0.00 2.00 117.35
4.00 31.00 0.00 2.00 134.39
3.00 29.00 0.00 4.00 142.37
33.00 52.00 1.00 5.00 105.84
50.00 35.00 1.00 1.00 138.65
53.00 5.00 0.00 1.00 117.77
1.00 49.00 1.00 3.00 65.27
25.00 52.00 0.00 2.00 108.69
51.00 59.00 1.00 4.00 81.61
10.00 40.00 0.00 3.00 137.76
57.00 4.00 1.00 3.00 88.54
34.00 22.00 1.00 1.00 81.43
31.00 54.00 1.00 2.00 66.44
30.00 57.00 1.00 4.00 162.02
53.00 3.00 1.00 5.00 169.05
59.00 27.00 1.00 4.00 120.22
59.00 28.00 0.00 1.00 157.34
58.00 52.00 1.00 1.00 113.31
59.00 50.00 1.00 4.00 176.13
54.00 29.00 0.00 4.00 40.94
57.00 10.00 1.00 5.00 144.22
38.00 58.00 0.00 3.00 138.11
29.00 50.00 0.00 4.00 63.15
53.00 28.00 0.00 1.00 41.49
51.00 25.00 0.00 5.00 134.46
59.00 54.00 0.00 1.00 198.66
14.00 53.00 1.00 5.00 48.65
46.00 39.00 1.00 4.00 50.81
17.00 58.00 1.00 5.00 98.75
42.00 18.00 1.00 3.00 96.84
58.00 50.00 1.00 3.00 138.45
29.00 0.00 0.00 4.00 125.40
14.00 39.00 1.00 3.00 59.52
57.00 50.00 1.00 4.00 46.12
39.00 55.00 1.00 2.00 149.94
56.00 50.00 0.00 1.00 36.15
50.00 36.00 0.00 2.00 65.54
59.00 52.00 1.00 4.00 56.16
50.00 49.00 0.00 3.00 139.27
15.00 29.00 1.00 2.00 172.50
34.00 50.00 1.00 3.00 82.95
13.00 50.00 1.00 4.00 89.39
59.00 53.00 1.00 3.00 64.59
52.00 58.00 0.00 1.00 47.18
53.00 55.00 1.00 4.00 46.45
54.00 46.00 1.00 3.00 95.04
33.00 59.00 0.00 1.00 151.41
56.00 15.00 0.00 5.00 64.62
55.00 38.00 0.00 1.00 112.50
4.00 51.00 0.00 2.00 157.17
54.00 41.00 0.00 5.00 113.44
33.00 52.00 1.00 4.00 108.86
43.00 9.00 1.00 3.00 122.87
55.00 33.00 1.00 2.00 169.95
47.00 7.00 0.00 4.00 77.75
23.00 25.00 0.00 2.00 86.75
51.00 13.00 0.00 4.00 33.35
55.00 17.00 0.00 3.00 109.49
39.00 54.00 1.00 3.00 75.83
54.00 57.00 0.00 3.00 186.83
48.00 10.00 0.00 1.00 174.58
57.00 26.00 0.00 5.00 144.71
59.00 54.00 1.00 2.00 138.37
48.00 12.00 0.00 4.00 84.54
47.00 53.00 0.00 3.00 193.79
31.00 38.00 0.00 1.00 110.55
56.00 53.00 1.00 3.00 199.54
12.00 41.00 0.00 5.00 100.27
8.00 52.00 0.00 3.00 107.04
59.00 50.00 1.00 2.00 107.30
58.00 53.00 1.00 1.00 182.61
51.00 1.00 1.00 2.00 37.45
33.00 23.00 1.00 1.00 178.20
21.00 39.00 1.00 5.00 148.91
19.00 13.00 0.00 5.00 181.56
14.00 2.00 1.00 3.00 37.43
48.00 59.00 0.00 4.00 100.57
32.00 52.00 0.00 3.00 152.09
59.00 54.00 1.00 3.00 196.81
50.00 57.00 1.00 1.00 112.24
54.00 0.00 1.00 2.00 44.38
53.00 14.00 0.00 4.00 163.03
40.00 34.00 1.00 4.00 146.38
58.00 51.00 0.00 3.00 162.35
56.00 54.00 1.00 5.00 101.20
55.00 39.00 0.00 5.00 40.12
54.00 55.00 0.00 3.00 100.83
34.00 55.00 1.00 2.00 40.07
53.00 57.00 1.00 5.00 66.00
13.00 51.00 0.00 2.00 40.37
7.00 42.00 0.00 2.00 131.37
41.00 38.00 0.00 2.00 135.96
50.00 57.00 0.00 1.00 100.32
29.00 20.00 0.00 5.00 141.49
0.00 17.00 0.00 1.00 179.50
59.00 12.00 0.00 3.00 152.69
51.00 56.00 1.00 2.00 144.16
52.00 55.00 1.00 2.00 78.24
33.00 53.00 1.00 5.00 73.37
8.00 53.00 0.00 5.00 63.74
2.00 52.00 1.00 1.00 193.83
9.00 57.00 1.00 5.00 65.73
57.00 45.00 0.00 2.00 125.60
54.00 55.00 0.00 5.00 123.63
53.00 56.00 0.00 2.00 43.67
44.00 33.00 0.00 5.00 127.50
57.00 50.00 0.00 2.00 87.42
56.00 9.00 1.00 1.00 194.47
54.00 55.00 1.00 2.00 191.73
18.00 1.00 1.00 1.00 46.71
26.00 59.00 0.00 4.00 108.05
16.00 38.00 1.00 5.00 130.97
57.00 0.00 1.00 3.00 182.97
55.00 51.00 0.00 3.00 64.14
53.00 48.00 1.00 4.00 161.35
40.00 36.00 0.00 3.00 184.86
54.00 55.00 1.00 1.00 169.08
16.00 12.00 0.00 5.00 87.07
47.00 55.00 0.00 5.00 40.85
50.00 27.00 1.00 1.00 53.11
53.00 58.00 1.00 5.00 60.70
55.00 26.00 1.00 2.00 182.75
50.00 47.00 1.00 5.00 119.92
37.00 56.00 1.00 5.00 192.19
27.00 42.00 1.00 1.00 172.16
52.00 8.00 1.00 4.00 158.57
58.00 54.00 1.00 3.00 34.27
20.00 59.00 1.00 3.00 112.17
55.00 50.00 0.00 4.00 50.58
38.00 55.00 1.00 2.00 55.90
5.00 52.00 1.00 5.00 53.86
25.00 42.00 1.00 3.00 193.71
54.00 57.00 0.00 3.00 111.21
54.00 58.00 0.00 3.00 116.74
40.00 24.00 0.00 4.00 83.09
56.00 35.00 0.00 1.00 68.23
35.00 22.00 1.00 4.00 48.35
54.00 5.00 0.00 2.00 93.63
53.00 14.00 1.00 2.00 191.98
46.00 58.00 0.00 4.00 118.56
13.00 19.00 0.00 2.00 123.77
55.00 50.00 0.00 5.00 108.57
8.00 42.00 1.00 3.00 165.71
53.00 15.00 1.00 5.00 87.31
55.00 15.00 0.00 2.00 39.13
48.00 33.00 0.00 3.00 36.55
59.00 36.00 1.00 1.00 176.18
33.00 54.00 0.00 1.00 106.05
31.00 54.00 1.00 5.00 151.11
16.00 57.00 1.00 4.00 130.49
56.00 7.00 1.00 4.00 56.45
56.00 50.00 1.00 3.00 169.80
50.00 4.00 0.00 3.00 157.00
55.00 19.00 0.00 5.00 179.44
51.00 56.00 0.00 5.00 130.20
57.00 51.00 1.00 5.00 87.83
1.00 57.00 1.00 4.00 90.46
54.00 57.00 1.00 5.00 120.64
36.00 5.00 1.00 4.00 153.11
38.00 53.00 1.00 4.00 87.55
38.00 56.00 1.00 3.00 124.22
40.00 23.00 0.00 4.00 177.45
51.00 36.00 1.00 5.00 117.46
58.00 52.00 0.00 2.00 174.72
58.00 52.00 0.00 3.00 50.62
38.00 58.00 0.00 4.00 88.34
48.00 22.00 1.00 5.00 36.55
56.00 50.00 0.00 2.00 104.32
58.00 50.00 1.00 1.00 84.81
51.00 44.00 1.00 3.00 167.62
51.00 8.00 1.00 1.00 89.68
54.00 56.00 0.00 3.00 151.46
56.00 5.00 1.00 2.00 91.94
58.00 19.00 0.00 1.00 77.70
38.00 59.00 0.00 5.00 61.67
55.00 34.00 1.00 1.00 50.86
33.00 55.00 0.00 4.00 161.39
50.00 56.00 0.00 2.00 164.63
20.00 28.00 1.00 4.00 136.14
42.00 27.00 1.00 4.00 105.26
20.00 55.00 1.00 5.00 152.13
51.00 59.00 1.00 3.00 127.39
36.00 21.00 0.00 2.00 150.39
29.00 59.00 1.00 1.00 136.48
52.00 55.00 1.00 1.00 146.49
50.00 56.00 1.00 2.00 156.94
54.00 5.00 1.00 4.00 131.85
49.00 54.00 0.00 5.00 30.49
37.00 52.00 1.00 3.00 145.93
17.00 32.00 1.00 3.00 115.10
21.00 43.00 0.00 2.00 52.78
50.00 55.00 1.00 4.00 175.26
34.00 49.00 1.00 1.00 197.45
48.00 52.00 0.00 1.00 40.94
3.00 32.00 0.00 5.00 53.67
59.00 48.00 0.00 1.00 193.46
21.00 1.00 0.00 5.00 30.39
50.00 31.00 0.00 5.00 162.14
38.00 17.00 1.00 4.00 75.30
57.00 37.00 1.00 1.00 63.32
54.00 13.00 1.00 2.00 81.31
7.00 26.00 0.00 4.00 93.47
52.00 59.00 0.00 4.00 173.46
55.00 36.00 1.00 3.00 169.05
0.00 14.00 0.00 1.00 198.43
54.00 37.00 1.00 2.00 40.69
34.00 23.00 1.00 1.00 199.87
55.00 54.00 1.00 2.00 99.06
1.00 48.00 0.00 4.00 50.76
57.00 52.00 1.00 2.00 157.91
38.00 41.00 1.00 3.00 147.55
58.00 51.00 0.00 1.00 98.59
56.00 13.00 1.00 3.00 177.81
4.00 46.00 1.00 4.00 79.15
38.00 41.00 1.00 3.00 89.26
50.00 13.00 0.00 4.00 83.93
56.00 54.00 0.00 1.00 187.65
56.00 9.00 1.00 3.00 117.65
5.00 54.00 0.00 2.00 120.96
42.00 7.00 1.00 4.00 54.94
37.00 39.00 1.00 1.00 36.95
1.00 56.00 1.00 1.00 195.62
57.00 54.00 1.00 2.00 60.65
57.00 15.00 0.00 2.00 134.31
53.00 2.00 1.00 4.00 85.94
52.00 44.00 0.00 3.00 174.64
15.00 53.00 1.00 1.00 172.84
38.00 32.00 0.00 3.00 161.61
53.00 58.00 0.00 4.00 84.51
48.00 53.00 1.00 5.00 141.24
57.00 35.00 0.00 1.00 157.78
1.00 55.00 0.00 1.00 34.72
12.00 16.00 0.00 1.00 57.48
35.00 18.00 1.00 2.00 40.42
8.00 5.00 1.00 5.00 163.84
58.00 12.00 1.00 4.00 180.34
4.00 52.00 0.00 1.00 189.91
53.00 57.00 0.00 2.00 163.12
53.00 59.00 0.00 1.00 194.78
30.00 17.00 1.00 5.00 181.36
57.00 31.00 0.00 3.00 90.85
7.00 5.00 1.00 1.00 164.16
18.00 9.00 1.00 3.00 76.09
54.00 25.00 1.00 5.00 182.27
59.00 22.00 1.00 3.00 46.46
54.00 37.00 1.00 3.00 79.37
49.00 59.00 0.00 1.00 42.77
30.00 52.00 0.00 1.00 91.03
55.00 52.00 1.00 1.00 159.80
34.00 50.00 1.00 2.00 88.05
34.00 42.00 1.00 4.00 103.36
12.00 22.00 1.00 4.00 145.01
43.00 54.00 0.00 2.00 185.58
33.00 24.00 1.00 2.00 121.43
25.00 42.00 1.00 5.00 90.36
14.00 0.00 1.00 2.00 119.09
32.00 51.00 0.00 3.00 198.17
37.00 50.00 1.00 3.00 154.68
51.00 56.00 1.00 1.00 173.91
50.00 57.00 1.00 2.00 126.53
35.00 15.00 1.00 5.00 150.48
37.00 42.00 1.00 4.00 106.49
27.00 11.00 1.00 2.00 186.97
0.00 8.00 1.00 5.00 188.46
59.00 33.00 1.00 1.00 168.29
30.00 19.00 0.00 2.00 87.76
27.00 14.00 1.00 3.00 173.18
24.00 59.00 1.00 3.00 122.22
54.00 42.00 1.00 5.00 127.44
55.00 38.00 1.00 1.00 105.01
58.00 15.00 1.00 3.00 146.26
29.00 53.00 1.00 3.00 105.70
24.00 4.00 0.00 1.00 138.80
17.00 50.00 0.00 2.00 31.37
56.00 0.00 1.00 2.00 81.64
52.00 4.00 0.00 4.00 120.86
58.00 38.00 1.00 5.00 168.01
1.00 22.00 0.00 1.00 94.12
3.00 16.00 0.00 3.00 80.53
18.00 59.00 0.00 5.00 48.31
59.00 51.00 1.00 3.00 135.86
16.00 26.00 0.00 2.00 85.04
4.00 31.00 1.00 4.00 35.00
3.00 58.00 1.00 4.00 191.09
43.00 29.00 0.00 1.00 97.58
52.00 43.00 0.00 2.00 172.96
58.00 15.00 1.00 3.00 103.35
9.00 41.00 0.00 2.00 100.26
57.00 51.00 0.00 5.00 181.21
34.00 41.00 0.00 3.00 62.19
53.00 56.00 1.00 5.00 154.36
50.00 46.00 1.00 3.00 181.39
5.00 52.00 1.00 5.00 115.69
8.00 55.00 0.00 3.00 126.98
22.00 40.00 0.00 3.00 34.54
55.00 2.00 0.00 3.00 180.76
50.00 41.00 1.00 5.00 158.40
55.00 39.00 1.00 3.00 159.53
52.00 58.00 1.00 5.00 173.36
57.00 53.00 0.00 1.00 52.75
57.00 51.00 1.00 2.00 74.41
33.00 57.00 1.00 5.00 199.05
56.00 51.00 1.00 4.00 172.44
58.00 1.00 1.00 3.00 116.27
2.00 30.00 1.00 1.00 95.74
6.00 57.00 0.00 3.00 172.23
26.00 50.00 0.00 2.00 131.52
54.00 59.00 1.00 4.00 184.33
5.00 22.00 1.00 5.00 86.87
20.00 56.00 0.00 3.00 98.76
34.00 52.00 0.00 3.00 76.55
15.00 58.00 0.00 3.00 128.38
21.00 37.00 0.00 4.00 126.06
50.00 59.00 1.00 3.00 76.16
45.00 35.00 1.00 1.00 81.32
57.00 18.00 0.00 5.00 150.37
51.00 55.00 0.00 3.00 146.87
57.00 51.00 1.00 2.00 198.62
11.00 58.00 1.00 1.00 73.31
58.00 52.00 0.00 1.00 69.22
53.00 27.00 0.00 5.00 83.67
52.00 59.00 1.00 5.00 125.38
52.00 57.00 1.00 4.00 140.28
4.00 24.00 0.00 2.00 113.01
55.00 54.00 1.00 3.00 55.15
58.00 36.00 1.00 1.00 114.93
24.00 58.00 1.00 5.00 136.21
55.00 11.00 0.00 4.00 141.52
48.00 54.00 1.00 1.00 74.88
53.00 14.00 1.00 2.00 155.70
9.00 50.00 1.00 2.00 163.41
48.00 5.00 0.00 3.00 57.74
55.00 51.00 1.00 5.00 81.74
57.00 25.00 1.00 4.00 107.59
34.00 51.00 1.00 5.00 165.12
55.00 39.00 1.00 4.00 62.89
58.00 24.00 0.00 4.00 68.52
28.00 55.00 1.00 5.00 155.30
9.00 28.00 0.00 3.00 149.61
