5.00 7.00 1.00 3.00 38.96
59.00 27.00 1.00 1.00 65.77
58.00 10.00 0.00 1.00 50.41
4.00 29.00 1.00 1.00 154.60
54.00 57.00 0.00 5.00 184.90
56.00 51.00 0.00 3.00 136.39
53.00 56.00 1.00 4.00 32.68
15.00 1.00 0.00 4.00 136.38
55.00 54.00 0.00 1.00 157.94
59.00 29.00 0.00 1.00 156.86
54.00 47.00 0.00 4.00 197.65
54.00 59.00 1.00 4.00 99.21
55.00 51.00 1.00 2.00 118.66
51.00 46.00 1.00 4.00 63.43
50.00 39.00 0.00 5.00 197.80
55.00 50.00 1.00 3.00 166.70
16.00 2.00 1.00 2.00 184.45
20.00 58.00 1.00 4.00 119.69
54.00 28.00 0.00 5.00 97.74
49.00 26.00 1.00 3.00 106.53
36.00 50.00 0.00 5.00 90.85
26.00 57.00 1.00 3.00 35.87
52.00 36.00 1.00 4.00 103.39
51.00 31.00 1.00 5.00 189.85
54.00 55.00 1.00 1.00 118.27
58.00 14.00 0.00 1.00 77.30
48.00 10.00 1.00 1.00 125.54
20.00 43.00 0.00 2.00 138.92
48.00 21.00 0.00 1.00 72.14
3.00 21.00 1.00 2.00 184.10
14.00 57.00 1.00 3.00 34.65
4.00 57.00 0.00 4.00 51.88
54.00 13.00 1.00 2.00 157.83
1.00 57.00 1.00 3.00 80.08
21.00 55.00 1.00 1.00 164.95
27.00 49.00 0.00 1.00 192.31
59.00 49.00 0.00 3.00 94.00
59.00 13.00 0.00 1.00 97.68
59.00 53.00 1.00 3.00 192.31
56.00 53.00 0.00 5.00 160.60
36.00 44.00 0.00 5.00 183.41
41.00 21.00 0.00 5.00 32.61
38.00 51.00 1.00 2.00 169.52
58.00 25.00 0.00 5.00 189.25
32.00 20.00 0.00 2.00 56.86
2.00 54.00 0.00 4.00 65.89
41.00 6.00 1.00 1.00 100.04
57.00 34.00 0.00 2.00 150.68
52.00 58.00 0.00 5.00 101.79
47.00 20.00 0.00 5.00 157.44
53.00 4.00 0.00 1.00 191.23
59.00 51.00 1.00 5.00 132.12
50.00 55.00 0.00 3.00 78.85
59.00 50.00 0.00 2.00 90.35
56.00 52.00 0.00 3.00 108.48
30.00 47.00 1.00 4.00 74.05
54.00 56.00 1.00 3.00 181.90
53.00 56.00 0.00 3.00 159.01
10.00 59.00 0.00 1.00 146.27
54.00 40.00 1.00 4.00 118.07
25.00 23.00 1.00 1.00 52.48
5.00 15.00 0.00 2.00 136.16
10.00 40.00 1.00 5.00 196.74
33.00 15.00 1.00 3.00 52.35
4.00 57.00 0.00 1.00 112.21
56.00 50.00 1.00 5.00 141.73
48.00 54.00 0.00 1.00 180.09
45.00 13.00 1.00 5.00 199.52
38.00 59.00 1.00 4.00 180.78
5.00 51.00 0.00 1.00 119.45
15.00 3.00 0.00 2.00 158.29
59.00 1.00 1.00 1.00 176.40
39.00 57.00 0.00 1.00 177.66
51.00 56.00 0.00 5.00 77.57
49.00 52.00 0.00 2.00 68.90
58.00 52.00 1.00 5.00 58.09
4.00 57.00 1.00 1.00 107.67
13.00 40.00 0.00 4.00 175.77
40.00 13.00 1.00 3.00 166.18
56.00 50.00 1.00 2.00 82.02
11.00 54.00 0.00 2.00 79.13
10.00 31.00 0.00 5.00 52.98
35.00 59.00 1.00 1.00 153.70
52.00 58.00 1.00 5.00 87.05
57.00 8.00 1.00 4.00 137.62
52.00 56.00 0.00 5.00 82.46
26.00 59.00 1.00 2.00 66.46
58.00 52.00 0.00 5.00 108.09
58.00 32.00 0.00 3.00 195.44
54.00 24.00 0.00 1.00 49.18
0.00 50.00 0.00 2.00 187.15
52.00 56.00 1.00 1.00 183.54
3.00 52.00 1.00 5.00 127.84
46.00 58.00 0.00 4.00 44.10
56.00 50.00 0.00 1.00 166.74
27.00 52.00 1.00 2.00 169.66
55.00 52.00 1.00 1.00 60.43
34.00 57.00 0.00 2.00 184.07
27.00 11.00 0.00 5.00 162.59
30.00 2.00 0.00 2.00 189.97
15.00 28.00 1.00 5.00 189.14
20.00 26.00 0.00 4.00 159.09
9.00 58.00 0.00 5.00 116.48
51.00 57.00 0.00 5.00 154.01
55.00 13.00 0.00 2.00 50.90
55.00 54.00 0.00 4.00 90.08
53.00 29.00 1.00 3.00 125.12
23.00 5.00 0.00 3.00 165.38
52.00 35.00 1.00 5.00 185.84
52.00 7.00 1.00 3.00 74.30
59.00 52.00 1.00 3.00 85.88
27.00 49.00 0.00 1.00 166.74
54.00 57.00 1.00 3.00 43.22
53.00 56.00 0.00 3.00 168.73
34.00 44.00 0.00 4.00 161.41
26.00 57.00 0.00 3.00 145.16
51.00 29.00 1.00 1.00 58.13
10.00 50.00 1.00 5.00 116.39
51.00 10.00 1.00 2.00 65.59
51.00 14.00 0.00 1.00 171.93
19.00 58.00 1.00 3.00 174.48
53.00 56.00 0.00 5.00 196.75
57.00 50.00 0.00 1.00 155.65
0.00 53.00 1.00 3.00 188.36
57.00 52.00 0.00 4.00 55.48
59.00 32.00 1.00 4.00 53.95
13.00 18.00 1.00 2.00 190.85
59.00 5.00 0.00 4.00 183.32
53.00 44.00 0.00 5.00 141.65
53.00 56.00 1.00 2.00 95.90
52.00 57.00 0.00 3.00 32.17
54.00 45.00 0.00 4.00 188.86
38.00 50.00 0.00 5.00 62.03
55.00 52.00 0.00 3.00 189.44
34.00 56.00 1.00 1.00 136.76
21.00 36.00 1.00 2.00 168.09
31.00 50.00 1.00 3.00 51.98
33.00 51.00 0.00 3.00 144.18
54.00 12.00 0.00 5.00 111.19
5.00 55.00 0.00 4.00 86.93
56.00 22.00 0.00 4.00 111.64
59.00 50.00 0.00 5.00 103.19
36.00 16.00 0.00 5.00 56.60
58.00 50.00 1.00 3.00 39.36
54.00 48.00 1.00 2.00 36.25
1.00 54.00 1.00 5.00 112.64
33.00 50.00 0.00 3.00 39.94
58.00 52.00 1.00 1.00 50.75
52.00 59.00 1.00 4.00 154.55
24.00 55.00 0.00 2.00 43.18
26.00 59.00 0.00 2.00 55.41
3.00 51.00 1.00 3.00 35.28
57.00 5.00 1.00 4.00 132.44
59.00 50.00 0.00 4.00 180.75
58.00 37.00 1.00 1.00 107.66
57.00 21.00 0.00 5.00 161.11
57.00 1.00 0.00 3.00 84.88
6.00 17.00 1.00 4.00 175.35
58.00 50.00 1.00 3.00 30.45
57.00 54.00 0.00 2.00 42.70
55.00 33.00 0.00 4.00 51.45
4.00 55.00 1.00 5.00 96.36
51.00 13.00 1.00 3.00 153.96
33.00 49.00 1.00 4.00 149.58
37.00 4.00 0.00 1.00 129.37
50.00 3.00 0.00 5.00 41.33
4.00 53.00 1.00 1.00 144.44
11.00 5.00 0.00 3.00 42.37
2.00 57.00 0.00 1.00 91.08
55.00 52.00 0.00 2.00 137.36
23.00 2.00 1.00 2.00 85.92
29.00 59.00 1.00 3.00 178.59
2.00 55.00 1.00 5.00 184.89
9.00 23.00 0.00 1.00 109.08
6.00 17.00 0.00 2.00 113.73
53.00 45.00 0.00 3.00 153.48
42.00 34.00 0.00 2.00 51.33
54.00 56.00 1.00 3.00 152.15
20.00 29.00 1.00 2.00 62.42
44.00 0.00 1.00 1.00 143.84
45.00 52.00 0.00 5.00 145.64
6.00 53.00 0.00 2.00 174.97
51.00 58.00 1.00 5.00 47.56
56.00 52.00 1.00 1.00 170.08
6.00 47.00 0.00 3.00 163.09
9.00 19.00 0.00 2.00 196.99
52.00 26.00 0.00 3.00 124.71
5.00 46.00 1.00 4.00 128.13
45.00 1.00 0.00 3.00 99.07
55.00 54.00 0.00 2.00 131.08
3.00 17.00 1.00 4.00 181.57
56.00 3.00 0.00 4.00 171.02
57.00 16.00 0.00 1.00 35.18
55.00 35.00 0.00 4.00 171.77
48.00 5.00 1.00 2.00 154.58
36.00 4.00 0.00 2.00 38.59
57.00 52.00 0.00 1.00 147.84
8.00 17.00 0.00 4.00 30.29
56.00 4.00 0.00 2.00 133.22
56.00 50.00 0.00 5.00 194.77
59.00 53.00 1.00 3.00 34.31
58.00 51.00 0.00 3.00 74.42
56.00 52.00 1.00 3.00 197.09
10.00 43.00 0.00 4.00 78.81
4.00 58.00 1.00 2.00 159.63
19.00 40.00 1.00 3.00 176.77
47.00 52.00 0.00 2.00 165.83
58.00 30.00 1.00 1.00 148.33
51.00 9.00 1.00 3.00 110.62
58.00 50.00 1.00 2.00 189.22
51.00 59.00 1.00 2.00 156.29
55.00 54.00 1.00 5.00 146.74
39.00 15.00 1.00 5.00 111.89
54.00 8.00 0.00 4.00 93.30
58.00 6.00 0.00 3.00 54.46
56.00 33.00 0.00 1.00 66.34
35.00 15.00 0.00 5.00 75.94
58.00 21.00 0.00 4.00 43.17
50.00 57.00 1.00 3.00 58.84
16.00 4.00 1.00 4.00 56.91
52.00 2.00 1.00 1.00 191.66
49.00 53.00 0.00 1.00 147.32
11.00 42.00 0.00 4.00 64.47
21.00 58.00 1.00 3.00 31.30
51.00 57.00 1.00 1.00 37.36
52.00 56.00 0.00 3.00 145.83
46.00 52.00 0.00 1.00 38.56
56.00 54.00 0.00 2.00 131.28
50.00 1.00 0.00 5.00 156.80
36.00 57.00 1.00 2.00 120.21
36.00 41.00 1.00 5.00 48.84
4.00 50.00 0.00 1.00 197.37
53.00 55.00 0.00 3.00 67.67
0.00 50.00 0.00 4.00 149.24
53.00 58.00 0.00 2.00 188.20
8.00 52.00 0.00 4.00 151.01
59.00 54.00 1.00 3.00 75.02
55.00 50.00 1.00 5.00 43.68
43.00 27.00 0.00 4.00 64.02
38.00 56.00 0.00 2.00 134.86
50.00 56.00 0.00 4.00 196.86
50.00 55.00 1.00 4.00 111.90
0.00 8.00 0.00 3.00 168.95
34.00 41.00 0.00 3.00 153.75
33.00 32.00 0.00 5.00 167.72
50.00 4.00 0.00 5.00 68.21
33.00 59.00 1.00 3.00 170.53
5.00 50.00 1.00 5.00 71.14
4.00 53.00 0.00 3.00 124.08
13.00 51.00 1.00 3.00 192.13
51.00 55.00 1.00 3.00 89.01
9.00 57.00 0.00 1.00 152.24
41.00 7.00 0.00 4.00 163.91
57.00 52.00 0.00 2.00 173.20
50.00 55.00 1.00 3.00 86.74
53.00 1.00 0.00 4.00 126.22
52.00 0.00 0.00 4.00 35.44
16.00 35.00 0.00 3.00 152.72
41.00 4.00 0.00 3.00 116.82
52.00 59.00 0.00 5.00 65.10
13.00 56.00 1.00 2.00 74.41
26.00 55.00 0.00 5.00 185.93
57.00 51.00 1.00 3.00 33.43
56.00 8.00 0.00 2.00 116.10
50.00 55.00 0.00 1.00 36.98
52.00 44.00 0.00 1.00 71.34
7.00 39.00 1.00 4.00 126.97
6.00 49.00 1.00 1.00 66.71
55.00 47.00 0.00 5.00 80.06
12.00 39.00 0.00 2.00 172.88
51.00 14.00 0.00 1.00 159.98
47.00 39.00 0.00 1.00 157.40
56.00 51.00 1.00 2.00 98.83
38.00 9.00 1.00 4.00 122.90
46.00 33.00 0.00 4.00 169.07
50.00 2.00 1.00 4.00 75.00
57.00 34.00 0.00 1.00 50.02
56.00 52.00 0.00 2.00 156.79
51.00 56.00 1.00 1.00 39.87
56.00 52.00 1.00 1.00 111.36
57.00 14.00 1.00 5.00 53.28
17.00 12.00 0.00 4.00 80.19
53.00 55.00 1.00 2.00 69.66
44.00 4.00 1.00 1.00 47.29
11.00 46.00 1.00 3.00 117.27
31.00 53.00 1.00 5.00 150.66
8.00 54.00 1.00 3.00 89.28
54.00 27.00 0.00 3.00 135.59
34.00 53.00 1.00 1.00 38.81
58.00 53.00 1.00 1.00 80.79
27.00 50.00 1.00 1.00 125.98
51.00 28.00 0.00 4.00 194.96
6.00 21.00 1.00 4.00 77.29
50.00 59.00 0.00 2.00 126.54
39.00 9.00 0.00 4.00 70.45
58.00 14.00 1.00 5.00 182.16
48.00 18.00 0.00 1.00 92.57
59.00 50.00 0.00 1.00 47.97
30.00 50.00 1.00 5.00 88.61
54.00 4.00 0.00 1.00 53.57
43.00 52.00 1.00 5.00 111.69
52.00 59.00 0.00 2.00 65.89
13.00 15.00 0.00 4.00 107.09
37.00 55.00 1.00 3.00 143.69
14.00 59.00 1.00 5.00 65.71
59.00 12.00 0.00 5.00 80.63
49.00 52.00 0.00 5.00 76.96
52.00 59.00 1.00 1.00 118.48
50.00 39.00 1.00 2.00 54.26
35.00 53.00 0.00 2.00 64.63
52.00 57.00 0.00 2.00 131.22
4.00 52.00 0.00 4.00 115.93
19.00 12.00 1.00 5.00 44.67
55.00 53.00 0.00 1.00 145.76
53.00 55.00 1.00 2.00 36.00
37.00 51.00 1.00 2.00 32.98
41.00 54.00 1.00 2.00 192.45
51.00 32.00 1.00 5.00 83.86
42.00 52.00 1.00 3.00 172.23
52.00 44.00 0.00 2.00 43.07
57.00 3.00 1.00 3.00 112.18
34.00 23.00 0.00 1.00 142.70
55.00 50.00 0.00 3.00 94.41
57.00 53.00 1.00 2.00 153.05
21.00 28.00 0.00 2.00 186.35
32.00 43.00 0.00 3.00 161.75
53.00 56.00 1.00 2.00 140.29
33.00 52.00 0.00 2.00 169.77
56.00 54.00 1.00 2.00 40.55
51.00 37.00 0.00 5.00 50.11
14.00 4.00 0.00 3.00 146.33
44.00 1.00 1.00 1.00 140.32
23.00 55.00 1.00 4.00 154.52
54.00 58.00 0.00 1.00 183.10
16.00 57.00 0.00 5.00 159.30
18.00 11.00 0.00 5.00 183.69
0.00 50.00 0.00 4.00 192.38
52.00 45.00 0.00 1.00 60.59
50.00 58.00 1.00 3.00 175.02
45.00 52.00 1.00 1.00 65.14
52.00 57.00 1.00 3.00 132.76
56.00 53.00 1.00 1.00 64.55
29.00 50.00 1.00 1.00 135.93
50.00 55.00 0.00 3.00 56.91
35.00 46.00 1.00 5.00 83.53
56.00 2.00 0.00 2.00 107.12
11.00 44.00 0.00 1.00 138.78
54.00 6.00 0.00 4.00 153.51
57.00 53.00 1.00 4.00 169.34
8.00 17.00 0.00 2.00 65.99
22.00 0.00 0.00 5.00 82.95
59.00 53.00 1.00 2.00 50.03
8.00 51.00 0.00 3.00 137.74
57.00 54.00 1.00 5.00 165.82
56.00 16.00 1.00 1.00 37.08
50.00 56.00 1.00 3.00 88.01
54.00 47.00 0.00 3.00 119.28
5.00 49.00 1.00 1.00 173.87
50.00 27.00 0.00 5.00 177.23
27.00 55.00 1.00 2.00 94.48
59.00 27.00 0.00 1.00 119.05
57.00 50.00 0.00 3.00 120.91
53.00 56.00 0.00 4.00 128.00
28.00 56.00 0.00 1.00 123.73
55.00 9.00 1.00 1.00 166.96
33.00 49.00 0.00 3.00 148.16
32.00 12.00 1.00 3.00 158.07
35.00 54.00 1.00 5.00 192.28
21.00 37.00 1.00 3.00 101.49
52.00 59.00 0.00 2.00 159.76
56.00 52.00 0.00 1.00 117.72
35.00 16.00 1.00 4.00 100.90
19.00 38.00 1.00 1.00 93.94
12.00 15.00 0.00 1.00 87.26
54.00 20.00 0.00 2.00 173.55
4.00 29.00 0.00 4.00 127.15
45.00 33.00 1.00 4.00 150.90
57.00 53.00 1.00 1.00 43.51
23.00 12.00 1.00 5.00 99.08
57.00 51.00 0.00 1.00 119.20
51.00 56.00 0.00 3.00 167.67
26.00 51.00 0.00 1.00 110.12
48.00 54.00 1.00 4.00 86.06
53.00 10.00 1.00 3.00 193.31
58.00 15.00 1.00 3.00 148.56
51.00 8.00 0.00 4.00 96.95
9.00 19.00 0.00 5.00 37.61
54.00 27.00 1.00 1.00 111.48
20.00 0.00 0.00 3.00 67.63
56.00 54.00 1.00 3.00 110.40
3.00 54.00 0.00 4.00 163.87
27.00 56.00 0.00 4.00 96.33
58.00 21.00 1.00 4.00 40.16
59.00 38.00 1.00 2.00 54.96
41.00 11.00 0.00 4.00 111.62
56.00 36.00 1.00 5.00 187.22
52.00 34.00 0.00 5.00 129.73
50.00 58.00 0.00 4.00 114.11
35.00 50.00 1.00 3.00 159.07
56.00 29.00 0.00 1.00 182.32
38.00 8.00 0.00 5.00 54.98
52.00 36.00 1.00 1.00 129.76
6.00 26.00 0.00 2.00 182.41
11.00 51.00 1.00 1.00 183.54
41.00 5.00 1.00 5.00 167.59
55.00 39.00 1.00 4.00 42.63
51.00 55.00 0.00 3.00 104.84
17.00 58.00 0.00 4.00 115.15
5.00 46.00 0.00 4.00 66.27
45.00 13.00 0.00 1.00 119.19
37.00 44.00 1.00 2.00 30.74
55.00 54.00 0.00 2.00 127.79
4.00 51.00 1.00 2.00 120.57
57.00 54.00 1.00 1.00 158.05
44.00 52.00 0.00 2.00 88.46
51.00 40.00 0.00 2.00 129.50
51.00 58.00 1.00 3.00 138.42
4.00 55.00 0.00 1.00 178.81
56.00 54.00 0.00 1.00 132.08
59.00 52.00 1.00 4.00 90.76
59.00 26.00 1.00 1.00 79.48
20.00 36.00 0.00 2.00 141.12
55.00 52.00 0.00 3.00 179.95
37.00 52.00 1.00 5.00 47.96
3.00 56.00 0.00 1.00 48.42
54.00 31.00 0.00 4.00 199.32
52.00 58.00 1.00 4.00 33.68
25.00 51.00 0.00 1.00 144.48
51.00 58.00 0.00 1.00 30.46
7.00 58.00 0.00 3.00 141.38
50.00 57.00 0.00 4.00 37.37
4.00 53.00 0.00 4.00 165.32
57.00 51.00 0.00 2.00 196.68
53.00 12.00 0.00 1.00 122.24
54.00 39.00 1.00 3.00 101.89
35.00 58.00 1.00 3.00 153.79
34.00 20.00 0.00 2.00 39.38
46.00 39.00 1.00 1.00 122.72
52.00 38.00 0.00 1.00 106.90
32.00 24.00 1.00 5.00 148.70
53.00 11.00 0.00 5.00 49.75
6.00 41.00 0.00 3.00 101.15
54.00 48.00 0.00 5.00 171.81
15.00 3.00 1.00 5.00 170.27
2.00 57.00 1.00 5.00 182.38
23.00 56.00 1.00 2.00 80.81
15.00 34.00 1.00 4.00 168.09
8.00 40.00 0.00 4.00 77.86
54.00 13.00 1.00 1.00 133.38
58.00 26.00 0.00 2.00 101.45
58.00 50.00 0.00 1.00 89.77
9.00 53.00 1.00 2.00 45.47
18.00 8.00 0.00 3.00 83.89
52.00 28.00 0.00 2.00 197.87
34.00 57.00 1.00 3.00 153.40
16.00 7.00 1.00 5.00 135.42
53.00 46.00 0.00 3.00 181.10
55.00 50.00 1.00 2.00 143.40
4.00 55.00 1.00 3.00 135.80
41.00 0.00 0.00 1.00 81.95
42.00 50.00 0.00 2.00 132.98
54.00 15.00 0.00 1.00 47.82
50.00 46.00 0.00 4.00 50.87
58.00 8.00 1.00 3.00 82.06
23.00 57.00 1.00 4.00 61.48
50.00 55.00 1.00 3.00 36.10
54.00 57.00 0.00 5.00 70.58
51.00 56.00 1.00 2.00 107.05
57.00 53.00 0.00 3.00 97.48
41.00 37.00 0.00 3.00 57.25
56.00 34.00 0.00 2.00 193.38
46.00 52.00 0.00 3.00 76.44
57.00 51.00 1.00 4.00 176.97
25.00 53.00 0.00 1.00 148.41
58.00 3.00 1.00 1.00 82.99
46.00 50.00 1.00 2.00 167.17
4.00 7.00 1.00 5.00 152.38
48.00 22.00 0.00 3.00 196.64
56.00 10.00 1.00 2.00 168.01
58.00 6.00 1.00 4.00 38.93
40.00 51.00 1.00 1.00 111.19
4.00 45.00 1.00 1.00 74.31
34.00 17.00 0.00 2.00 42.91
10.00 40.00 0.00 4.00 61.13
16.00 12.00 1.00 5.00 150.60
23.00 0.00 0.00 4.00 110.50
27.00 54.00 0.00 1.00 196.46
45.00 28.00 1.00 5.00 92.36
10.00 59.00 0.00 3.00 126.50
50.00 56.00 1.00 4.00 187.90
56.00 52.00 1.00 5.00 197.92
46.00 28.00 0.00 2.00 138.35
49.00 13.00 0.00 3.00 96.36
10.00 31.00 0.00 3.00 42.52
57.00 53.00 0.00 3.00 49.37
12.00 40.00 0.00 2.00 167.15
21.00 55.00 1.00 4.00 109.46
56.00 6.00 0.00 2.00 165.52
9.00 52.00 1.00 2.00 119.91
41.00 11.00 0.00 2.00 195.58
14.00 52.00 1.00 1.00 36.94
39.00 59.00 1.00 5.00 39.57
27.00 58.00 1.00 2.00 43.93
36.00 3.00 0.00 5.00 85.77
21.00 58.00 0.00 4.00 49.65
50.00 59.00 0.00 1.00 70.64
5.00 53.00 0.00 1.00 96.86
20.00 19.00 1.00 3.00 166.31
3.00 47.00 0.00 3.00 66.13
43.00 35.00 0.00 5.00 76.44
40.00 51.00 1.00 5.00 45.24
26.00 55.00 1.00 3.00 115.40
44.00 54.00 1.00 5.00 31.12
55.00 53.00 1.00 2.00 194.96
37.00 50.00 1.00 1.00 59.71
52.00 57.00 1.00 5.00 60.11
12.00 28.00 1.00 1.00 142.44
53.00 4.00 1.00 1.00 170.51
58.00 9.00 1.00 4.00 141.40
18.00 13.00 0.00 1.00 154.19
52.00 57.00 0.00 1.00 82.33
28.00 46.00 0.00 3.00 83.66
30.00 33.00 0.00 4.00 58.26
52.00 25.00 1.00 3.00 61.33
55.00 54.00 1.00 2.00 174.65
53.00 57.00 1.00 3.00 114.76
58.00 15.00 1.00 5.00 133.04
10.00 50.00 0.00 3.00 45.70
21.00 41.00 1.00 2.00 178.20
5.00 55.00 0.00 2.00 81.88
55.00 53.00 0.00 1.00 35.33
30.00 17.00 0.00 3.00 91.52
55.00 10.00 1.00 3.00 188.57
29.00 58.00 1.00 5.00 134.53
20.00 43.00 0.00 1.00 33.98
20.00 49.00 0.00 3.00 165.57
23.00 55.00 1.00 5.00 109.89
27.00 57.00 1.00 1.00 89.65
7.00 56.00 0.00 4.00 40.20
53.00 33.00 0.00 2.00 150.04
53.00 33.00 1.00 2.00 101.04
58.00 8.00 0.00 1.00 92.40
53.00 56.00 1.00 5.00 104.88
52.00 42.00 0.00 4.00 148.61
59.00 29.00 1.00 5.00 49.48
50.00 39.00 1.00 3.00 189.58
29.00 2.00 0.00 4.00 61.63
57.00 37.00 0.00 5.00 102.73
55.00 50.00 1.00 4.00 84.74
59.00 52.00 1.00 1.00 85.94
4.00 39.00 0.00 5.00 75.69
4.00 57.00 0.00 1.00 101.69
51.00 58.00 1.00 3.00 176.10
43.00 23.00 0.00 5.00 182.32
31.00 59.00 1.00 5.00 128.34
58.00 5.00 0.00 5.00 83.84
33.00 55.00 0.00 3.00 115.13
54.00 38.00 1.00 3.00 100.24
15.00 27.00 1.00 1.00 42.03
36.00 51.00 0.00 5.00 95.84
52.00 56.00 0.00 3.00 84.57
54.00 55.00 0.00 1.00 127.18
58.00 53.00 1.00 2.00 40.97
29.00 20.00 1.00 2.00 176.97
55.00 51.00 0.00 2.00 190.65
54.00 57.00 0.00 1.00 101.86
38.00 59.00 0.00 5.00 123.80
50.00 57.00 1.00 3.00 36.52
51.00 29.00 0.00 3.00 99.58
53.00 55.00 1.00 5.00 132.49
2.00 52.00 1.00 1.00 181.44
52.00 0.00 0.00 1.00 52.10
52.00 29.00 0.00 4.00 55.04
57.00 5.00 1.00 5.00 44.44
58.00 45.00 1.00 4.00 60.75
59.00 28.00 0.00 1.00 198.83
58.00 54.00 1.00 2.00 163.87
48.00 28.00 0.00 2.00 195.82
53.00 46.00 1.00 3.00 149.23
52.00 1.00 0.00 2.00 155.33
31.00 2.00 0.00 5.00 164.50
42.00 38.00 0.00 3.00 170.53
51.00 35.00 1.00 1.00 123.01
0.00 53.00 1.00 1.00 123.22
56.00 11.00 0.00 2.00 43.52
58.00 52.00 0.00 2.00 90.52
51.00 2.00 0.00 1.00 68.40
39.00 54.00 1.00 1.00 50.28
47.00 55.00 0.00 5.00 67.09
53.00 58.00 0.00 2.00 182.14
53.00 59.00 1.00 5.00 144.07
58.00 50.00 1.00 1.00 85.64
59.00 53.00 0.00 3.00 66.03
50.00 55.00 1.00 3.00 182.23
37.00 57.00 0.00 3.00 118.06
27.00 54.00 1.00 1.00 183.93
24.00 41.00 1.00 1.00 94.23
50.00 45.00 1.00 2.00 116.97
13.00 43.00 0.00 2.00 43.49
50.00 58.00 0.00 1.00 66.11
38.00 50.00 0.00 1.00 183.05
55.00 22.00 1.00 3.00 199.41
52.00 59.00 1.00 5.00 164.71
25.00 57.00 1.00 2.00 179.06
33.00 53.00 1.00 1.00 42.98
55.00 2.00 1.00 5.00 199.75
21.00 2.00 1.00 4.00 68.07
55.00 54.00 0.00 1.00 99.38
55.00 50.00 0.00 3.00 196.02
13.00 54.00 1.00 3.00 155.65
54.00 55.00 1.00 2.00 138.23
46.00 5.00 1.00 3.00 127.44
56.00 51.00 0.00 2.00 43.87
59.00 49.00 1.00 5.00 100.47
55.00 15.00 0.00 2.00 188.04
55.00 53.00 0.00 3.00 152.01
19.00 11.00 0.00 3.00 45.46
27.00 50.00 0.00 1.00 43.86
46.00 33.00 0.00 2.00 80.66
52.00 32.00 1.00 5.00 157.51
58.00 37.00 1.00 1.00 39.11
53.00 58.00 1.00 1.00 129.29
52.00 42.00 0.00 4.00 96.58
59.00 33.00 1.00 4.00 133.37
56.00 50.00 0.00 5.00 191.43
29.00 54.00 0.00 1.00 116.07
59.00 30.00 1.00 3.00 109.89
13.00 54.00 1.00 5.00 197.00
49.00 6.00 0.00 4.00 134.62
47.00 27.00 1.00 3.00 48.81
9.00 54.00 1.00 4.00 112.47
50.00 55.00 0.00 5.00 154.61
57.00 20.00 1.00 3.00 186.02
24.00 41.00 1.00 4.00 98.34
59.00 37.00 0.00 3.00 97.66
19.00 5.00 0.00 1.00 164.88
51.00 56.00 1.00 4.00 105.92
45.00 54.00 0.00 3.00 33.76
17.00 56.00 1.00 2.00 163.34
44.00 50.00 0.00 2.00 134.49
35.00 18.00 0.00 2.00 74.85
9.00 52.00 1.00 2.00 175.41
6.00 53.00 0.00 1.00 84.27
52.00 38.00 1.00 1.00 153.07
39.00 52.00 0.00 3.00 157.47
54.00 55.00 0.00 2.00 50.94
8.00 56.00 1.00 5.00 45.27
35.00 21.00 1.00 2.00 44.08
56.00 23.00 0.00 5.00 66.54
19.00 10.00 1.00 3.00 90.23
42.00 13.00 0.00 3.00 96.98
56.00 53.00 1.00 1.00 156.81
13.00 51.00 0.00 2.00 162.63
42.00 11.00 0.00 3.00 144.16
29.00 16.00 0.00 1.00 155.01
42.00 54.00 1.00 1.00 54.06
8.00 41.00 1.00 4.00 138.03
39.00 7.00 1.00 3.00 119.03
2.00 19.00 1.00 4.00 63.92
56.00 51.00 0.00 5.00 55.79
35.00 56.00 0.00 1.00 118.43
57.00 51.00 0.00 5.00 177.16
38.00 53.00 1.00 4.00 119.92
54.00 29.00 1.00 3.00 35.91
3.00 50.00 0.00 1.00 146.10
50.00 55.00 1.00 4.00 167.02
20.00 28.00 0.00 5.00 102.34
50.00 55.00 0.00 5.00 128.28
59.00 27.00 0.00 1.00 157.26
50.00 56.00 0.00 1.00 41.20
55.00 47.00 0.00 2.00 195.91
27.00 59.00 0.00 4.00 90.92
51.00 55.00 0.00 2.00 138.10
50.00 58.00 1.00 2.00 196.95
53.00 42.00 0.00 3.00 31.31
58.00 15.00 1.00 3.00 180.48
53.00 57.00 1.00 5.00 106.89
12.00 43.00 0.00 1.00 133.24
11.00 54.00 0.00 4.00 132.82
59.00 7.00 1.00 4.00 48.86
40.00 6.00 0.00 4.00 50.30
54.00 12.00 0.00 2.00 66.71
50.00 55.00 1.00 1.00 132.35
52.00 49.00 1.00 4.00 152.58
52.00 33.00 1.00 2.00 167.23
57.00 54.00 1.00 2.00 195.45
22.00 11.00 0.00 5.00 199.05
52.00 55.00 1.00 2.00 46.45
50.00 41.00 0.00 4.00 136.92
31.00 13.00 0.00 1.00 191.59
29.00 50.00 1.00 5.00 148.69
7.00 52.00 0.00 3.00 151.27
41.00 19.00 1.00 2.00 38.19
55.00 53.00 1.00 4.00 42.41
26.00 55.00 1.00 4.00 80.93
29.00 58.00 1.00 3.00 158.78
9.00 38.00 1.00 2.00 91.06
55.00 51.00 0.00 5.00 101.18
54.00 55.00 0.00 5.00 67.50
29.00 59.00 0.00 3.00 192.28
27.00 48.00 0.00 2.00 170.71
55.00 52.00 0.00 4.00 87.62
27.00 43.00 1.00 2.00 156.98
57.00 50.00 1.00 4.00 189.89
50.00 57.00 0.00 2.00 162.18
54.00 59.00 1.00 4.00 79.45
13.00 54.00 1.00 1.00 136.04
50.00 29.00 0.00 2.00 32.24
57.00 51.00 1.00 3.00 131.23
56.00 54.00 0.00 4.00 95.82
59.00 53.00 0.00 4.00 190.87
58.00 50.00 0.00 1.00 80.91
37.00 54.00 1.00 5.00 41.13
27.00 5.00 0.00 4.00 183.35
10.00 57.00 1.00 2.00 158.57
57.00 52.00 1.00 1.00 74.80
56.00 54.00 1.00 3.00 130.77
8.00 26.00 0.00 2.00 58.57
25.00 53.00 1.00 4.00 166.85
52.00 57.00 0.00 5.00 172.84
52.00 47.00 1.00 3.00 139.84
14.00 4.00 0.00 5.00 197.93
26.00 56.00 0.00 2.00 149.94
3.00 42.00 0.00 4.00 97.09
55.00 52.00 0.00 3.00 179.22
52.00 1.00 0.00 2.00 102.77
51.00 58.00 0.00 5.00 111.61
12.00 52.00 0.00 2.00 108.90
1.00 44.00 1.00 1.00 145.87
59.00 38.00 0.00 1.00 90.45
0.00 52.00 0.00 3.00 61.76
18.00 57.00 1.00 4.00 59.10
38.00 53.00 0.00 5.00 102.04
12.00 58.00 1.00 5.00 168.76
5.00 56.00 1.00 1.00 104.77
55.00 54.00 0.00 2.00 172.34
10.00 57.00 0.00 5.00 74.84
29.00 9.00 1.00 2.00 146.93
59.00 11.00 1.00 4.00 92.25
17.00 12.00 0.00 4.00 193.31
5.00 53.00 1.00 1.00 158.45
59.00 15.00 1.00 4.00 195.41
25.00 53.00 1.00 5.00 146.93
30.00 22.00 1.00 4.00 105.65
40.00 26.00 0.00 3.00 112.59
25.00 59.00 1.00 5.00 88.24
55.00 52.00 0.00 1.00 180.22
54.00 55.00 0.00 2.00 110.60
50.00 38.00 1.00 3.00 67.88
3.00 21.00 1.00 4.00 47.47
58.00 53.00 0.00 5.00 97.82
50.00 55.00 0.00 4.00 51.78
53.00 5.00 1.00 1.00 106.97
51.00 26.00 1.00 4.00 157.41
56.00 37.00 1.00 1.00 107.49
50.00 17.00 0.00 1.00 181.66
51.00 1.00 0.00 5.00 89.84
56.00 33.00 1.00 5.00 77.05
49.00 39.00 0.00 4.00 30.07
9.00 5.00 1.00 4.00 130.27
23.00 5.00 0.00 4.00 53.00
24.00 30.00 1.00 4.00 44.55
59.00 8.00 0.00 3.00 134.03
53.00 59.00 0.00 3.00 158.37
10.00 30.00 1.00 1.00 174.69
46.00 54.00 0.00 5.00 115.41
7.00 51.00 1.00 3.00 68.26
13.00 20.00 0.00 2.00 155.17
57.00 24.00 0.00 2.00 73.84
55.00 15.00 0.00 1.00 105.65
57.00 50.00 1.00 2.00 72.39
18.00 5.00 0.00 5.00 65.03
58.00 51.00 1.00 5.00 135.48
44.00 1.00 0.00 5.00 83.82
31.00 50.00 0.00 5.00 42.29
55.00 52.00 1.00 1.00 61.30
57.00 3.00 0.00 1.00 50.46
9.00 42.00 1.00 1.00 120.24
54.00 56.00 0.00 1.00 58.27
12.00 52.00 0.00 4.00 133.05
58.00 38.00 0.00 5.00 132.74
38.00 45.00 1.00 5.00 186.83
24.00 53.00 1.00 2.00 79.10
23.00 44.00 0.00 5.00 37.21
20.00 34.00 1.00 3.00 135.38
0.00 20.00 1.00 3.00 42.52
52.00 56.00 1.00 3.00 52.15
58.00 52.00 1.00 5.00 158.73
54.00 40.00 0.00 1.00 102.30
33.00 40.00 0.00 5.00 144.71
7.00 53.00 1.00 2.00 156.91
8.00 59.00 0.00 2.00 43.81
42.00 1.00 0.00 4.00 45.98
32.00 52.00 0.00 3.00 159.48
58.00 54.00 0.00 4.00 184.25
55.00 51.00 1.00 2.00 84.29
55.00 16.00 1.00 3.00 40.42
51.00 57.00 0.00 2.00 104.29
25.00 23.00 0.00 2.00 125.96
54.00 56.00 1.00 5.00 135.97
35.00 49.00 1.00 3.00 129.55
12.00 58.00 0.00 2.00 120.26
31.00 0.00 0.00 2.00 140.75
50.00 10.00 1.00 5.00 157.36
59.00 54.00 1.00 2.00 89.12
4.00 50.00 1.00 5.00 78.79
56.00 50.00 1.00 5.00 46.16
14.00 44.00 1.00 5.00 129.98
43.00 36.00 0.00 2.00 171.17
50.00 55.00 0.00 3.00 166.34
52.00 59.00 0.00 3.00 69.88
47.00 26.00 0.00 1.00 194.46
58.00 6.00 1.00 1.00 186.30
53.00 56.00 0.00 2.00 68.20
59.00 52.00 0.00 4.00 136.02
6.00 55.00 1.00 3.00 150.86
51.00 59.00 1.00 3.00 31.61
41.00 2.00 0.00 5.00 89.96
51.00 33.00 0.00 4.00 143.39
50.00 56.00 0.00 4.00 170.74
42.00 51.00 1.00 2.00 90.60
56.00 26.00 1.00 3.00 71.17
50.00 57.00 0.00 3.00 183.07
59.00 51.00 1.00 1.00 191.76
54.00 59.00 1.00 4.00 62.00
52.00 46.00 0.00 4.00 101.22
27.00 57.00 0.00 2.00 161.90
30.00 17.00 0.00 1.00 115.70
27.00 58.00 0.00 2.00 75.80
50.00 59.00 1.00 1.00 165.91
56.00 52.00 0.00 5.00 151.34
54.00 46.00 1.00 3.00 62.13
50.00 58.00 1.00 2.00 63.71
32.00 4.00 1.00 2.00 68.78
54.00 46.00 0.00 2.00 72.51
10.00 53.00 0.00 2.00 43.85
25.00 39.00 0.00 2.00 127.74
56.00 17.00 0.00 3.00 119.07
31.00 50.00 0.00 3.00 110.83
35.00 45.00 0.00 2.00 184.14
54.00 32.00 0.00 5.00 30.92
50.00 58.00 1.00 2.00 198.63
54.00 3.00 0.00 2.00 181.86
50.00 42.00 0.00 4.00 85.89
51.00 55.00 1.00 3.00 63.33
22.00 58.00 1.00 5.00 165.87
54.00 27.00 1.00 3.00 193.57
8.00 27.00 1.00 3.00 109.29
42.00 53.00 0.00 3.00 191.31
50.00 5.00 1.00 3.00 134.08
