46.00 35.00 0.00 4.00 180.49
59.00 32.00 1.00 2.00 56.25
57.00 9.00 1.00 5.00 176.30
52.00 56.00 1.00 1.00 112.14
58.00 30.00 0.00 1.00 111.63
56.00 7.00 1.00 5.00 107.83
46.00 35.00 1.00 2.00 132.55
37.00 44.00 0.00 5.00 147.55
1.00 52.00 0.00 4.00 88.38
53.00 27.00 0.00 5.00 57.79
5.00 55.00 1.00 2.00 48.93
56.00 54.00 1.00 4.00 146.92
38.00 51.00 0.00 1.00 148.44
16.00 58.00 1.00 5.00 176.40
52.00 36.00 1.00 1.00 47.19
52.00 3.00 1.00 2.00 134.18
10.00 59.00 1.00 3.00 97.27
50.00 7.00 1.00 2.00 51.75
51.00 56.00 0.00 2.00 173.53
41.00 12.00 0.00 4.00 141.83
58.00 2.00 1.00 5.00 146.33
9.00 57.00 0.00 4.00 75.29
27.00 5.00 0.00 3.00 116.68
53.00 45.00 0.00 5.00 86.68
57.00 6.00 1.00 1.00 166.07
48.00 38.00 0.00 2.00 91.78
57.00 31.00 0.00 1.00 31.87
34.00 56.00 1.00 2.00 40.42
57.00 37.00 1.00 4.00 183.43
50.00 55.00 1.00 5.00 152.81
15.00 53.00 1.00 1.00 52.56
41.00 51.00 1.00 3.00 142.24
5.00 11.00 1.00 5.00 31.52
42.00 14.00 1.00 1.00 41.70
50.00 57.00 1.00 5.00 156.21
58.00 7.00 1.00 3.00 54.70
56.00 29.00 0.00 5.00 98.92
59.00 52.00 1.00 3.00 117.70
54.00 0.00 1.00 5.00 40.51
17.00 4.00 0.00 1.00 129.48
51.00 26.00 1.00 2.00 73.53
5.00 54.00 1.00 4.00 58.38
20.00 54.00 1.00 1.00 94.10
33.00 31.00 0.00 1.00 172.61
1.00 30.00 1.00 3.00 103.23
55.00 19.00 1.00 1.00 177.01
4.00 51.00 0.00 2.00 144.09
51.00 59.00 0.00 2.00 150.78
59.00 51.00 1.00 5.00 74.29
5.00 56.00 0.00 2.00 137.89
7.00 18.00 1.00 2.00 96.55
27.00 57.00 0.00 1.00 126.96
58.00 53.00 1.00 4.00 121.75
56.00 14.00 0.00 3.00 191.56
56.00 51.00 1.00 3.00 80.62
37.00 41.00 0.00 1.00 140.50
54.00 59.00 1.00 5.00 180.53
58.00 5.00 1.00 1.00 72.71
52.00 55.00 1.00 3.00 78.29
44.00 52.00 1.00 3.00 193.51
3.00 52.00 1.00 2.00 50.44
53.00 55.00 0.00 4.00 193.95
59.00 51.00 0.00 2.00 186.14
23.00 27.00 0.00 1.00 118.10
55.00 19.00 0.00 2.00 77.29
47.00 37.00 0.00 2.00 77.91
56.00 50.00 1.00 4.00 81.11
55.00 50.00 0.00 1.00 181.72
9.00 55.00 1.00 1.00 139.13
56.00 52.00 0.00 4.00 126.29
6.00 55.00 0.00 3.00 142.62
19.00 55.00 1.00 4.00 196.15
55.00 21.00 1.00 2.00 62.59
57.00 13.00 0.00 1.00 56.34
59.00 50.00 0.00 5.00 161.93
36.00 18.00 0.00 2.00 61.05
53.00 12.00 0.00 3.00 149.81
10.00 59.00 0.00 2.00 139.79
48.00 21.00 0.00 2.00 86.57
50.00 49.00 1.00 3.00 92.73
34.00 53.00 1.00 5.00 191.01
50.00 59.00 1.00 3.00 117.08
59.00 25.00 1.00 1.00 124.54
32.00 34.00 0.00 5.00 45.67
36.00 58.00 0.00 1.00 156.18
36.00 59.00 1.00 2.00 46.55
59.00 51.00 0.00 3.00 183.43
43.00 5.00 1.00 5.00 30.21
50.00 59.00 1.00 3.00 74.16
53.00 57.00 1.00 3.00 113.46
23.00 55.00 1.00 1.00 195.53
50.00 27.00 1.00 1.00 152.36
12.00 43.00 0.00 4.00 101.82
56.00 53.00 0.00 1.00 140.91
47.00 6.00 1.00 1.00 55.96
28.00 54.00 0.00 1.00 73.98
48.00 28.00 0.00 1.00 32.41
56.00 52.00 0.00 5.00 30.35
57.00 53.00 1.00 1.00 164.79
48.00 58.00 0.00 3.00 107.85
16.00 29.00 1.00 3.00 145.43
59.00 29.00 1.00 5.00 70.67
50.00 48.00 0.00 2.00 88.98
55.00 51.00 0.00 5.00 155.17
43.00 13.00 1.00 5.00 66.57
56.00 51.00 0.00 5.00 95.74
26.00 41.00 1.00 3.00 131.96
34.00 51.00 1.00 2.00 127.47
35.00 40.00 1.00 4.00 169.83
58.00 54.00 0.00 4.00 185.03
59.00 46.00 0.00 1.00 45.83
57.00 8.00 0.00 5.00 37.56
57.00 18.00 0.00 5.00 166.48
56.00 51.00 1.00 1.00 187.30
20.00 57.00 1.00 5.00 131.68
54.00 49.00 1.00 3.00 104.23
20.00 36.00 0.00 3.00 49.21
56.00 26.00 0.00 1.00 119.13
46.00 13.00 0.00 4.00 75.22
58.00 52.00 0.00 3.00 155.46
20.00 42.00 1.00 2.00 190.30
35.00 46.00 1.00 3.00 173.61
11.00 57.00 1.00 5.00 129.53
50.00 28.00 1.00 1.00 142.87
59.00 54.00 0.00 4.00 46.26
52.00 10.00 1.00 2.00 83.65
39.00 3.00 0.00 1.00 100.92
40.00 7.00 0.00 3.00 81.49
55.00 37.00 1.00 1.00 114.67
56.00 52.00 1.00 5.00 89.41
59.00 51.00 1.00 2.00 143.47
1.00 59.00 1.00 2.00 52.22
39.00 49.00 1.00 5.00 94.52
58.00 12.00 1.00 1.00 75.73
55.00 52.00 0.00 4.00 136.39
7.00 53.00 0.00 5.00 105.97
34.00 53.00 1.00 5.00 72.93
8.00 54.00 0.00 2.00 130.85
52.00 37.00 0.00 2.00 107.60
21.00 55.00 1.00 5.00 65.12
0.00 58.00 0.00 5.00 157.74
7.00 54.00 0.00 5.00 109.64
5.00 42.00 0.00 1.00 85.12
23.00 31.00 1.00 4.00 55.35
14.00 42.00 1.00 3.00 174.80
34.00 59.00 0.00 5.00 94.02
40.00 54.00 0.00 4.00 60.65
13.00 55.00 1.00 1.00 81.29
39.00 22.00 0.00 3.00 150.61
13.00 52.00 0.00 3.00 60.49
34.00 58.00 0.00 5.00 92.81
57.00 33.00 1.00 2.00 179.79
4.00 18.00 0.00 2.00 84.24
25.00 0.00 1.00 5.00 80.57
6.00 53.00 0.00 1.00 154.89
58.00 54.00 0.00 2.00 119.88
20.00 48.00 0.00 2.00 71.09
7.00 17.00 0.00 2.00 142.03
58.00 51.00 1.00 2.00 66.97
54.00 38.00 1.00 2.00 140.66
55.00 50.00 0.00 4.00 104.64
48.00 11.00 1.00 4.00 162.10
34.00 52.00 1.00 1.00 109.35
58.00 53.00 1.00 3.00 76.91
0.00 57.00 0.00 4.00 89.34
56.00 19.00 1.00 1.00 115.09
2.00 58.00 1.00 4.00 72.54
59.00 33.00 0.00 2.00 67.91
56.00 26.00 1.00 2.00 102.50
41.00 36.00 1.00 1.00 161.06
2.00 57.00 1.00 4.00 114.95
56.00 33.00 1.00 4.00 76.68
53.00 8.00 0.00 3.00 44.10
57.00 36.00 0.00 5.00 109.79
58.00 50.00 0.00 4.00 87.54
16.00 56.00 0.00 1.00 113.61
2.00 52.00 1.00 5.00 66.07
35.00 56.00 1.00 2.00 177.56
54.00 42.00 1.00 3.00 176.30
5.00 55.00 0.00 5.00 145.19
8.00 46.00 0.00 5.00 114.46
58.00 50.00 1.00 3.00 182.39
52.00 59.00 0.00 3.00 172.77
36.00 20.00 0.00 2.00 143.91
59.00 53.00 1.00 5.00 39.39
57.00 50.00 0.00 5.00 75.69
54.00 43.00 0.00 3.00 135.93
57.00 6.00 1.00 2.00 40.85
50.00 45.00 1.00 5.00 170.47
52.00 55.00 0.00 4.00 134.24
12.00 28.00 0.00 2.00 183.77
51.00 8.00 0.00 3.00 56.30
33.00 21.00 0.00 5.00 159.83
8.00 52.00 1.00 2.00 141.76
55.00 51.00 1.00 2.00 157.32
57.00 53.00 0.00 1.00 61.53
36.00 51.00 1.00 3.00 183.13
59.00 27.00 1.00 1.00 187.21
57.00 28.00 1.00 5.00 77.58
6.00 59.00 1.00 2.00 191.04
5.00 50.00 0.00 3.00 169.84
43.00 53.00 0.00 4.00 36.09
58.00 52.00 1.00 1.00 109.17
33.00 49.00 0.00 2.00 164.75
56.00 51.00 1.00 1.00 54.70
53.00 59.00 1.00 4.00 185.51
59.00 51.00 0.00 3.00 180.38
54.00 8.00 0.00 1.00 136.29
33.00 30.00 1.00 5.00 58.55
54.00 55.00 1.00 3.00 71.12
32.00 11.00 1.00 3.00 136.96
52.00 3.00 1.00 5.00 184.16
54.00 46.00 1.00 4.00 144.00
53.00 59.00 0.00 3.00 44.54
53.00 4.00 0.00 3.00 161.53
50.00 58.00 1.00 1.00 131.28
31.00 19.00 0.00 1.00 196.51
59.00 31.00 0.00 2.00 193.02
56.00 50.00 0.00 1.00 177.92
56.00 50.00 1.00 2.00 105.08
55.00 10.00 1.00 1.00 72.79
32.00 10.00 0.00 4.00 92.48
16.00 57.00 1.00 1.00 116.03
52.00 6.00 0.00 4.00 177.33
11.00 58.00 1.00 5.00 93.80
51.00 28.00 1.00 4.00 141.51
50.00 57.00 0.00 3.00 57.58
52.00 58.00 1.00 4.00 58.45
57.00 53.00 0.00 4.00 157.66
43.00 54.00 0.00 1.00 113.70
56.00 17.00 0.00 1.00 44.16
32.00 52.00 1.00 1.00 114.44
58.00 51.00 0.00 5.00 176.55
55.00 53.00 0.00 5.00 195.89
52.00 8.00 0.00 2.00 191.03
35.00 41.00 1.00 1.00 61.89
1.00 53.00 0.00 2.00 198.69
59.00 51.00 0.00 3.00 156.68
57.00 50.00 1.00 4.00 105.53
50.00 6.00 0.00 2.00 78.65
34.00 15.00 0.00 5.00 163.98
51.00 58.00 0.00 1.00 182.68
56.00 38.00 0.00 2.00 60.46
56.00 54.00 0.00 3.00 59.37
35.00 51.00 1.00 4.00 175.76
54.00 11.00 1.00 5.00 149.93
16.00 58.00 1.00 2.00 107.52
53.00 13.00 0.00 3.00 65.57
57.00 51.00 1.00 2.00 102.75
50.00 57.00 1.00 1.00 56.10
12.00 57.00 1.00 2.00 128.08
29.00 58.00 0.00 4.00 174.09
53.00 59.00 0.00 1.00 127.30
7.00 5.00 0.00 3.00 171.96
34.00 56.00 0.00 2.00 182.14
57.00 19.00 1.00 2.00 66.38
48.00 28.00 1.00 5.00 195.25
25.00 0.00 1.00 1.00 176.97
51.00 58.00 0.00 4.00 161.32
47.00 51.00 1.00 4.00 149.47
30.00 59.00 0.00 2.00 33.00
52.00 38.00 1.00 2.00 148.99
56.00 54.00 1.00 4.00 75.57
59.00 29.00 0.00 5.00 95.28
57.00 50.00 1.00 5.00 103.21
43.00 52.00 1.00 1.00 32.81
26.00 22.00 0.00 2.00 168.70
59.00 53.00 0.00 5.00 63.22
49.00 24.00 1.00 2.00 108.77
59.00 6.00 1.00 4.00 123.38
28.00 51.00 0.00 4.00 174.64
37.00 26.00 1.00 5.00 95.58
59.00 52.00 0.00 1.00 187.16
29.00 3.00 1.00 1.00 191.93
27.00 1.00 0.00 3.00 60.23
56.00 54.00 0.00 1.00 142.17
2.00 54.00 1.00 4.00 37.79
50.00 40.00 1.00 1.00 149.31
43.00 1.00 1.00 4.00 131.68
51.00 59.00 0.00 1.00 136.76
58.00 53.00 1.00 5.00 191.45
57.00 53.00 0.00 1.00 65.09
15.00 39.00 1.00 1.00 84.97
37.00 4.00 1.00 5.00 34.13
54.00 37.00 1.00 4.00 31.47
1.00 59.00 1.00 1.00 81.36
46.00 59.00 0.00 5.00 187.86
54.00 55.00 0.00 3.00 50.26
8.00 58.00 0.00 5.00 121.38
37.00 38.00 1.00 5.00 169.04
51.00 1.00 1.00 4.00 121.93
44.00 50.00 0.00 2.00 94.26
18.00 29.00 0.00 2.00 44.72
20.00 57.00 1.00 3.00 187.14
19.00 36.00 1.00 4.00 169.39
1.00 56.00 1.00 1.00 135.79
59.00 48.00 0.00 5.00 40.22
57.00 21.00 1.00 1.00 172.11
54.00 36.00 1.00 1.00 164.09
52.00 59.00 1.00 5.00 42.13
58.00 10.00 1.00 1.00 76.83
23.00 59.00 1.00 4.00 197.90
0.00 52.00 1.00 4.00 78.11
58.00 54.00 0.00 3.00 130.00
10.00 57.00 1.00 3.00 131.74
57.00 5.00 1.00 4.00 172.99
25.00 33.00 1.00 5.00 151.01
32.00 0.00 1.00 4.00 33.02
49.00 18.00 1.00 1.00 93.64
50.00 55.00 0.00 4.00 177.74
56.00 53.00 1.00 3.00 102.36
56.00 52.00 0.00 5.00 155.18
10.00 53.00 0.00 4.00 55.29
24.00 33.00 1.00 5.00 96.33
27.00 51.00 1.00 3.00 162.04
34.00 14.00 0.00 3.00 152.82
50.00 28.00 0.00 1.00 36.68
37.00 23.00 1.00 5.00 91.29
50.00 59.00 1.00 2.00 161.86
52.00 48.00 0.00 4.00 154.67
53.00 59.00 0.00 2.00 84.08
21.00 55.00 0.00 5.00 196.87
7.00 17.00 1.00 2.00 127.42
17.00 50.00 0.00 2.00 91.36
30.00 58.00 0.00 4.00 172.64
57.00 23.00 1.00 5.00 159.45
51.00 55.00 1.00 3.00 171.41
10.00 56.00 1.00 3.00 45.36
13.00 29.00 0.00 4.00 59.22
49.00 38.00 0.00 3.00 122.22
52.00 58.00 0.00 3.00 119.00
50.00 40.00 0.00 1.00 93.03
38.00 56.00 0.00 2.00 193.87
9.00 55.00 0.00 3.00 46.32
3.00 50.00 1.00 3.00 55.84
52.00 12.00 0.00 3.00 158.84
57.00 52.00 1.00 1.00 176.03
55.00 12.00 0.00 4.00 62.62
49.00 33.00 1.00 3.00 115.04
55.00 34.00 1.00 5.00 168.56
59.00 45.00 0.00 3.00 175.82
27.00 18.00 1.00 1.00 63.89
5.00 42.00 0.00 5.00 177.68
5.00 56.00 1.00 1.00 148.02
11.00 55.00 0.00 3.00 147.38
33.00 58.00 1.00 1.00 72.42
58.00 38.00 1.00 3.00 152.23
59.00 4.00 1.00 3.00 126.30
54.00 57.00 1.00 1.00 93.86
35.00 47.00 0.00 5.00 98.32
49.00 11.00 1.00 5.00 196.47
52.00 10.00 1.00 4.00 50.11
57.00 28.00 0.00 3.00 185.02
29.00 10.00 1.00 5.00 176.54
37.00 57.00 1.00 5.00 149.95
55.00 52.00 1.00 2.00 33.28
56.00 14.00 0.00 5.00 145.84
32.00 38.00 1.00 2.00 47.29
32.00 23.00 1.00 1.00 161.99
32.00 1.00 1.00 2.00 129.81
52.00 6.00 0.00 2.00 146.53
44.00 52.00 0.00 3.00 146.20
57.00 53.00 1.00 2.00 58.56
54.00 58.00 1.00 3.00 177.97
55.00 50.00 0.00 5.00 88.25
29.00 2.00 0.00 5.00 35.57
18.00 55.00 1.00 1.00 158.57
28.00 54.00 0.00 2.00 45.54
55.00 53.00 0.00 5.00 120.51
30.00 5.00 1.00 1.00 120.07
41.00 50.00 0.00 4.00 77.92
16.00 7.00 0.00 1.00 86.92
58.00 54.00 0.00 3.00 133.58
17.00 59.00 0.00 2.00 86.01
3.00 44.00 0.00 5.00 43.16
51.00 58.00 0.00 4.00 72.04
50.00 26.00 0.00 3.00 100.01
59.00 37.00 0.00 3.00 110.62
58.00 50.00 0.00 3.00 136.11
55.00 54.00 0.00 4.00 54.49
11.00 59.00 0.00 3.00 50.65
44.00 5.00 0.00 2.00 124.66
59.00 3.00 1.00 1.00 187.59
37.00 57.00 0.00 4.00 106.85
47.00 53.00 1.00 4.00 186.73
54.00 55.00 0.00 1.00 150.57
57.00 53.00 1.00 1.00 131.10
49.00 13.00 0.00 3.00 60.40
54.00 59.00 1.00 3.00 159.89
9.00 47.00 0.00 4.00 51.42
37.00 47.00 0.00 1.00 184.50
52.00 1.00 0.00 5.00 183.24
52.00 56.00 1.00 5.00 118.76
11.00 58.00 0.00 2.00 36.76
58.00 50.00 1.00 2.00 68.36
55.00 52.00 1.00 1.00 44.32
53.00 6.00 1.00 3.00 128.56
59.00 50.00 0.00 2.00 43.72
5.00 53.00 0.00 1.00 131.13
3.00 57.00 1.00 1.00 121.36
53.00 55.00 0.00 2.00 116.20
34.00 23.00 1.00 3.00 148.52
58.00 52.00 1.00 3.00 198.38
31.00 22.00 0.00 4.00 97.62
56.00 23.00 1.00 3.00 99.19
46.00 34.00 1.00 2.00 81.59
39.00 51.00 1.00 2.00 67.88
58.00 50.00 0.00 4.00 161.08
59.00 9.00 1.00 2.00 99.10
29.00 46.00 0.00 2.00 99.89
58.00 52.00 1.00 5.00 160.20
55.00 21.00 0.00 5.00 125.07
50.00 56.00 0.00 5.00 30.33
30.00 15.00 0.00 4.00 72.41
46.00 8.00 1.00 3.00 57.54
52.00 26.00 1.00 3.00 160.93
44.00 51.00 0.00 1.00 44.18
13.00 22.00 1.00 1.00 49.33
2.00 46.00 1.00 3.00 59.51
59.00 37.00 1.00 3.00 80.35
53.00 46.00 0.00 5.00 115.16
16.00 57.00 1.00 2.00 71.93
59.00 54.00 1.00 3.00 156.58
54.00 55.00 1.00 1.00 56.14
21.00 58.00 0.00 1.00 61.77
55.00 19.00 1.00 1.00 172.23
3.00 9.00 0.00 3.00 160.21
55.00 52.00 0.00 4.00 149.18
32.00 59.00 0.00 4.00 125.28
9.00 26.00 1.00 2.00 107.62
56.00 53.00 1.00 4.00 64.91
47.00 36.00 1.00 3.00 146.76
12.00 51.00 0.00 3.00 171.72
36.00 55.00 0.00 1.00 161.05
53.00 39.00 0.00 3.00 190.74
45.00 13.00 1.00 5.00 48.69
58.00 13.00 1.00 3.00 52.84
55.00 53.00 1.00 2.00 54.40
54.00 59.00 1.00 2.00 67.22
35.00 44.00 0.00 2.00 158.41
5.00 9.00 0.00 1.00 137.11
51.00 58.00 1.00 3.00 136.02
6.00 22.00 1.00 3.00 149.56
52.00 45.00 1.00 2.00 68.22
35.00 53.00 0.00 2.00 169.66
35.00 59.00 1.00 4.00 185.94
51.00 3.00 1.00 3.00 172.69
53.00 57.00 1.00 2.00 35.31
8.00 17.00 1.00 5.00 183.43
58.00 29.00 0.00 4.00 154.58
34.00 52.00 1.00 3.00 78.87
51.00 46.00 1.00 3.00 63.73
50.00 55.00 1.00 4.00 110.73
52.00 59.00 0.00 1.00 162.79
8.00 52.00 0.00 3.00 46.95
57.00 1.00 1.00 5.00 60.75
9.00 26.00 0.00 1.00 75.98
33.00 53.00 1.00 1.00 34.23
13.00 29.00 1.00 2.00 136.02
59.00 39.00 0.00 4.00 97.69
6.00 56.00 1.00 4.00 33.66
50.00 56.00 0.00 2.00 150.50
38.00 53.00 1.00 4.00 40.02
55.00 17.00 1.00 4.00 143.57
57.00 53.00 0.00 4.00 125.20
51.00 55.00 1.00 3.00 166.10
16.00 12.00 0.00 1.00 59.62
54.00 56.00 0.00 4.00 112.09
18.00 7.00 0.00 3.00 50.95
56.00 19.00 1.00 4.00 191.41
10.00 27.00 0.00 5.00 49.14
55.00 36.00 1.00 3.00 105.21
53.00 26.00 1.00 3.00 122.88
43.00 50.00 0.00 5.00 138.10
6.00 53.00 0.00 1.00 123.08
33.00 54.00 0.00 2.00 158.04
56.00 20.00 1.00 5.00 154.13
2.00 31.00 0.00 4.00 82.12
45.00 52.00 0.00 2.00 163.38
59.00 51.00 1.00 3.00 91.94
55.00 18.00 1.00 4.00 127.11
50.00 48.00 1.00 2.00 167.33
51.00 34.00 1.00 2.00 125.74
59.00 54.00 1.00 5.00 143.60
59.00 31.00 0.00 4.00 46.07
53.00 57.00 1.00 1.00 136.74
35.00 52.00 1.00 5.00 90.19
2.00 53.00 1.00 2.00 77.04
0.00 57.00 1.00 5.00 193.54
59.00 50.00 0.00 5.00 107.40
57.00 24.00 0.00 2.00 167.72
17.00 50.00 0.00 3.00 166.38
50.00 57.00 0.00 2.00 137.17
46.00 50.00 1.00 2.00 52.32
44.00 9.00 0.00 5.00 126.91
56.00 51.00 0.00 2.00 181.58
3.00 57.00 1.00 1.00 54.28
54.00 34.00 0.00 2.00 177.68
34.00 46.00 0.00 1.00 31.01
54.00 55.00 0.00 4.00 169.55
57.00 50.00 1.00 3.00 72.14
35.00 56.00 1.00 4.00 128.54
55.00 14.00 0.00 5.00 120.92
51.00 43.00 1.00 1.00 182.99
50.00 59.00 1.00 1.00 81.15
44.00 8.00 1.00 2.00 97.30
24.00 47.00 0.00 3.00 172.45
11.00 57.00 0.00 5.00 50.91
7.00 19.00 0.00 2.00 128.48
51.00 8.00 0.00 3.00 96.77
57.00 53.00 0.00 1.00 60.80
54.00 57.00 0.00 5.00 89.60
58.00 33.00 1.00 4.00 140.84
13.00 41.00 1.00 4.00 191.46
59.00 6.00 0.00 4.00 157.10
50.00 12.00 0.00 2.00 164.55
10.00 51.00 1.00 1.00 193.68
20.00 43.00 0.00 4.00 69.91
55.00 37.00 0.00 4.00 158.64
6.00 59.00 0.00 2.00 187.69
55.00 50.00 1.00 2.00 109.32
12.00 59.00 1.00 4.00 109.06
50.00 56.00 1.00 3.00 92.23
59.00 50.00 1.00 3.00 31.85
50.00 3.00 1.00 5.00 174.65
54.00 42.00 1.00 1.00 86.38
54.00 9.00 1.00 4.00 126.75
19.00 2.00 0.00 3.00 133.71
50.00 58.00 0.00 1.00 194.89
55.00 14.00 1.00 1.00 183.22
53.00 55.00 1.00 1.00 114.96
54.00 55.00 1.00 3.00 145.08
26.00 50.00 1.00 5.00 163.90
56.00 50.00 0.00 4.00 168.92
53.00 58.00 1.00 4.00 80.58
36.00 39.00 0.00 2.00 160.37
0.00 58.00 0.00 1.00 52.05
57.00 45.00 1.00 2.00 65.11
50.00 44.00 1.00 3.00 144.38
51.00 58.00 0.00 4.00 65.28
1.00 40.00 1.00 2.00 114.79
52.00 10.00 1.00 3.00 57.64
58.00 30.00 0.00 1.00 142.70
56.00 51.00 1.00 3.00 43.12
59.00 51.00 0.00 4.00 167.73
54.00 58.00 1.00 2.00 62.99
40.00 18.00 0.00 2.00 183.12
26.00 42.00 0.00 5.00 105.91
1.00 15.00 0.00 3.00 162.45
54.00 56.00 1.00 4.00 47.84
36.00 39.00 1.00 1.00 83.08
54.00 58.00 1.00 2.00 31.73
25.00 52.00 0.00 4.00 134.02
56.00 16.00 0.00 2.00 50.68
53.00 44.00 0.00 4.00 46.69
45.00 53.00 0.00 4.00 110.77
17.00 5.00 0.00 3.00 36.29
37.00 50.00 0.00 5.00 144.16
58.00 54.00 1.00 1.00 90.31
54.00 48.00 0.00 3.00 59.47
38.00 7.00 0.00 5.00 117.13
54.00 58.00 0.00 3.00 80.75
54.00 49.00 1.00 2.00 72.94
49.00 52.00 0.00 3.00 193.81
28.00 23.00 0.00 2.00 181.92
29.00 9.00 0.00 3.00 124.97
54.00 57.00 0.00 1.00 69.91
32.00 59.00 0.00 1.00 146.19
57.00 51.00 0.00 3.00 144.18
30.00 53.00 1.00 1.00 67.77
59.00 53.00 0.00 5.00 102.25
9.00 28.00 1.00 4.00 53.54
58.00 5.00 1.00 3.00 115.21
52.00 6.00 0.00 5.00 86.50
52.00 13.00 0.00 3.00 181.33
25.00 55.00 0.00 2.00 152.06
54.00 56.00 1.00 3.00 56.19
26.00 24.00 0.00 3.00 143.20
57.00 35.00 1.00 4.00 132.84
17.00 37.00 1.00 2.00 131.89
53.00 57.00 0.00 2.00 40.88
36.00 16.00 1.00 5.00 39.65
54.00 2.00 1.00 2.00 180.01
9.00 58.00 1.00 4.00 113.56
53.00 45.00 0.00 2.00 41.79
36.00 46.00 0.00 4.00 40.85
0.00 19.00 1.00 3.00 59.71
58.00 35.00 1.00 2.00 43.72
50.00 59.00 0.00 1.00 32.50
56.00 9.00 1.00 2.00 59.74
52.00 59.00 0.00 1.00 167.65
32.00 0.00 0.00 5.00 33.34
1.00 21.00 0.00 5.00 177.01
59.00 30.00 1.00 5.00 142.90
44.00 31.00 1.00 2.00 108.43
21.00 37.00 0.00 2.00 88.83
27.00 48.00 1.00 3.00 195.08
43.00 24.00 0.00 5.00 77.75
46.00 53.00 1.00 5.00 43.63
54.00 15.00 0.00 5.00 65.53
52.00 49.00 1.00 5.00 153.27
28.00 53.00 1.00 1.00 32.73
56.00 35.00 1.00 4.00 84.15
37.00 54.00 1.00 4.00 199.18
58.00 14.00 1.00 3.00 107.07
55.00 52.00 0.00 1.00 106.45
57.00 23.00 1.00 4.00 131.96
18.00 27.00 1.00 2.00 92.14
54.00 56.00 0.00 1.00 139.40
33.00 43.00 1.00 3.00 38.58
57.00 51.00 0.00 4.00 94.09
41.00 54.00 1.00 5.00 188.64
58.00 50.00 1.00 1.00 36.90
48.00 58.00 0.00 3.00 132.12
25.00 58.00 1.00 3.00 49.33
30.00 17.00 0.00 2.00 154.79
11.00 53.00 0.00 3.00 88.70
31.00 52.00 0.00 1.00 65.92
53.00 14.00 1.00 3.00 133.00
12.00 53.00 1.00 2.00 82.50
45.00 35.00 0.00 2.00 191.21
15.00 53.00 0.00 3.00 181.88
55.00 51.00 0.00 1.00 49.15
27.00 44.00 0.00 3.00 49.22
10.00 55.00 0.00 3.00 45.79
58.00 4.00 1.00 3.00 178.17
52.00 14.00 0.00 4.00 153.59
27.00 21.00 0.00 3.00 146.80
20.00 1.00 0.00 4.00 86.50
58.00 24.00 0.00 4.00 128.99
57.00 8.00 1.00 5.00 83.02
41.00 12.00 0.00 4.00 49.55
14.00 4.00 0.00 3.00 127.77
56.00 25.00 0.00 4.00 88.22
50.00 0.00 0.00 2.00 164.16
54.00 57.00 0.00 4.00 170.39
57.00 51.00 1.00 5.00 183.89
52.00 28.00 0.00 4.00 116.52
47.00 50.00 1.00 2.00 151.56
51.00 36.00 1.00 3.00 82.43
53.00 44.00 1.00 4.00 40.86
54.00 26.00 0.00 4.00 47.26
56.00 53.00 0.00 2.00 172.13
26.00 18.00 0.00 5.00 75.38
59.00 24.00 1.00 2.00 141.87
36.00 46.00 1.00 5.00 124.39
9.00 5.00 0.00 2.00 169.52
57.00 54.00 0.00 5.00 122.93
12.00 55.00 1.00 1.00 77.93
56.00 51.00 0.00 5.00 184.00
52.00 4.00 1.00 5.00 131.62
55.00 53.00 0.00 4.00 196.12
58.00 25.00 0.00 3.00 176.79
54.00 16.00 0.00 1.00 126.21
18.00 56.00 1.00 2.00 132.90
55.00 51.00 1.00 3.00 51.21
55.00 33.00 1.00 4.00 153.70
23.00 38.00 1.00 4.00 176.40
51.00 55.00 1.00 3.00 36.89
31.00 54.00 0.00 4.00 35.84
57.00 4.00 1.00 4.00 88.50
37.00 53.00 0.00 5.00 165.90
9.00 53.00 1.00 1.00 124.70
56.00 1.00 0.00 4.00 90.38
23.00 0.00 1.00 3.00 33.98
51.00 58.00 1.00 4.00 30.38
59.00 26.00 0.00 1.00 186.17
35.00 56.00 0.00 2.00 42.26
19.00 9.00 0.00 4.00 125.68
12.00 23.00 0.00 1.00 171.91
53.00 6.00 0.00 4.00 52.31
58.00 29.00 1.00 5.00 86.30
19.00 13.00 1.00 3.00 121.71
52.00 2.00 1.00 5.00 90.83
21.00 13.00 1.00 3.00 92.01
56.00 27.00 0.00 4.00 57.85
2.00 50.00 1.00 2.00 172.05
49.00 38.00 1.00 3.00 136.61
16.00 58.00 0.00 5.00 119.43
10.00 41.00 0.00 2.00 34.23
17.00 57.00 0.00 3.00 49.57
47.00 28.00 1.00 4.00 68.69
5.00 46.00 0.00 4.00 138.31
38.00 11.00 0.00 2.00 170.88
51.00 59.00 1.00 1.00 151.55
52.00 25.00 0.00 2.00 189.02
59.00 28.00 1.00 5.00 173.62
21.00 38.00 1.00 3.00 173.52
59.00 49.00 1.00 2.00 167.17
51.00 28.00 1.00 1.00 54.75
28.00 53.00 1.00 3.00 32.82
45.00 12.00 1.00 2.00 156.82
50.00 56.00 0.00 3.00 49.55
57.00 51.00 1.00 3.00 44.99
17.00 28.00 0.00 1.00 80.48
59.00 50.00 1.00 3.00 71.35
0.00 17.00 1.00 4.00 111.53
45.00 52.00 1.00 1.00 143.46
45.00 57.00 1.00 4.00 119.37
36.00 19.00 1.00 5.00 197.47
56.00 52.00 0.00 4.00 114.60
52.00 28.00 0.00 4.00 105.63
0.00 49.00 1.00 4.00 95.67
57.00 26.00 0.00 1.00 160.52
55.00 21.00 0.00 2.00 196.10
57.00 24.00 1.00 5.00 125.21
50.00 58.00 1.00 1.00 160.33
53.00 59.00 0.00 4.00 130.26
26.00 59.00 1.00 5.00 43.21
29.00 51.00 0.00 1.00 112.18
30.00 10.00 1.00 4.00 46.80
54.00 24.00 0.00 4.00 78.59
32.00 22.00 0.00 1.00 156.15
54.00 59.00 0.00 1.00 98.94
53.00 55.00 0.00 2.00 170.19
59.00 16.00 0.00 2.00 164.64
17.00 39.00 0.00 5.00 56.86
59.00 54.00 0.00 2.00 30.78
22.00 58.00 1.00 2.00 100.02
18.00 58.00 1.00 1.00 166.30
54.00 55.00 1.00 2.00 194.44
50.00 56.00 0.00 5.00 34.08
54.00 59.00 0.00 5.00 121.21
44.00 32.00 0.00 4.00 148.04
53.00 58.00 1.00 4.00 50.88
53.00 28.00 0.00 3.00 86.92
6.00 44.00 1.00 5.00 40.66
50.00 58.00 0.00 3.00 37.21
28.00 14.00 0.00 2.00 146.48
59.00 24.00 0.00 5.00 182.28
55.00 12.00 0.00 2.00 70.05
54.00 25.00 1.00 1.00 142.56
4.00 51.00 0.00 5.00 197.17
14.00 56.00 1.00 2.00 105.34
54.00 55.00 1.00 4.00 178.25
45.00 38.00 0.00 1.00 182.74
50.00 48.00 1.00 2.00 41.26
52.00 42.00 1.00 2.00 147.17
41.00 39.00 1.00 5.00 50.14
55.00 21.00 0.00 1.00 53.56
39.00 54.00 1.00 3.00 50.66
30.00 8.00 0.00 4.00 60.71
50.00 59.00 1.00 3.00 102.36
25.00 27.00 1.00 1.00 145.88
59.00 52.00 0.00 3.00 91.76
0.00 55.00 0.00 5.00 187.29
16.00 53.00 0.00 1.00 195.32
43.00 38.00 0.00 5.00 102.09
58.00 54.00 1.00 1.00 102.79
57.00 0.00 1.00 2.00 166.24
56.00 52.00 0.00 4.00 124.81
58.00 53.00 1.00 1.00 66.24
59.00 53.00 0.00 5.00 110.83
37.00 53.00 1.00 2.00 67.98
57.00 50.00 0.00 1.00 109.29
50.00 43.00 0.00 4.00 81.85
25.00 55.00 1.00 1.00 197.35
48.00 27.00 0.00 1.00 185.43
50.00 56.00 0.00 4.00 73.98
40.00 52.00 0.00 3.00 83.81
9.00 29.00 0.00 5.00 178.11
0.00 21.00 0.00 2.00 66.59
53.00 59.00 1.00 5.00 146.50
5.00 40.00 1.00 4.00 120.97
53.00 59.00 1.00 5.00 151.21
55.00 54.00 0.00 4.00 129.99
27.00 9.00 1.00 4.00 90.55
59.00 54.00 1.00 3.00 150.49
50.00 13.00 1.00 1.00 118.69
10.00 48.00 0.00 2.00 112.07
3.00 51.00 1.00 3.00 142.16
53.00 9.00 1.00 5.00 196.40
44.00 39.00 0.00 5.00 107.88
28.00 5.00 0.00 4.00 195.79
3.00 45.00 1.00 3.00 63.93
27.00 40.00 1.00 5.00 57.89
58.00 53.00 1.00 1.00 143.68
56.00 23.00 0.00 3.00 103.82
23.00 38.00 1.00 4.00 162.76
55.00 16.00 1.00 3.00 42.45
0.00 47.00 0.00 2.00 56.28
47.00 33.00 0.00 1.00 70.76
49.00 59.00 0.00 5.00 130.91
23.00 11.00 0.00 3.00 131.66
57.00 19.00 0.00 5.00 81.57
16.00 34.00 0.00 3.00 76.00
16.00 57.00 1.00 5.00 124.56
59.00 33.00 0.00 2.00 175.72
57.00 31.00 1.00 3.00 156.62
7.00 41.00 1.00 3.00 82.98
51.00 8.00 0.00 1.00 174.87
17.00 50.00 1.00 2.00 51.88
38.00 54.00 0.00 4.00 119.27
33.00 30.00 1.00 2.00 102.64
32.00 50.00 0.00 4.00 59.32
42.00 36.00 1.00 1.00 120.09
56.00 53.00 0.00 2.00 83.52
25.00 38.00 1.00 2.00 91.13
27.00 54.00 0.00 3.00 119.86
53.00 58.00 0.00 5.00 189.40
15.00 55.00 1.00 1.00 195.96
55.00 53.00 1.00 3.00 110.57
18.00 56.00 1.00 3.00 44.20
52.00 59.00 1.00 4.00 95.24
54.00 59.00 1.00 5.00 159.31
59.00 39.00 1.00 2.00 197.53
52.00 14.00 1.00 3.00 183.29
30.00 47.00 0.00 2.00 64.28
53.00 11.00 0.00 4.00 198.16
3.00 56.00 0.00 5.00 64.91
17.00 34.00 1.00 1.00 199.16
55.00 6.00 0.00 2.00 74.34
50.00 57.00 1.00 3.00 80.47
59.00 53.00 0.00 2.00 32.69
59.00 54.00 1.00 3.00 177.04
1.00 32.00 0.00 3.00 117.52
15.00 52.00 1.00 1.00 151.49
34.00 52.00 0.00 5.00 36.14
7.00 51.00 0.00 5.00 33.68
51.00 57.00 1.00 1.00 111.52
23.00 40.00 0.00 2.00 172.95
55.00 8.00 0.00 5.00 184.23
37.00 58.00 1.00 2.00 46.46
33.00 54.00 1.00 2.00 70.87
32.00 58.00 1.00 5.00 93.50
53.00 38.00 1.00 5.00 137.60
6.00 43.00 0.00 5.00 152.57
59.00 37.00 0.00 3.00 57.80
39.00 22.00 0.00 1.00 158.01
34.00 58.00 0.00 3.00 46.54
8.00 49.00 0.00 4.00 61.05
28.00 4.00 0.00 3.00 81.49
34.00 15.00 0.00 4.00 132.12
51.00 56.00 0.00 3.00 74.01
57.00 8.00 0.00 5.00 188.38
50.00 56.00 0.00 4.00 31.75
50.00 58.00 0.00 3.00 43.16
51.00 58.00 0.00 4.00 119.93
25.00 40.00 0.00 3.00 118.28
5.00 58.00 1.00 3.00 76.09
3.00 51.00 1.00 2.00 36.56
28.00 52.00 0.00 4.00 146.11
54.00 13.00 1.00 1.00 95.28
56.00 54.00 0.00 5.00 46.64
53.00 55.00 0.00 3.00 160.62
56.00 50.00 1.00 2.00 118.00
54.00 58.00 1.00 2.00 85.26
44.00 51.00 1.00 5.00 49.77
18.00 57.00 0.00 1.00 37.25
31.00 50.00 0.00 3.00 131.72
52.00 3.00 1.00 2.00 126.15
51.00 55.00 0.00 2.00 66.10
54.00 57.00 0.00 4.00 117.52
52.00 31.00 1.00 1.00 50.08
52.00 55.00 0.00 4.00 199.06
51.00 36.00 1.00 2.00 141.79
53.00 55.00 0.00 3.00 58.09
35.00 46.00 0.00 4.00 91.01
53.00 26.00 0.00 5.00 197.05
34.00 46.00 0.00 3.00 73.48
50.00 56.00 0.00 3.00 190.07
34.00 16.00 0.00 5.00 111.71
53.00 57.00 0.00 3.00 112.47
45.00 52.00 0.00 5.00 195.76
59.00 15.00 1.00 2.00 118.82
14.00 18.00 0.00 2.00 100.74
57.00 38.00 1.00 1.00 63.06
14.00 53.00 0.00 2.00 134.92
55.00 34.00 0.00 3.00 189.82
46.00 2.00 1.00 1.00 197.60
58.00 53.00 0.00 2.00 146.59
27.00 47.00 1.00 5.00 79.77
55.00 34.00 1.00 3.00 81.98
55.00 50.00 1.00 2.00 193.69
56.00 22.00 1.00 5.00 141.93
57.00 29.00 1.00 1.00 116.31
55.00 54.00 0.00 2.00 37.43
22.00 56.00 1.00 3.00 146.01
52.00 14.00 1.00 2.00 103.91
42.00 22.00 0.00 3.00 195.98
53.00 1.00 0.00 3.00 82.69
18.00 36.00 0.00 5.00 125.91
53.00 35.00 0.00 2.00 108.12
40.00 25.00 0.00 5.00 105.78
59.00 9.00 1.00 1.00 82.92
19.00 7.00 1.00 5.00 187.07
57.00 50.00 0.00 2.00 90.18
16.00 13.00 1.00 5.00 121.44
36.00 54.00 1.00 3.00 152.91
8.00 58.00 0.00 3.00 74.98
50.00 59.00 0.00 1.00 100.70
39.00 54.00 1.00 3.00 41.06
28.00 58.00 1.00 2.00 183.10
56.00 53.00 0.00 3.00 194.86
56.00 52.00 1.00 3.00 147.89
10.00 50.00 0.00 5.00 87.16
50.00 1.00 0.00 5.00 104.10
23.00 42.00 1.00 4.00 67.62
58.00 51.00 0.00 3.00 32.88
55.00 53.00 0.00 3.00 109.80
