12.00 16.00 1.00 1.00 107.96
51.00 56.00 0.00 5.00 123.74
52.00 35.00 0.00 2.00 166.81
8.00 59.00 0.00 4.00 156.76
8.00 49.00 0.00 1.00 73.39
18.00 55.00 0.00 2.00 167.52
0.00 21.00 0.00 4.00 67.06
29.00 58.00 1.00 2.00 82.71
11.00 59.00 0.00 2.00 167.77
11.00 58.00 1.00 3.00 100.60
38.00 57.00 0.00 1.00 37.08
54.00 5.00 0.00 2.00 89.75
58.00 30.00 1.00 4.00 145.94
9.00 51.00 0.00 5.00 80.05
6.00 53.00 0.00 3.00 61.59
56.00 5.00 1.00 3.00 118.51
53.00 57.00 1.00 3.00 172.85
55.00 50.00 1.00 2.00 30.82
59.00 3.00 1.00 3.00 158.78
53.00 58.00 1.00 3.00 51.54
55.00 39.00 1.00 3.00 87.64
52.00 12.00 1.00 3.00 78.43
38.00 40.00 1.00 5.00 166.08
11.00 51.00 0.00 5.00 112.98
57.00 51.00 1.00 4.00 169.76
14.00 52.00 0.00 1.00 148.22
50.00 56.00 0.00 3.00 187.23
54.00 58.00 0.00 4.00 39.76
8.00 54.00 1.00 4.00 39.32
3.00 20.00 1.00 5.00 156.81
50.00 58.00 0.00 2.00 105.78
54.00 58.00 0.00 2.00 81.97
57.00 52.00 1.00 2.00 92.97
55.00 52.00 1.00 2.00 186.97
37.00 54.00 0.00 1.00 40.03
53.00 58.00 1.00 1.00 57.06
51.00 13.00 0.00 1.00 186.57
47.00 13.00 0.00 3.00 46.79
56.00 5.00 1.00 3.00 162.22
57.00 52.00 1.00 1.00 197.85
58.00 19.00 1.00 4.00 43.28
47.00 3.00 1.00 3.00 156.87
30.00 57.00 0.00 4.00 63.70
42.00 35.00 0.00 3.00 162.38
17.00 4.00 0.00 2.00 133.89
50.00 56.00 0.00 4.00 139.81
54.00 59.00 0.00 5.00 176.70
59.00 51.00 0.00 4.00 76.37
57.00 53.00 0.00 2.00 88.35
59.00 7.00 0.00 1.00 67.86
52.00 45.00 0.00 1.00 134.79
52.00 55.00 1.00 2.00 168.03
50.00 56.00 0.00 4.00 163.96
12.00 50.00 0.00 5.00 185.78
13.00 53.00 0.00 4.00 158.08
36.00 55.00 0.00 2.00 149.42
20.00 54.00 0.00 4.00 56.09
56.00 50.00 0.00 3.00 179.21
55.00 50.00 0.00 3.00 154.47
34.00 22.00 1.00 2.00 96.37
57.00 53.00 0.00 1.00 66.74
55.00 50.00 0.00 4.00 193.70
50.00 58.00 1.00 5.00 120.89
56.00 37.00 0.00 4.00 52.65
52.00 56.00 1.00 2.00 189.14
23.00 58.00 1.00 4.00 56.72
52.00 1.00 0.00 2.00 138.63
25.00 19.00 1.00 3.00 46.88
57.00 13.00 0.00 2.00 194.67
52.00 57.00 0.00 4.00 130.99
56.00 33.00 0.00 2.00 74.58
54.00 55.00 0.00 3.00 63.10
13.00 45.00 0.00 5.00 51.79
50.00 46.00 0.00 1.00 119.32
20.00 54.00 0.00 4.00 68.43
56.00 29.00 0.00 1.00 63.69
59.00 50.00 1.00 5.00 151.43
53.00 57.00 0.00 1.00 198.70
41.00 26.00 1.00 3.00 113.84
52.00 49.00 0.00 5.00 42.72
55.00 51.00 1.00 4.00 55.87
58.00 28.00 0.00 5.00 56.91
54.00 56.00 0.00 5.00 181.54
51.00 55.00 1.00 2.00 82.94
46.00 54.00 1.00 4.00 156.20
12.00 48.00 0.00 1.00 119.88
56.00 53.00 1.00 2.00 128.61
46.00 38.00 0.00 2.00 185.49
40.00 9.00 1.00 3.00 131.25
3.00 31.00 1.00 5.00 57.22
58.00 9.00 0.00 1.00 195.61
52.00 47.00 1.00 3.00 106.02
55.00 34.00 0.00 4.00 65.54
10.00 57.00 0.00 4.00 157.57
47.00 54.00 0.00 5.00 180.35
12.00 59.00 0.00 3.00 35.96
52.00 57.00 0.00 5.00 33.07
56.00 1.00 1.00 2.00 159.86
13.00 21.00 0.00 4.00 117.54
54.00 55.00 1.00 4.00 51.39
37.00 39.00 1.00 4.00 49.85
38.00 50.00 0.00 1.00 138.61
46.00 51.00 1.00 4.00 32.52
59.00 18.00 0.00 1.00 131.42
51.00 56.00 1.00 3.00 199.04
37.00 52.00 1.00 5.00 126.99
53.00 38.00 0.00 4.00 174.67
46.00 58.00 1.00 4.00 188.83
59.00 6.00 1.00 3.00 68.39
54.00 35.00 1.00 5.00 51.17
53.00 56.00 1.00 4.00 141.15
12.00 43.00 1.00 1.00 121.34
54.00 57.00 1.00 4.00 91.77
58.00 50.00 1.00 5.00 123.62
5.00 31.00 0.00 3.00 46.11
47.00 39.00 0.00 3.00 156.25
25.00 33.00 0.00 3.00 58.93
30.00 52.00 1.00 5.00 43.66
41.00 33.00 1.00 3.00 52.11
5.00 52.00 0.00 5.00 47.46
40.00 38.00 1.00 3.00 135.04
57.00 25.00 0.00 2.00 48.60
51.00 47.00 0.00 1.00 129.02
22.00 57.00 1.00 2.00 68.65
36.00 50.00 1.00 3.00 33.70
44.00 50.00 0.00 2.00 126.01
40.00 7.00 0.00 3.00 178.52
50.00 26.00 1.00 5.00 197.23
37.00 47.00 1.00 4.00 135.18
39.00 51.00 1.00 3.00 70.27
44.00 13.00 0.00 1.00 66.40
26.00 55.00 1.00 4.00 165.41
59.00 39.00 1.00 2.00 50.69
1.00 52.00 1.00 5.00 196.40
50.00 40.00 1.00 2.00 107.32
39.00 23.00 1.00 3.00 99.00
50.00 36.00 0.00 4.00 75.33
51.00 57.00 1.00 2.00 38.18
59.00 50.00 0.00 3.00 133.79
47.00 50.00 1.00 2.00 154.98
53.00 47.00 0.00 4.00 173.16
11.00 19.00 0.00 3.00 77.52
25.00 38.00 1.00 5.00 37.52
36.00 20.00 1.00 2.00 163.26
16.00 59.00 1.00 3.00 94.67
7.00 16.00 1.00 4.00 151.48
55.00 15.00 1.00 4.00 98.19
46.00 36.00 1.00 1.00 110.57
33.00 14.00 1.00 3.00 153.76
33.00 18.00 1.00 2.00 67.56
44.00 13.00 1.00 3.00 45.31
1.00 29.00 1.00 5.00 169.49
58.00 22.00 1.00 5.00 66.79
53.00 56.00 1.00 2.00 75.92
45.00 39.00 0.00 1.00 123.84
58.00 1.00 0.00 2.00 77.87
11.00 58.00 0.00 4.00 127.07
53.00 58.00 1.00 1.00 32.38
52.00 56.00 0.00 2.00 122.43
54.00 57.00 0.00 3.00 89.85
17.00 4.00 1.00 1.00 31.45
17.00 32.00 1.00 5.00 83.96
29.00 52.00 1.00 5.00 74.52
26.00 49.00 0.00 2.00 35.04
54.00 11.00 0.00 2.00 195.52
50.00 57.00 0.00 4.00 42.78
52.00 49.00 0.00 2.00 126.60
54.00 58.00 0.00 2.00 93.25
56.00 25.00 1.00 5.00 51.04
55.00 54.00 1.00 1.00 67.33
27.00 46.00 0.00 1.00 162.87
59.00 22.00 1.00 2.00 34.09
56.00 23.00 0.00 5.00 125.46
50.00 37.00 1.00 3.00 81.99
40.00 52.00 1.00 4.00 196.84
38.00 50.00 0.00 4.00 142.98
5.00 51.00 1.00 5.00 199.65
43.00 22.00 0.00 4.00 31.60
55.00 51.00 0.00 3.00 145.89
54.00 15.00 1.00 1.00 195.10
56.00 16.00 1.00 3.00 38.21
31.00 43.00 1.00 2.00 61.12
53.00 5.00 0.00 2.00 176.75
54.00 36.00 0.00 3.00 85.77
40.00 7.00 0.00 1.00 35.57
5.00 32.00 0.00 1.00 158.37
52.00 56.00 0.00 5.00 178.14
17.00 57.00 1.00 5.00 56.25
21.00 39.00 1.00 2.00 64.70
25.00 59.00 1.00 4.00 65.07
51.00 55.00 0.00 5.00 171.21
45.00 28.00 0.00 3.00 87.45
57.00 15.00 0.00 3.00 41.15
14.00 59.00 1.00 3.00 120.83
40.00 2.00 1.00 3.00 38.15
53.00 58.00 1.00 4.00 161.34
17.00 0.00 1.00 4.00 113.86
37.00 59.00 0.00 2.00 138.80
54.00 32.00 0.00 2.00 32.72
26.00 16.00 1.00 3.00 180.58
13.00 58.00 0.00 2.00 143.64
2.00 51.00 1.00 4.00 65.21
1.00 17.00 1.00 4.00 104.10
37.00 54.00 0.00 2.00 121.82
54.00 6.00 1.00 4.00 198.56
57.00 14.00 0.00 4.00 130.74
0.00 18.00 0.00 1.00 118.94
52.00 55.00 0.00 2.00 199.68
15.00 53.00 0.00 2.00 193.41
13.00 51.00 1.00 5.00 197.36
57.00 10.00 0.00 1.00 152.70
58.00 52.00 0.00 3.00 43.98
51.00 55.00 0.00 3.00 152.23
21.00 36.00 0.00 5.00 45.59
56.00 52.00 1.00 5.00 106.99
52.00 49.00 0.00 1.00 185.19
30.00 16.00 1.00 5.00 170.93
54.00 59.00 1.00 5.00 166.41
54.00 5.00 1.00 1.00 103.44
33.00 16.00 1.00 4.00 40.42
38.00 31.00 1.00 1.00 91.84
24.00 5.00 0.00 3.00 121.12
22.00 11.00 1.00 1.00 81.33
54.00 57.00 0.00 1.00 53.16
59.00 33.00 1.00 1.00 136.77
3.00 31.00 1.00 4.00 76.30
54.00 55.00 0.00 4.00 105.50
51.00 36.00 1.00 4.00 163.26
59.00 22.00 1.00 4.00 55.66
57.00 13.00 1.00 5.00 196.60
59.00 46.00 0.00 1.00 52.09
58.00 54.00 1.00 4.00 161.44
18.00 6.00 1.00 4.00 174.62
51.00 57.00 0.00 4.00 40.37
28.00 57.00 0.00 5.00 175.28
45.00 3.00 1.00 2.00 48.86
58.00 53.00 0.00 3.00 80.33
20.00 42.00 1.00 1.00 157.96
53.00 0.00 0.00 4.00 83.84
59.00 52.00 1.00 1.00 91.94
54.00 59.00 1.00 2.00 187.65
56.00 51.00 0.00 2.00 54.43
58.00 53.00 1.00 3.00 73.66
57.00 19.00 0.00 1.00 110.64
56.00 54.00 1.00 3.00 179.78
51.00 41.00 0.00 5.00 179.22
56.00 52.00 0.00 4.00 65.22
53.00 59.00 0.00 4.00 152.28
12.00 59.00 1.00 4.00 132.39
18.00 27.00 1.00 3.00 134.65
39.00 47.00 0.00 3.00 48.54
17.00 12.00 0.00 5.00 31.86
55.00 52.00 0.00 4.00 41.80
52.00 55.00 1.00 2.00 79.71
26.00 43.00 1.00 3.00 109.38
42.00 54.00 1.00 1.00 72.50
19.00 0.00 1.00 3.00 52.48
20.00 55.00 1.00 3.00 39.47
37.00 54.00 0.00 4.00 187.85
51.00 1.00 0.00 1.00 76.38
2.00 56.00 0.00 4.00 92.47
55.00 3.00 0.00 3.00 183.81
55.00 36.00 0.00 1.00 71.74
33.00 53.00 1.00 4.00 36.12
59.00 18.00 1.00 1.00 61.75
54.00 58.00 1.00 4.00 107.34
57.00 26.00 1.00 1.00 171.90
8.00 18.00 1.00 3.00 127.13
55.00 36.00 0.00 3.00 146.98
39.00 55.00 0.00 1.00 94.72
22.00 48.00 0.00 2.00 86.68
52.00 57.00 1.00 3.00 61.58
3.00 21.00 1.00 1.00 175.39
49.00 53.00 1.00 5.00 37.70
34.00 56.00 0.00 1.00 104.90
54.00 57.00 1.00 1.00 164.76
56.00 2.00 1.00 3.00 127.62
57.00 51.00 1.00 2.00 138.56
36.00 57.00 1.00 4.00 76.77
32.00 50.00 1.00 2.00 177.50
19.00 13.00 0.00 2.00 167.28
22.00 55.00 0.00 2.00 188.90
47.00 52.00 0.00 5.00 55.15
56.00 51.00 0.00 3.00 145.66
58.00 18.00 0.00 4.00 197.41
17.00 56.00 0.00 4.00 151.02
8.00 17.00 0.00 1.00 30.36
59.00 51.00 1.00 1.00 176.56
52.00 47.00 1.00 3.00 183.15
50.00 33.00 0.00 3.00 40.83
53.00 29.00 0.00 3.00 143.77
52.00 58.00 0.00 3.00 42.17
57.00 26.00 1.00 2.00 149.82
48.00 3.00 0.00 5.00 48.43
45.00 29.00 0.00 1.00 80.33
57.00 39.00 1.00 5.00 175.62
50.00 55.00 0.00 2.00 183.50
57.00 54.00 1.00 1.00 116.56
46.00 38.00 0.00 4.00 122.39
57.00 53.00 1.00 1.00 170.46
52.00 59.00 0.00 1.00 104.94
18.00 56.00 1.00 2.00 65.31
56.00 50.00 0.00 5.00 68.99
51.00 57.00 1.00 2.00 91.98
6.00 41.00 1.00 1.00 89.57
53.00 59.00 1.00 4.00 68.87
11.00 43.00 0.00 4.00 36.32
33.00 22.00 0.00 4.00 63.75
20.00 48.00 1.00 1.00 37.60
48.00 18.00 0.00 4.00 185.85
34.00 48.00 1.00 4.00 44.35
59.00 52.00 0.00 4.00 83.09
58.00 9.00 0.00 2.00 32.32
11.00 54.00 0.00 4.00 191.79
54.00 2.00 0.00 5.00 180.13
31.00 52.00 1.00 4.00 157.22
55.00 54.00 0.00 1.00 106.94
13.00 51.00 1.00 4.00 123.87
45.00 11.00 0.00 2.00 99.35
21.00 42.00 0.00 4.00 95.16
54.00 56.00 0.00 2.00 135.04
58.00 30.00 1.00 1.00 197.98
59.00 52.00 1.00 1.00 92.84
53.00 28.00 0.00 3.00 79.19
55.00 26.00 0.00 4.00 115.11
58.00 36.00 1.00 1.00 50.76
36.00 51.00 1.00 3.00 61.48
33.00 48.00 0.00 2.00 179.50
51.00 48.00 1.00 1.00 139.22
55.00 4.00 1.00 2.00 43.48
33.00 54.00 0.00 5.00 182.13
28.00 56.00 1.00 5.00 86.09
58.00 54.00 1.00 1.00 60.02
32.00 34.00 0.00 1.00 134.77
52.00 47.00 0.00 2.00 89.96
29.00 0.00 0.00 5.00 69.41
8.00 52.00 1.00 1.00 135.18
27.00 50.00 0.00 4.00 127.51
10.00 41.00 1.00 2.00 191.31
14.00 51.00 0.00 2.00 78.64
0.00 44.00 1.00 1.00 182.80
2.00 15.00 0.00 4.00 150.37
42.00 50.00 1.00 3.00 60.45
2.00 14.00 1.00 4.00 122.56
56.00 53.00 1.00 2.00 111.59
55.00 50.00 0.00 5.00 157.80
44.00 51.00 1.00 2.00 120.84
13.00 29.00 0.00 1.00 175.97
5.00 56.00 1.00 4.00 86.14
57.00 50.00 0.00 1.00 69.48
3.00 24.00 1.00 1.00 44.10
27.00 25.00 0.00 2.00 170.34
52.00 55.00 1.00 2.00 122.27
57.00 45.00 1.00 2.00 36.39
51.00 58.00 1.00 3.00 95.96
27.00 57.00 1.00 5.00 128.93
56.00 14.00 1.00 2.00 39.33
59.00 29.00 1.00 5.00 161.91
51.00 39.00 0.00 3.00 53.05
37.00 52.00 1.00 5.00 196.00
3.00 57.00 0.00 5.00 169.07
54.00 25.00 1.00 2.00 197.81
53.00 14.00 1.00 1.00 62.26
58.00 50.00 1.00 4.00 165.72
54.00 57.00 0.00 1.00 120.16
51.00 3.00 1.00 4.00 117.37
56.00 54.00 0.00 2.00 71.57
35.00 59.00 1.00 4.00 180.97
57.00 51.00 1.00 4.00 69.17
59.00 15.00 0.00 3.00 176.25
51.00 0.00 1.00 5.00 134.65
59.00 24.00 0.00 1.00 136.97
33.00 50.00 1.00 4.00 76.15
56.00 54.00 0.00 3.00 91.16
33.00 56.00 0.00 2.00 78.18
2.00 56.00 0.00 3.00 190.54
42.00 54.00 0.00 1.00 161.00
54.00 34.00 1.00 4.00 177.52
43.00 20.00 0.00 1.00 57.54
30.00 54.00 0.00 1.00 103.43
53.00 11.00 1.00 2.00 161.33
18.00 24.00 0.00 4.00 192.44
41.00 53.00 0.00 5.00 189.57
35.00 57.00 0.00 2.00 81.16
21.00 12.00 1.00 4.00 186.40
43.00 5.00 1.00 3.00 139.85
12.00 50.00 1.00 2.00 132.70
50.00 56.00 1.00 2.00 66.02
6.00 23.00 1.00 1.00 102.52
17.00 56.00 0.00 1.00 131.33
53.00 56.00 1.00 3.00 43.03
57.00 54.00 0.00 3.00 53.20
58.00 9.00 1.00 1.00 80.90
58.00 52.00 1.00 1.00 161.94
17.00 58.00 1.00 1.00 96.68
52.00 58.00 0.00 5.00 34.97
59.00 25.00 0.00 2.00 63.80
40.00 27.00 0.00 5.00 151.96
56.00 21.00 0.00 3.00 86.51
16.00 58.00 1.00 3.00 40.33
37.00 17.00 0.00 1.00 63.68
59.00 6.00 0.00 1.00 177.48
56.00 13.00 0.00 1.00 102.33
53.00 55.00 0.00 5.00 111.51
15.00 12.00 0.00 3.00 142.47
3.00 55.00 1.00 5.00 165.64
51.00 55.00 1.00 2.00 117.11
50.00 58.00 0.00 2.00 133.81
47.00 39.00 1.00 3.00 86.14
30.00 11.00 1.00 1.00 162.40
43.00 29.00 0.00 3.00 34.05
57.00 50.00 0.00 3.00 133.80
32.00 51.00 0.00 2.00 96.11
56.00 3.00 0.00 5.00 145.08
3.00 51.00 0.00 4.00 54.97
21.00 58.00 0.00 5.00 50.65
53.00 58.00 0.00 3.00 86.11
38.00 58.00 0.00 4.00 110.89
14.00 54.00 0.00 2.00 88.13
49.00 21.00 0.00 2.00 180.94
55.00 54.00 0.00 1.00 198.61
9.00 51.00 0.00 1.00 179.81
27.00 44.00 1.00 4.00 157.45
13.00 19.00 1.00 1.00 148.23
48.00 39.00 0.00 3.00 67.67
54.00 2.00 1.00 2.00 52.59
44.00 22.00 1.00 2.00 35.82
32.00 52.00 1.00 2.00 40.64
1.00 32.00 1.00 3.00 112.26
58.00 52.00 0.00 1.00 146.08
33.00 58.00 0.00 5.00 77.74
56.00 53.00 1.00 3.00 30.56
54.00 30.00 0.00 3.00 73.89
55.00 3.00 0.00 2.00 43.89
58.00 30.00 1.00 2.00 107.31
51.00 55.00 1.00 2.00 174.33
52.00 7.00 0.00 3.00 135.31
57.00 54.00 1.00 5.00 115.27
16.00 13.00 1.00 1.00 135.44
29.00 38.00 0.00 3.00 108.26
13.00 52.00 0.00 3.00 60.42
51.00 55.00 0.00 3.00 43.87
58.00 46.00 0.00 3.00 135.64
47.00 38.00 1.00 5.00 140.71
22.00 2.00 0.00 5.00 179.68
5.00 47.00 1.00 1.00 174.23
30.00 51.00 0.00 3.00 72.00
54.00 56.00 0.00 5.00 71.34
58.00 10.00 0.00 4.00 193.43
52.00 55.00 1.00 5.00 33.10
51.00 37.00 0.00 3.00 102.61
4.00 17.00 0.00 3.00 95.36
34.00 50.00 1.00 2.00 40.22
57.00 50.00 1.00 3.00 66.80
54.00 32.00 1.00 3.00 113.36
1.00 54.00 1.00 4.00 33.15
22.00 58.00 1.00 2.00 61.72
14.00 54.00 0.00 5.00 197.61
0.00 56.00 0.00 5.00 169.65
53.00 31.00 0.00 5.00 42.79
27.00 53.00 1.00 2.00 93.62
4.00 57.00 1.00 4.00 45.81
11.00 42.00 1.00 4.00 60.74
51.00 56.00 1.00 4.00 68.07
54.00 0.00 0.00 1.00 49.14
55.00 51.00 1.00 2.00 125.86
56.00 54.00 0.00 5.00 89.03
54.00 38.00 0.00 2.00 164.02
26.00 51.00 1.00 1.00 117.42
50.00 58.00 1.00 5.00 198.23
54.00 6.00 0.00 2.00 187.08
53.00 55.00 0.00 4.00 40.11
19.00 56.00 0.00 5.00 105.23
52.00 57.00 0.00 5.00 159.76
36.00 19.00 0.00 5.00 182.76
30.00 59.00 0.00 3.00 73.65
9.00 58.00 1.00 2.00 63.38
53.00 59.00 0.00 2.00 107.21
16.00 55.00 1.00 4.00 158.37
56.00 4.00 1.00 5.00 60.41
54.00 57.00 1.00 4.00 40.58
47.00 35.00 1.00 2.00 140.66
50.00 55.00 1.00 3.00 181.90
6.00 39.00 1.00 2.00 175.42
57.00 54.00 1.00 1.00 150.90
52.00 38.00 0.00 2.00 129.88
23.00 29.00 0.00 5.00 62.62
52.00 15.00 0.00 5.00 161.00
52.00 46.00 1.00 5.00 35.45
56.00 50.00 0.00 3.00 119.17
52.00 27.00 1.00 1.00 154.19
59.00 50.00 0.00 5.00 94.74
57.00 26.00 0.00 5.00 99.01
49.00 54.00 1.00 4.00 133.87
34.00 15.00 0.00 5.00 58.15
56.00 52.00 1.00 1.00 196.62
56.00 24.00 1.00 3.00 75.18
59.00 0.00 1.00 4.00 106.94
45.00 34.00 1.00 2.00 150.78
36.00 47.00 0.00 3.00 196.47
0.00 43.00 0.00 4.00 42.79
59.00 52.00 0.00 3.00 74.72
51.00 32.00 1.00 1.00 65.48
7.00 41.00 0.00 5.00 74.47
52.00 5.00 0.00 3.00 47.05
24.00 57.00 0.00 4.00 100.74
27.00 11.00 1.00 2.00 50.58
28.00 54.00 0.00 4.00 174.21
34.00 51.00 0.00 2.00 35.95
53.00 59.00 1.00 1.00 132.34
59.00 11.00 0.00 4.00 43.78
33.00 18.00 0.00 1.00 34.03
28.00 56.00 0.00 5.00 116.33
55.00 50.00 0.00 1.00 87.56
25.00 43.00 0.00 2.00 197.67
15.00 33.00 0.00 2.00 119.68
46.00 7.00 1.00 3.00 128.40
55.00 53.00 0.00 1.00 173.24
11.00 47.00 1.00 4.00 36.36
56.00 0.00 0.00 4.00 192.62
51.00 0.00 1.00 1.00 136.66
30.00 51.00 0.00 2.00 187.01
34.00 53.00 0.00 1.00 103.11
22.00 58.00 0.00 1.00 144.43
53.00 12.00 1.00 2.00 102.83
58.00 45.00 0.00 1.00 49.55
50.00 17.00 1.00 2.00 150.67
1.00 57.00 0.00 4.00 156.94
10.00 23.00 1.00 3.00 192.64
41.00 53.00 1.00 2.00 133.48
5.00 53.00 0.00 5.00 123.02
57.00 17.00 1.00 1.00 119.25
54.00 31.00 1.00 5.00 113.72
53.00 16.00 1.00 2.00 91.06
52.00 56.00 1.00 1.00 168.55
29.00 53.00 1.00 3.00 186.93
58.00 35.00 0.00 1.00 99.16
56.00 29.00 1.00 3.00 156.86
53.00 55.00 0.00 4.00 116.46
31.00 22.00 1.00 1.00 150.91
1.00 45.00 1.00 5.00 172.33
51.00 59.00 1.00 3.00 89.86
14.00 43.00 0.00 3.00 50.98
53.00 9.00 1.00 2.00 152.24
21.00 34.00 0.00 3.00 148.67
8.00 59.00 0.00 2.00 93.69
45.00 28.00 1.00 5.00 161.97
55.00 53.00 1.00 3.00 50.03
57.00 20.00 0.00 3.00 71.27
0.00 57.00 1.00 4.00 59.70
4.00 51.00 1.00 5.00 135.22
55.00 54.00 1.00 5.00 145.84
7.00 40.00 0.00 3.00 175.66
52.00 33.00 1.00 3.00 81.56
58.00 52.00 1.00 3.00 32.58
35.00 52.00 1.00 5.00 173.56
23.00 38.00 1.00 4.00 41.59
58.00 54.00 0.00 5.00 107.46
20.00 34.00 0.00 1.00 199.36
59.00 22.00 0.00 5.00 70.56
54.00 6.00 0.00 3.00 94.76
55.00 23.00 0.00 4.00 77.21
46.00 6.00 0.00 3.00 198.34
50.00 44.00 1.00 2.00 195.82
50.00 56.00 1.00 1.00 139.68
57.00 53.00 0.00 5.00 76.00
32.00 3.00 0.00 1.00 161.55
56.00 22.00 0.00 3.00 57.18
6.00 47.00 0.00 1.00 165.61
24.00 5.00 1.00 1.00 91.81
59.00 28.00 0.00 2.00 153.21
55.00 52.00 0.00 4.00 81.54
59.00 53.00 0.00 5.00 147.19
55.00 21.00 0.00 2.00 43.17
53.00 10.00 0.00 2.00 192.16
52.00 35.00 0.00 2.00 92.91
32.00 53.00 1.00 2.00 150.45
58.00 52.00 0.00 5.00 35.53
53.00 38.00 0.00 4.00 159.01
8.00 43.00 1.00 2.00 127.59
58.00 45.00 1.00 2.00 97.33
45.00 27.00 1.00 4.00 64.47
18.00 13.00 0.00 2.00 100.77
29.00 10.00 0.00 4.00 128.80
22.00 1.00 1.00 5.00 47.49
52.00 10.00 1.00 4.00 130.89
15.00 56.00 0.00 3.00 160.70
58.00 53.00 1.00 2.00 142.04
28.00 55.00 0.00 3.00 103.48
1.00 54.00 0.00 1.00 42.58
52.00 58.00 0.00 4.00 136.82
11.00 42.00 1.00 3.00 34.35
53.00 2.00 0.00 3.00 92.31
57.00 52.00 0.00 5.00 52.33
54.00 36.00 0.00 1.00 74.63
42.00 51.00 1.00 2.00 135.41
52.00 55.00 1.00 2.00 116.42
9.00 55.00 0.00 4.00 149.19
51.00 49.00 1.00 5.00 123.03
59.00 54.00 1.00 3.00 120.58
57.00 50.00 1.00 4.00 47.23
59.00 53.00 1.00 2.00 167.59
32.00 22.00 1.00 1.00 112.16
20.00 58.00 0.00 4.00 190.72
39.00 54.00 0.00 1.00 42.06
10.00 30.00 0.00 5.00 49.27
51.00 57.00 1.00 3.00 173.12
55.00 3.00 0.00 1.00 41.68
53.00 41.00 0.00 3.00 74.78
2.00 51.00 0.00 5.00 61.90
58.00 53.00 0.00 1.00 129.79
7.00 19.00 1.00 4.00 108.28
54.00 59.00 0.00 4.00 49.18
51.00 59.00 0.00 1.00 193.18
7.00 43.00 0.00 5.00 76.67
52.00 58.00 1.00 2.00 86.87
36.00 50.00 1.00 1.00 118.68
38.00 23.00 1.00 1.00 71.44
14.00 39.00 1.00 4.00 119.32
30.00 44.00 0.00 5.00 43.10
52.00 55.00 0.00 3.00 144.69
30.00 52.00 1.00 2.00 156.47
52.00 58.00 1.00 1.00 84.56
14.00 38.00 0.00 3.00 174.31
10.00 18.00 1.00 5.00 151.79
52.00 1.00 1.00 2.00 166.92
50.00 56.00 1.00 5.00 198.03
16.00 58.00 1.00 1.00 136.57
15.00 29.00 1.00 2.00 195.58
40.00 54.00 1.00 1.00 134.37
16.00 26.00 1.00 5.00 176.15
50.00 40.00 1.00 1.00 167.55
10.00 19.00 0.00 3.00 179.96
6.00 59.00 0.00 4.00 31.00
44.00 52.00 0.00 4.00 149.74
50.00 55.00 1.00 2.00 147.84
1.00 51.00 0.00 1.00 171.07
29.00 56.00 0.00 1.00 156.84
47.00 51.00 1.00 5.00 81.71
55.00 50.00 1.00 5.00 192.12
56.00 51.00 1.00 5.00 158.48
27.00 51.00 1.00 3.00 95.21
29.00 53.00 1.00 1.00 93.09
13.00 51.00 1.00 2.00 196.70
25.00 0.00 1.00 4.00 105.40
58.00 53.00 0.00 1.00 70.23
58.00 0.00 1.00 5.00 141.80
32.00 20.00 0.00 4.00 46.95
8.00 0.00 0.00 3.00 46.41
57.00 10.00 1.00 4.00 40.03
8.00 17.00 0.00 2.00 105.57
41.00 7.00 0.00 5.00 178.75
44.00 20.00 0.00 3.00 139.07
56.00 50.00 1.00 4.00 199.14
45.00 6.00 1.00 3.00 117.40
39.00 12.00 1.00 2.00 59.11
13.00 19.00 1.00 1.00 102.64
46.00 58.00 0.00 1.00 37.52
55.00 36.00 0.00 1.00 153.10
54.00 7.00 0.00 3.00 141.50
43.00 54.00 0.00 5.00 115.76
56.00 54.00 0.00 3.00 47.48
49.00 3.00 1.00 1.00 136.41
3.00 25.00 0.00 5.00 66.44
30.00 54.00 1.00 5.00 76.61
52.00 55.00 0.00 2.00 191.57
54.00 44.00 0.00 4.00 163.30
58.00 46.00 0.00 1.00 115.51
54.00 55.00 0.00 1.00 170.76
32.00 39.00 1.00 4.00 70.09
59.00 38.00 0.00 3.00 151.58
52.00 57.00 1.00 3.00 53.55
21.00 1.00 0.00 1.00 95.42
11.00 17.00 0.00 5.00 181.55
59.00 29.00 0.00 4.00 176.83
17.00 56.00 1.00 3.00 90.15
15.00 4.00 0.00 2.00 182.06
1.00 52.00 0.00 1.00 77.69
55.00 0.00 0.00 1.00 49.17
50.00 31.00 1.00 4.00 82.82
28.00 43.00 0.00 1.00 49.26
51.00 41.00 1.00 3.00 152.21
50.00 58.00 0.00 2.00 199.49
43.00 13.00 1.00 2.00 57.72
36.00 51.00 0.00 2.00 34.17
12.00 54.00 1.00 3.00 81.47
58.00 33.00 1.00 3.00 114.37
23.00 33.00 0.00 1.00 145.96
51.00 29.00 0.00 2.00 165.42
56.00 50.00 1.00 4.00 157.40
53.00 41.00 1.00 4.00 40.47
51.00 39.00 0.00 3.00 55.78
35.00 17.00 1.00 4.00 195.42
47.00 51.00 0.00 5.00 102.36
14.00 55.00 0.00 3.00 195.08
56.00 54.00 0.00 2.00 70.32
41.00 50.00 1.00 4.00 189.96
27.00 23.00 0.00 2.00 93.98
55.00 50.00 1.00 3.00 165.01
37.00 22.00 1.00 5.00 126.85
58.00 52.00 1.00 5.00 188.39
26.00 18.00 0.00 4.00 106.15
53.00 56.00 0.00 3.00 118.51
51.00 5.00 1.00 4.00 189.87
41.00 12.00 0.00 1.00 97.77
16.00 59.00 0.00 5.00 114.72
54.00 34.00 1.00 2.00 72.18
23.00 55.00 1.00 3.00 102.81
59.00 19.00 0.00 5.00 75.97
59.00 54.00 1.00 3.00 85.65
54.00 29.00 1.00 1.00 162.37
3.00 15.00 1.00 1.00 51.20
47.00 35.00 1.00 2.00 171.49
58.00 51.00 1.00 3.00 30.05
52.00 59.00 1.00 3.00 191.87
59.00 31.00 0.00 5.00 170.00
21.00 1.00 0.00 3.00 129.29
47.00 1.00 0.00 1.00 185.46
55.00 53.00 1.00 4.00 179.75
58.00 54.00 1.00 1.00 91.19
59.00 4.00 0.00 3.00 189.90
55.00 13.00 0.00 3.00 183.86
57.00 27.00 1.00 5.00 176.28
53.00 6.00 1.00 3.00 177.61
20.00 1.00 1.00 5.00 142.50
29.00 24.00 1.00 1.00 122.11
10.00 57.00 0.00 4.00 90.06
58.00 23.00 0.00 3.00 119.30
41.00 50.00 1.00 4.00 60.89
33.00 21.00 0.00 3.00 50.04
36.00 52.00 1.00 2.00 160.12
50.00 58.00 1.00 2.00 198.06
10.00 58.00 1.00 1.00 194.97
53.00 31.00 0.00 1.00 88.47
58.00 8.00 1.00 3.00 115.58
28.00 54.00 1.00 3.00 162.42
35.00 40.00 1.00 3.00 89.23
18.00 49.00 0.00 2.00 191.36
29.00 10.00 0.00 1.00 175.25
25.00 58.00 0.00 5.00 170.90
50.00 56.00 1.00 3.00 103.31
45.00 58.00 1.00 2.00 41.17
31.00 59.00 1.00 2.00 137.19
58.00 22.00 1.00 4.00 33.46
34.00 32.00 0.00 1.00 177.52
27.00 9.00 0.00 3.00 35.33
56.00 7.00 0.00 3.00 74.41
59.00 37.00 0.00 3.00 99.17
53.00 5.00 0.00 4.00 157.84
58.00 38.00 1.00 4.00 99.89
37.00 54.00 0.00 2.00 121.54
17.00 33.00 1.00 5.00 165.74
31.00 51.00 1.00 1.00 130.12
51.00 0.00 0.00 4.00 53.74
35.00 56.00 0.00 5.00 138.61
35.00 45.00 0.00 1.00 147.48
25.00 57.00 0.00 5.00 80.02
58.00 24.00 1.00 1.00 52.20
51.00 55.00 0.00 4.00 137.05
8.00 28.00 0.00 4.00 121.89
52.00 27.00 1.00 3.00 139.93
20.00 57.00 0.00 2.00 80.75
2.00 58.00 1.00 3.00 191.78
37.00 4.00 1.00 5.00 124.59
7.00 50.00 1.00 3.00 33.66
50.00 57.00 1.00 5.00 54.49
44.00 13.00 1.00 3.00 73.67
56.00 50.00 0.00 1.00 122.03
16.00 35.00 0.00 1.00 158.35
41.00 1.00 0.00 3.00 69.33
49.00 54.00 0.00 5.00 186.54
53.00 12.00 0.00 1.00 67.47
57.00 54.00 0.00 4.00 72.83
4.00 32.00 0.00 5.00 71.96
47.00 4.00 0.00 3.00 189.39
57.00 53.00 1.00 1.00 105.36
11.00 41.00 1.00 3.00 183.79
5.00 51.00 0.00 1.00 68.92
59.00 54.00 1.00 5.00 59.89
22.00 28.00 0.00 4.00 138.48
4.00 51.00 1.00 2.00 106.50
53.00 30.00 1.00 5.00 111.94
36.00 20.00 0.00 5.00 71.26
3.00 21.00 0.00 3.00 173.20
56.00 53.00 1.00 2.00 197.73
43.00 50.00 0.00 4.00 185.74
59.00 50.00 1.00 3.00 146.30
37.00 26.00 0.00 2.00 172.92
36.00 55.00 1.00 4.00 100.17
49.00 11.00 1.00 1.00 187.19
58.00 53.00 1.00 1.00 192.54
8.00 52.00 1.00 3.00 68.64
3.00 55.00 0.00 2.00 156.22
33.00 59.00 0.00 4.00 47.39
16.00 55.00 0.00 5.00 39.05
11.00 51.00 0.00 1.00 148.92
40.00 13.00 1.00 3.00 189.95
55.00 52.00 1.00 5.00 193.97
42.00 52.00 0.00 1.00 50.50
50.00 40.00 1.00 3.00 167.59
57.00 51.00 0.00 5.00 104.75
22.00 58.00 0.00 1.00 52.55
2.00 30.00 0.00 5.00 198.33
38.00 32.00 0.00 4.00 159.24
54.00 59.00 0.00 2.00 172.67
30.00 58.00 0.00 2.00 114.23
59.00 50.00 0.00 1.00 142.80
56.00 39.00 0.00 4.00 66.51
56.00 53.00 0.00 4.00 154.31
15.00 53.00 1.00 1.00 41.08
59.00 50.00 0.00 1.00 30.59
0.00 55.00 1.00 2.00 185.37
10.00 57.00 1.00 4.00 195.16
46.00 26.00 0.00 3.00 185.48
55.00 54.00 0.00 1.00 89.63
33.00 58.00 0.00 5.00 157.36
55.00 22.00 0.00 3.00 95.46
49.00 51.00 1.00 4.00 158.85
41.00 10.00 1.00 1.00 123.31
14.00 57.00 0.00 2.00 169.07
51.00 38.00 0.00 1.00 52.03
2.00 57.00 1.00 2.00 120.91
55.00 52.00 0.00 2.00 68.75
39.00 6.00 0.00 4.00 39.35
52.00 6.00 0.00 5.00 120.58
56.00 53.00 1.00 2.00 70.56
54.00 56.00 1.00 5.00 135.57
11.00 56.00 1.00 5.00 42.49
34.00 15.00 1.00 1.00 38.75
53.00 55.00 1.00 5.00 128.33
5.00 56.00 0.00 2.00 125.27
0.00 29.00 0.00 2.00 150.82
25.00 57.00 0.00 3.00 170.66
53.00 24.00 1.00 3.00 122.46
55.00 26.00 1.00 2.00 52.88
41.00 23.00 0.00 2.00 141.06
54.00 56.00 0.00 2.00 50.61
59.00 25.00 0.00 4.00 154.43
20.00 30.00 0.00 1.00 186.92
20.00 29.00 0.00 1.00 192.32
54.00 38.00 1.00 3.00 43.20
52.00 2.00 1.00 4.00 104.56
38.00 51.00 0.00 2.00 55.05
59.00 53.00 1.00 5.00 38.99
29.00 21.00 0.00 5.00 145.78
29.00 50.00 1.00 1.00 126.24
53.00 16.00 0.00 3.00 167.85
45.00 51.00 1.00 5.00 197.01
10.00 23.00 1.00 4.00 162.36
45.00 4.00 0.00 4.00 116.54
4.00 55.00 1.00 5.00 86.96
8.00 43.00 1.00 1.00 46.22
56.00 51.00 1.00 4.00 125.41
35.00 59.00 0.00 1.00 54.46
58.00 54.00 1.00 4.00 186.69
57.00 51.00 1.00 2.00 168.60
51.00 59.00 0.00 1.00 136.24
13.00 44.00 1.00 5.00 87.56
44.00 2.00 1.00 2.00 168.02
35.00 49.00 1.00 5.00 98.03
33.00 58.00 1.00 2.00 143.38
52.00 56.00 1.00 2.00 113.33
35.00 42.00 0.00 3.00 115.41
35.00 18.00 1.00 5.00 192.71
55.00 53.00 0.00 5.00 66.32
53.00 58.00 1.00 5.00 87.51
58.00 53.00 1.00 2.00 188.30
57.00 18.00 0.00 2.00 125.87
26.00 1.00 1.00 2.00 134.35
12.00 32.00 0.00 1.00 95.03
57.00 31.00 1.00 1.00 33.06
54.00 4.00 1.00 5.00 138.35
51.00 58.00 1.00 3.00 33.01
22.00 35.00 0.00 1.00 71.67
57.00 36.00 1.00 1.00 162.32
46.00 59.00 0.00 1.00 55.04
0.00 54.00 0.00 5.00 171.33
18.00 37.00 1.00 5.00 141.18
31.00 18.00 1.00 3.00 70.79
59.00 25.00 1.00 4.00 195.87
54.00 56.00 1.00 5.00 70.81
58.00 33.00 0.00 2.00 67.65
59.00 50.00 0.00 1.00 136.16
59.00 3.00 0.00 2.00 32.21
12.00 58.00 0.00 2.00 164.96
50.00 5.00 0.00 1.00 84.91
58.00 0.00 0.00 1.00 133.23
5.00 15.00 0.00 4.00 87.27
52.00 58.00 0.00 2.00 181.91
52.00 15.00 0.00 3.00 141.39
46.00 3.00 0.00 2.00 39.16
31.00 19.00 0.00 5.00 104.00
2.00 57.00 1.00 5.00 140.14
52.00 58.00 1.00 4.00 91.89
9.00 53.00 0.00 4.00 70.51
39.00 55.00 0.00 2.00 31.32
59.00 52.00 1.00 2.00 182.58
56.00 14.00 1.00 4.00 30.76
26.00 41.00 0.00 3.00 183.83
51.00 57.00 1.00 2.00 149.08
41.00 22.00 1.00 2.00 39.21
50.00 57.00 1.00 3.00 172.62
50.00 59.00 0.00 3.00 182.36
48.00 59.00 1.00 4.00 92.73
38.00 50.00 0.00 4.00 38.91
57.00 14.00 0.00 3.00 36.83
54.00 36.00 0.00 3.00 177.94
32.00 58.00 1.00 2.00 64.64
23.00 55.00 1.00 1.00 34.65
59.00 52.00 0.00 1.00 77.60
39.00 58.00 0.00 5.00 51.74
45.00 13.00 1.00 2.00 141.96
50.00 59.00 0.00 3.00 171.49
32.00 17.00 1.00 3.00 118.13
21.00 59.00 1.00 2.00 68.54
50.00 57.00 0.00 4.00 57.64
52.00 39.00 0.00 2.00 170.57
51.00 57.00 0.00 2.00 183.79
56.00 28.00 1.00 1.00 124.92
38.00 16.00 1.00 2.00 101.91
36.00 59.00 1.00 1.00 47.42
50.00 40.00 1.00 4.00 119.51
54.00 59.00 0.00 2.00 162.36
59.00 45.00 0.00 4.00 108.95
14.00 55.00 1.00 2.00 84.71
7.00 5.00 1.00 2.00 177.41
50.00 12.00 0.00 5.00 53.01
31.00 58.00 0.00 3.00 109.87
32.00 51.00 0.00 5.00 51.04
55.00 20.00 1.00 5.00 102.88
41.00 51.00 0.00 4.00 36.09
57.00 52.00 0.00 3.00 139.87
50.00 4.00 0.00 4.00 67.95
9.00 55.00 1.00 1.00 140.58
15.00 27.00 0.00 3.00 189.18
55.00 54.00 0.00 1.00 46.70
51.00 49.00 0.00 4.00 137.57
51.00 55.00 0.00 5.00 78.04
56.00 28.00 1.00 1.00 171.82
59.00 2.00 1.00 1.00 63.37
12.00 53.00 1.00 4.00 112.73
59.00 19.00 1.00 3.00 148.22
44.00 10.00 1.00 5.00 182.66
56.00 51.00 1.00 1.00 38.72
47.00 55.00 0.00 5.00 132.59
14.00 58.00 1.00 5.00 96.19
51.00 9.00 0.00 1.00 169.28
54.00 56.00 1.00 2.00 101.27
55.00 1.00 1.00 2.00 82.89
30.00 50.00 0.00 4.00 169.68
