1.00 1.00 204.50 38.85 1.50 1.00
1.00 1.00 205.50 38.85 1.50 1.00
1.00 3.00 150.65 9.50 1.50 1.00
1.00 3.00 150.65 10.60 1.50 1.00
1.00 3.00 150.65 11.70 1.50 1.00
1.00 3.00 150.65 12.80 1.50 1.00
1.00 3.00 146.15 27.50 1.50 1.00
1.00 3.00 146.15 26.40 1.50 1.00
1.00 3.00 146.15 28.60 1.50 1.00
1.00 3.00 146.15 29.70 1.50 1.00
1.00 3.00 146.45 50.00 1.50 1.00
1.00 3.00 146.45 51.10 1.50 1.00
1.00 3.00 146.45 52.20 1.50 1.00
1.00 3.00 146.45 53.30 1.50 1.00
1.00 3.00 144.05 70.10 1.50 1.00
1.00 3.00 144.05 69.00 1.50 1.00
1.00 3.00 144.05 67.90 1.50 1.00
1.00 3.00 144.05 66.80 1.50 1.00
1.00 0.00 136.00 46.40 1.50 1.00
1.00 0.00 137.10 46.40 1.50 1.00
1.00 0.00 134.90 46.40 1.50 1.00
1.00 0.00 138.20 46.40 1.50 1.00
1.00 0.00 105.00 56.40 1.50 1.00
1.00 0.00 106.10 56.40 1.50 1.00
1.00 0.00 103.90 56.40 1.50 1.00
1.00 0.00 107.20 56.40 1.50 1.00
1.00 0.00 120.00 56.40 1.50 1.00
1.00 0.00 121.10 56.40 1.50 1.00
1.00 0.00 118.90 56.40 1.50 1.00
1.00 0.00 122.20 56.40 1.50 1.00
1.00 2.00 99.35 36.00 1.50 1.00
1.00 2.00 99.35 34.90 1.50 1.00
3.00 2.00 203.25 37.00 1.50 1.00
3.00 2.00 203.25 35.50 1.50 1.00
3.00 2.00 203.25 34.00 1.50 1.00
3.00 2.00 203.25 32.50 1.50 1.00
3.00 2.00 203.25 31.00 1.50 1.00

