0.00 25.00 1.00 50.00
0.00 25.00 20.20 50.00
0.00 25.00 49.00 50.00
1.00 25.00 7.40 50.00
1.00 25.00 13.80 50.00
1.00 25.00 34.60 50.00
2.00 1.00 25.00 50.00
2.00 25.00 25.00 50.00
2.00 49.00 25.00 50.00
3.00 10.00 4.47 4.95
3.00 19.00 4.47 4.95
3.00 33.00 4.47 4.95
3.00 9.00 10.60 5.50
3.00 17.00 10.60 5.50
3.00 37.00 10.60 5.50
3.00 14.71 16.73 4.95
3.00 33.73 16.73 4.95
3.00 42.45 16.73 4.95
3.00 9.00 27.67 12.95
3.00 19.67 27.67 12.95
3.00 35.67 27.67 12.95
3.00 41.00 27.67 12.95
3.00 13.00 41.52 12.95
3.00 29.80 41.52 12.95
3.00 39.40 41.52 12.95
