1.00 0.00 4.70 6.41 1.08 0.90
1.00 0.00 6.85 6.41 1.08 0.90
1.00 2.00 9.01 4.47 1.08 0.90
1.00 0.00 4.70 2.54 1.08 0.90
1.00 0.00 6.85 2.54 1.08 0.90
1.00 2.00 2.54 4.47 1.08 0.90
1.00 0.00 13.33 6.41 1.08 0.90
1.00 0.00 15.67 6.41 1.08 0.90
1.00 2.00 18.01 4.47 1.08 0.90
1.00 0.00 13.33 2.54 1.08 0.90
1.00 0.00 15.67 2.54 1.08 0.90
1.00 2.00 10.99 4.47 1.08 0.90
1.00 0.00 21.73 6.41 1.08 0.90
1.00 2.00 23.46 4.47 1.08 0.90
1.00 0.00 21.73 2.54 1.08 0.90
1.00 2.00 19.99 4.47 1.08 0.90
1.00 0.00 28.36 6.41 1.08 0.90
1.00 0.00 30.19 6.41 1.08 0.90
1.00 2.00 32.01 4.47 1.08 0.90
1.00 0.00 28.36 2.54 1.08 0.90
1.00 0.00 30.19 2.54 1.08 0.90
1.00 2.00 26.54 4.47 1.08 0.90
1.00 0.00 36.23 6.41 1.08 0.90
1.00 0.00 38.48 6.41 1.08 0.90
1.00 0.00 40.73 6.41 1.08 0.90
1.00 0.00 42.97 6.41 1.08 0.90
1.00 0.00 45.21 6.41 1.08 0.90
1.00 2.00 47.46 4.47 1.08 0.90
1.00 0.00 36.23 2.54 1.08 0.90
1.00 0.00 38.48 2.54 1.08 0.90
1.00 0.00 40.73 2.54 1.08 0.90
1.00 0.00 42.97 2.54 1.08 0.90
1.00 0.00 45.21 2.54 1.08 0.90
1.00 2.00 33.99 4.47 1.08 0.90
1.00 0.00 4.36 12.81 1.08 0.90
1.00 0.00 6.19 12.81 1.08 0.90
1.00 2.00 8.01 10.60 1.08 0.90
1.00 0.00 4.36 8.39 1.08 0.90
1.00 0.00 6.19 8.39 1.08 0.90
1.00 2.00 2.54 10.60 1.08 0.90
1.00 0.00 12.00 12.81 1.08 0.90
1.00 0.00 14.00 12.81 1.08 0.90
1.00 2.00 16.01 10.60 1.08 0.90
1.00 0.00 12.00 8.39 1.08 0.90
1.00 0.00 14.00 8.39 1.08 0.90
1.00 2.00 9.99 10.60 1.08 0.90
1.00 0.00 19.81 12.81 1.08 0.90
1.00 0.00 21.64 12.81 1.08 0.90
1.00 2.00 23.46 10.60 1.08 0.90
1.00 0.00 19.81 8.39 1.08 0.90
1.00 0.00 21.64 8.39 1.08 0.90
1.00 2.00 17.99 10.60 1.08 0.90
1.00 0.00 28.91 12.81 1.08 0.90
1.00 0.00 31.27 12.81 1.08 0.90
1.00 0.00 33.64 12.81 1.08 0.90
1.00 2.00 36.01 10.60 1.08 0.90
1.00 0.00 28.91 8.39 1.08 0.90
1.00 0.00 31.27 8.39 1.08 0.90
1.00 0.00 33.64 8.39 1.08 0.90
1.00 2.00 26.54 10.60 1.08 0.90
1.00 0.00 40.36 12.81 1.08 0.90
1.00 0.00 42.73 12.81 1.08 0.90
1.00 0.00 45.09 12.81 1.08 0.90
1.00 2.00 47.46 10.60 1.08 0.90
1.00 0.00 40.36 8.39 1.08 0.90
1.00 0.00 42.73 8.39 1.08 0.90
1.00 0.00 45.09 8.39 1.08 0.90
1.00 2.00 37.99 10.60 1.08 0.90
1.00 0.00 4.78 18.66 1.08 0.90
1.00 0.00 7.01 18.66 1.08 0.90
1.00 0.00 9.25 18.66 1.08 0.90
1.00 0.00 11.49 18.66 1.08 0.90
1.00 2.00 13.72 16.73 1.08 0.90
1.00 0.00 4.78 14.79 1.08 0.90
1.00 0.00 7.01 14.79 1.08 0.90
1.00 0.00 9.25 14.79 1.08 0.90
1.00 0.00 11.49 14.79 1.08 0.90
1.00 2.00 2.54 16.73 1.08 0.90
1.00 0.00 17.64 18.66 1.08 0.90
1.00 0.00 19.58 18.66 1.08 0.90
1.00 0.00 21.52 18.66 1.08 0.90
1.00 2.00 23.46 16.73 1.08 0.90
1.00 0.00 17.64 14.79 1.08 0.90
1.00 0.00 19.58 14.79 1.08 0.90
1.00 0.00 21.52 14.79 1.08 0.90
1.00 2.00 15.70 16.73 1.08 0.90
1.00 0.00 28.61 18.66 1.08 0.90
1.00 0.00 30.67 18.66 1.08 0.90
1.00 2.00 32.74 16.73 1.08 0.90
1.00 0.00 28.61 14.79 1.08 0.90
1.00 0.00 30.67 14.79 1.08 0.90
1.00 2.00 26.54 16.73 1.08 0.90
1.00 0.00 36.97 18.66 1.08 0.90
1.00 0.00 39.22 18.66 1.08 0.90
1.00 2.00 41.46 16.73 1.08 0.90
1.00 0.00 36.97 14.79 1.08 0.90
1.00 0.00 39.22 14.79 1.08 0.90
1.00 2.00 34.72 16.73 1.08 0.90
1.00 0.00 45.45 18.66 1.08 0.90
1.00 2.00 47.46 16.73 1.08 0.90
1.00 0.00 45.45 14.79 1.08 0.90
1.00 2.00 43.44 16.73 1.08 0.90
1.00 0.00 4.36 33.61 1.08 0.90
1.00 0.00 6.19 33.61 1.08 0.90
1.00 2.00 8.01 24.11 1.08 0.90
1.00 2.00 8.01 26.49 1.08 0.90
1.00 2.00 8.01 28.86 1.08 0.90
1.00 2.00 8.01 31.24 1.08 0.90
1.00 0.00 4.36 21.74 1.08 0.90
1.00 0.00 6.19 21.74 1.08 0.90
1.00 2.00 2.54 24.11 1.08 0.90
1.00 2.00 2.54 26.49 1.08 0.90
1.00 2.00 2.54 28.86 1.08 0.90
1.00 2.00 2.54 31.24 1.08 0.90
1.00 0.00 12.16 33.61 1.08 0.90
1.00 0.00 14.33 33.61 1.08 0.90
1.00 0.00 16.50 33.61 1.08 0.90
1.00 2.00 18.68 24.11 1.08 0.90
1.00 2.00 18.68 26.49 1.08 0.90
1.00 2.00 18.68 28.86 1.08 0.90
1.00 2.00 18.68 31.24 1.08 0.90
1.00 0.00 12.16 21.74 1.08 0.90
1.00 0.00 14.33 21.74 1.08 0.90
1.00 0.00 16.50 21.74 1.08 0.90
1.00 2.00 9.99 24.11 1.08 0.90
1.00 2.00 9.99 26.49 1.08 0.90
1.00 2.00 9.99 28.86 1.08 0.90
1.00 2.00 9.99 31.24 1.08 0.90
1.00 0.00 22.06 33.61 1.08 0.90
1.00 2.00 23.46 24.11 1.08 0.90
1.00 2.00 23.46 26.49 1.08 0.90
1.00 2.00 23.46 28.86 1.08 0.90
1.00 2.00 23.46 31.24 1.08 0.90
1.00 0.00 22.06 21.74 1.08 0.90
1.00 2.00 20.66 24.11 1.08 0.90
1.00 2.00 20.66 26.49 1.08 0.90
1.00 2.00 20.66 28.86 1.08 0.90
1.00 2.00 20.66 31.24 1.08 0.90
1.00 0.00 28.57 33.61 1.08 0.90
1.00 0.00 30.61 33.61 1.08 0.90
1.00 0.00 32.64 33.61 1.08 0.90
1.00 2.00 34.68 24.11 1.08 0.90
1.00 2.00 34.68 26.49 1.08 0.90
1.00 2.00 34.68 28.86 1.08 0.90
1.00 2.00 34.68 31.24 1.08 0.90
1.00 0.00 28.57 21.74 1.08 0.90
1.00 0.00 30.61 21.74 1.08 0.90
1.00 0.00 32.64 21.74 1.08 0.90
1.00 2.00 26.54 24.11 1.08 0.90
1.00 2.00 26.54 26.49 1.08 0.90
1.00 2.00 26.54 28.86 1.08 0.90
1.00 2.00 26.54 31.24 1.08 0.90
1.00 0.00 38.33 33.61 1.08 0.90
1.00 2.00 40.01 24.11 1.08 0.90
1.00 2.00 40.01 26.49 1.08 0.90
1.00 2.00 40.01 28.86 1.08 0.90
1.00 2.00 40.01 31.24 1.08 0.90
1.00 0.00 38.33 21.74 1.08 0.90
1.00 2.00 36.66 24.11 1.08 0.90
1.00 2.00 36.66 26.49 1.08 0.90
1.00 2.00 36.66 28.86 1.08 0.90
1.00 2.00 36.66 31.24 1.08 0.90
1.00 0.00 43.81 33.61 1.08 0.90
1.00 0.00 45.64 33.61 1.08 0.90
1.00 2.00 47.46 24.11 1.08 0.90
1.00 2.00 47.46 26.49 1.08 0.90
1.00 2.00 47.46 28.86 1.08 0.90
1.00 2.00 47.46 31.24 1.08 0.90
1.00 0.00 43.81 21.74 1.08 0.90
1.00 0.00 45.64 21.74 1.08 0.90
1.00 2.00 41.99 24.11 1.08 0.90
1.00 2.00 41.99 26.49 1.08 0.90
1.00 2.00 41.99 28.86 1.08 0.90
1.00 2.00 41.99 31.24 1.08 0.90
1.00 0.00 4.91 47.46 1.08 0.90
1.00 0.00 7.28 47.46 1.08 0.90
1.00 0.00 9.64 47.46 1.08 0.90
1.00 2.00 12.01 37.96 1.08 0.90
1.00 2.00 12.01 40.34 1.08 0.90
1.00 2.00 12.01 42.71 1.08 0.90
1.00 2.00 12.01 45.09 1.08 0.90
1.00 0.00 4.91 35.59 1.08 0.90
1.00 0.00 7.28 35.59 1.08 0.90
1.00 0.00 9.64 35.59 1.08 0.90
1.00 2.00 2.54 37.96 1.08 0.90
1.00 2.00 2.54 40.34 1.08 0.90
1.00 2.00 2.54 42.71 1.08 0.90
1.00 2.00 2.54 45.09 1.08 0.90
1.00 0.00 16.36 47.46 1.08 0.90
1.00 0.00 18.73 47.46 1.08 0.90
1.00 0.00 21.09 47.46 1.08 0.90
1.00 2.00 23.46 37.96 1.08 0.90
1.00 2.00 23.46 40.34 1.08 0.90
1.00 2.00 23.46 42.71 1.08 0.90
1.00 2.00 23.46 45.09 1.08 0.90
1.00 0.00 16.36 35.59 1.08 0.90
1.00 0.00 18.73 35.59 1.08 0.90
1.00 0.00 21.09 35.59 1.08 0.90
1.00 2.00 13.99 37.96 1.08 0.90
1.00 2.00 13.99 40.34 1.08 0.90
1.00 2.00 13.99 42.71 1.08 0.90
1.00 2.00 13.99 45.09 1.08 0.90
1.00 2.00 28.81 37.96 1.08 0.90
1.00 2.00 28.81 40.34 1.08 0.90
1.00 2.00 28.81 42.71 1.08 0.90
1.00 2.00 28.81 45.09 1.08 0.90
1.00 2.00 26.54 37.96 1.08 0.90
1.00 2.00 26.54 40.34 1.08 0.90
1.00 2.00 26.54 42.71 1.08 0.90
1.00 2.00 26.54 45.09 1.08 0.90
1.00 0.00 32.70 47.46 1.08 0.90
1.00 0.00 34.60 47.46 1.08 0.90
1.00 0.00 36.51 47.46 1.08 0.90
1.00 2.00 38.41 37.96 1.08 0.90
1.00 2.00 38.41 40.34 1.08 0.90
1.00 2.00 38.41 42.71 1.08 0.90
1.00 2.00 38.41 45.09 1.08 0.90
1.00 0.00 32.70 35.59 1.08 0.90
1.00 0.00 34.60 35.59 1.08 0.90
1.00 0.00 36.51 35.59 1.08 0.90
1.00 2.00 30.79 37.96 1.08 0.90
1.00 2.00 30.79 40.34 1.08 0.90
1.00 2.00 30.79 42.71 1.08 0.90
1.00 2.00 30.79 45.09 1.08 0.90
1.00 0.00 42.75 47.46 1.08 0.90
1.00 0.00 45.10 47.46 1.08 0.90
1.00 2.00 47.46 37.96 1.08 0.90
1.00 2.00 47.46 40.34 1.08 0.90
1.00 2.00 47.46 42.71 1.08 0.90
1.00 2.00 47.46 45.09 1.08 0.90
1.00 0.00 42.75 35.59 1.08 0.90
1.00 0.00 45.10 35.59 1.08 0.90
1.00 2.00 40.39 37.96 1.08 0.90
1.00 2.00 40.39 40.34 1.08 0.90
1.00 2.00 40.39 42.71 1.08 0.90
1.00 2.00 40.39 45.09 1.08 0.90
2.00 0.00 35.24 -0.54 1.08 0.90
2.00 0.00 37.03 -0.54 1.08 0.90
2.00 0.00 38.82 -0.54 1.08 0.90
2.00 0.00 40.61 -0.54 1.08 0.90
2.00 0.00 42.39 -0.54 1.08 0.90
2.00 0.00 44.18 -0.54 1.08 0.90
2.00 0.00 45.97 -0.54 1.08 0.90
2.00 0.00 47.76 -0.54 1.08 0.90
2.00 0.00 35.24 50.54 1.08 0.90
2.00 0.00 37.03 50.54 1.08 0.90
2.00 0.00 38.82 50.54 1.08 0.90
2.00 0.00 40.61 50.54 1.08 0.90
2.00 0.00 42.39 50.54 1.08 0.90
2.00 0.00 44.18 50.54 1.08 0.90
2.00 0.00 45.97 50.54 1.08 0.90
2.00 0.00 47.76 50.54 1.08 0.90
3.00 0.00 19.13 -0.54 1.08 0.90
3.00 0.00 20.81 -0.54 1.08 0.90
3.00 0.00 22.48 -0.54 1.08 0.90
3.00 0.00 24.16 -0.54 1.08 0.90
3.00 0.00 25.84 -0.54 1.08 0.90
3.00 0.00 27.52 -0.54 1.08 0.90
3.00 0.00 29.19 -0.54 1.08 0.90
3.00 0.00 30.87 -0.54 1.08 0.90
3.00 0.00 19.13 -2.42 1.08 0.90
3.00 0.00 20.81 -2.42 1.08 0.90
3.00 0.00 22.48 -2.42 1.08 0.90
3.00 0.00 24.16 -2.42 1.08 0.90
3.00 0.00 25.84 -2.42 1.08 0.90
3.00 0.00 27.52 -2.42 1.08 0.90
3.00 0.00 29.19 -2.42 1.08 0.90
3.00 0.00 30.87 -2.42 1.08 0.90
3.00 0.00 19.13 -4.30 1.08 0.90
3.00 0.00 20.81 -4.30 1.08 0.90
3.00 0.00 22.48 -4.30 1.08 0.90
3.00 0.00 24.16 -4.30 1.08 0.90
3.00 0.00 25.84 -4.30 1.08 0.90
3.00 0.00 27.52 -4.30 1.08 0.90
3.00 0.00 29.19 -4.30 1.08 0.90
3.00 0.00 30.87 -4.30 1.08 0.90
3.00 0.00 19.13 50.54 1.08 0.90
3.00 0.00 20.81 50.54 1.08 0.90
3.00 0.00 22.48 50.54 1.08 0.90
3.00 0.00 24.16 50.54 1.08 0.90
3.00 0.00 25.84 50.54 1.08 0.90
3.00 0.00 27.52 50.54 1.08 0.90
3.00 0.00 29.19 50.54 1.08 0.90
3.00 0.00 30.87 50.54 1.08 0.90
3.00 0.00 19.13 52.42 1.08 0.90
3.00 0.00 20.81 52.42 1.08 0.90
3.00 0.00 22.48 52.42 1.08 0.90
3.00 0.00 24.16 52.42 1.08 0.90
3.00 0.00 25.84 52.42 1.08 0.90
3.00 0.00 27.52 52.42 1.08 0.90
3.00 0.00 29.19 52.42 1.08 0.90
3.00 0.00 30.87 52.42 1.08 0.90
3.00 0.00 19.13 54.30 1.08 0.90
3.00 0.00 20.81 54.30 1.08 0.90
3.00 0.00 22.48 54.30 1.08 0.90
3.00 0.00 24.16 54.30 1.08 0.90
3.00 0.00 25.84 54.30 1.08 0.90
3.00 0.00 27.52 54.30 1.08 0.90
3.00 0.00 29.19 54.30 1.08 0.90
3.00 0.00 30.87 54.30 1.08 0.90
4.00 0.00 2.24 -0.54 1.08 0.90
4.00 0.00 4.03 -0.54 1.08 0.90
4.00 0.00 5.82 -0.54 1.08 0.90
4.00 0.00 7.61 -0.54 1.08 0.90
4.00 0.00 9.39 -0.54 1.08 0.90
4.00 0.00 11.18 -0.54 1.08 0.90
4.00 0.00 12.97 -0.54 1.08 0.90
4.00 0.00 14.76 -0.54 1.08 0.90
4.00 0.00 2.24 50.54 1.08 0.90
4.00 0.00 4.03 50.54 1.08 0.90
4.00 0.00 5.82 50.54 1.08 0.90
4.00 0.00 7.61 50.54 1.08 0.90
4.00 0.00 9.39 50.54 1.08 0.90
4.00 0.00 11.18 50.54 1.08 0.90
4.00 0.00 12.97 50.54 1.08 0.90
4.00 0.00 14.76 50.54 1.08 0.90
