0.00 5.78 4.47 7.55 4.95
0.00 14.50 4.47 8.10 4.95
0.00 21.73 4.47 4.55 4.95
0.00 29.27 4.47 6.55 4.95
0.00 40.73 4.47 14.55 4.95
0.00 5.28 10.60 6.55 5.50
0.00 13.00 10.60 7.10 5.50
0.00 20.73 10.60 6.55 5.50
0.00 31.27 10.60 10.55 5.50
0.00 42.73 10.60 10.55 5.50
0.00 8.13 16.73 12.26 4.95
0.00 19.58 16.73 8.84 4.95
0.00 29.64 16.73 7.28 4.95
0.00 38.09 16.73 7.83 4.95
0.00 45.45 16.73 5.10 4.95
0.00 5.28 27.67 6.55 12.95
0.00 14.33 27.67 9.77 12.95
0.00 22.06 27.67 3.88 12.95
0.00 30.61 27.67 9.22 12.95
0.00 38.33 27.67 4.43 12.95
0.00 44.73 27.67 6.55 12.95
0.00 7.28 41.52 10.55 12.95
0.00 18.73 41.52 10.55 12.95
0.00 27.67 41.52 3.35 12.95
0.00 34.60 41.52 8.70 12.95
0.00 43.93 41.52 8.15 12.95
1.00 41.50 -2.50 17.00 5.00
1.00 41.50 52.50 17.00 5.00
2.00 25.00 -2.50 16.00 5.00
2.00 25.00 52.50 16.00 5.00
3.00 8.50 -2.50 17.00 5.00
3.00 8.50 52.50 17.00 5.00
