480.00 429.00 0.00 1.00 175.25
205.00 502.00 0.00 5.00 170.90
73.00 167.00 1.00 4.00 40.65
493.00 504.00 0.00 1.00 187.00
427.00 304.00 1.00 4.00 153.35
305.00 357.00 1.00 5.00 69.47
431.00 508.00 1.00 1.00 154.78
29.00 312.00 0.00 1.00 177.52
317.00 475.00 0.00 3.00 35.33
512.00 60.00 0.00 3.00 74.41
515.00 375.00 0.00 3.00 99.17
491.00 501.00 0.00 1.00 111.24
396.00 517.00 0.00 1.00 137.68
492.00 507.00 1.00 2.00 52.08
300.00 503.00 1.00 3.00 148.62
184.00 160.00 1.00 5.00 165.74
62.00 500.00 1.00 1.00 130.12
504.00 509.00 1.00 2.00 137.08
510.00 351.00 0.00 5.00 138.61
496.00 306.00 0.00 1.00 185.72
491.00 513.00 1.00 4.00 113.38
510.00 157.00 0.00 2.00 35.59
282.00 284.00 0.00 4.00 137.05
13.00 334.00 0.00 4.00 121.89
497.00 222.00 1.00 3.00 139.93
396.00 506.00 0.00 2.00 80.75
498.00 490.00 0.00 3.00 86.77
516.00 499.00 0.00 5.00 128.97
245.00 298.00 1.00 4.00 72.54
516.00 137.00 1.00 1.00 164.04
512.00 495.00 0.00 2.00 135.23
301.00 500.00 1.00 3.00 34.90
491.00 386.00 0.00 3.00 67.59
486.00 515.00 0.00 3.00 69.33
393.00 505.00 0.00 5.00 186.54
500.00 102.00 0.00 1.00 67.47
502.00 513.00 0.00 4.00 72.83
99.00 466.00 0.00 5.00 71.96
371.00 129.00 0.00 3.00 189.39
504.00 515.00 1.00 1.00 105.36
101.00 388.00 1.00 3.00 183.79
323.00 517.00 0.00 1.00 68.92
497.00 439.00 0.00 3.00 45.48
161.00 349.00 0.00 4.00 138.48
397.00 490.00 1.00 2.00 106.50
302.00 516.00 0.00 4.00 198.43
117.00 424.00 0.00 4.00 118.27
492.00 409.00 0.00 1.00 129.80
442.00 495.00 1.00 3.00 113.87
400.00 489.00 1.00 1.00 94.92
516.00 505.00 1.00 3.00 146.30
157.00 409.00 0.00 2.00 172.92
473.00 506.00 1.00 4.00 100.17
326.00 155.00 1.00 1.00 187.19
489.00 497.00 1.00 1.00 192.54
395.00 492.00 1.00 3.00 68.64
28.00 506.00 0.00 2.00 156.22
442.00 511.00 0.00 4.00 47.39
493.00 35.00 0.00 3.00 89.96
412.00 253.00 0.00 1.00 147.11
517.00 512.00 0.00 4.00 128.76
405.00 149.00 0.00 1.00 46.97
274.00 515.00 0.00 1.00 31.79
504.00 487.00 0.00 3.00 51.14
289.00 346.00 1.00 1.00 50.72
503.00 489.00 1.00 5.00 144.25
279.00 497.00 0.00 1.00 194.59
504.00 510.00 0.00 4.00 47.69
344.00 501.00 0.00 2.00 172.67
339.00 512.00 1.00 4.00 111.41
492.00 192.00 0.00 3.00 37.73
497.00 435.00 1.00 5.00 88.76
493.00 503.00 0.00 4.00 184.85
515.00 9.00 1.00 2.00 69.52
74.00 486.00 0.00 5.00 78.49
86.00 515.00 1.00 4.00 195.16
370.00 414.00 0.00 3.00 185.48
502.00 500.00 0.00 1.00 89.63
269.00 497.00 0.00 5.00 157.36
489.00 517.00 0.00 3.00 95.46
502.00 494.00 1.00 4.00 158.85
427.00 495.00 1.00 1.00 123.31
502.00 382.00 0.00 2.00 106.04
513.00 337.00 0.00 3.00 31.77
517.00 18.00 0.00 4.00 139.13
497.00 504.00 0.00 2.00 68.75
477.00 186.00 0.00 4.00 39.35
497.00 400.00 0.00 5.00 120.58
510.00 162.00 1.00 2.00 70.56
136.00 124.00 1.00 3.00 147.38
89.00 513.00 1.00 5.00 42.49
349.00 196.00 1.00 1.00 38.75
492.00 507.00 1.00 5.00 128.33
41.00 511.00 0.00 2.00 125.27
125.00 178.00 0.00 2.00 150.82
205.00 516.00 0.00 3.00 170.66
491.00 157.00 1.00 3.00 122.46
454.00 217.00 0.00 4.00 46.42
515.00 492.00 0.00 3.00 99.41
171.00 417.00 0.00 2.00 141.06
490.00 500.00 0.00 2.00 50.61
511.00 322.00 0.00 4.00 154.43
507.00 499.00 0.00 1.00 186.92
30.00 65.00 0.00 1.00 192.32
503.00 309.00 1.00 3.00 43.20
496.00 17.00 1.00 4.00 104.56
469.00 493.00 0.00 2.00 55.05
505.00 513.00 1.00 5.00 38.99
4.00 400.00 0.00 5.00 145.78
235.00 489.00 1.00 1.00 126.24
498.00 134.00 0.00 3.00 167.85
367.00 493.00 1.00 5.00 197.01
458.00 271.00 1.00 4.00 162.36
269.00 355.00 0.00 4.00 116.54
34.00 507.00 1.00 5.00 86.96
194.00 87.00 1.00 1.00 46.22
513.00 501.00 1.00 4.00 125.41
287.00 513.00 0.00 1.00 54.46
502.00 86.00 1.00 4.00 81.31
331.00 506.00 1.00 1.00 31.53
150.00 139.00 1.00 5.00 87.56
205.00 249.00 1.00 2.00 168.02
138.00 424.00 1.00 5.00 98.03
145.00 491.00 1.00 2.00 143.38
100.00 517.00 1.00 3.00 144.39
411.00 5.00 1.00 2.00 77.61
515.00 26.00 1.00 5.00 192.71
510.00 302.00 0.00 1.00 80.17
489.00 513.00 1.00 4.00 187.28
493.00 80.00 0.00 1.00 167.45
430.00 449.00 1.00 3.00 130.98
488.00 502.00 0.00 2.00 172.01
492.00 9.00 1.00 1.00 36.80
286.00 222.00 1.00 2.00 56.53
403.00 505.00 1.00 1.00 113.27
494.00 508.00 0.00 1.00 71.67
514.00 416.00 1.00 1.00 162.32
361.00 175.00 0.00 1.00 55.04
210.00 459.00 0.00 1.00 115.67
501.00 364.00 1.00 5.00 105.11
411.00 335.00 1.00 3.00 70.79
511.00 134.00 1.00 4.00 195.87
499.00 508.00 0.00 4.00 70.07
280.00 502.00 0.00 2.00 67.65
486.00 81.00 0.00 5.00 191.73
498.00 274.00 0.00 2.00 64.13
489.00 338.00 0.00 1.00 84.91
486.00 23.00 1.00 5.00 32.64
138.00 65.00 1.00 5.00 88.92
17.00 490.00 0.00 2.00 181.91
94.00 501.00 0.00 3.00 141.39
420.00 245.00 0.00 2.00 39.16
426.00 83.00 0.00 5.00 104.00
19.00 517.00 1.00 5.00 140.14
516.00 506.00 1.00 4.00 91.89
76.00 498.00 0.00 4.00 70.51
318.00 508.00 0.00 2.00 31.32
486.00 492.00 1.00 2.00 182.58
513.00 116.00 1.00 4.00 30.76
408.00 184.00 0.00 3.00 183.83
514.00 501.00 1.00 2.00 149.08
468.00 30.00 1.00 2.00 39.21
488.00 497.00 1.00 3.00 172.62
487.00 508.00 0.00 3.00 182.36
384.00 495.00 1.00 4.00 92.73
506.00 495.00 0.00 1.00 87.66
412.00 53.00 0.00 3.00 36.83
500.00 205.00 1.00 4.00 189.53
308.00 121.00 0.00 3.00 177.94
506.00 497.00 1.00 2.00 64.64
108.00 357.00 0.00 4.00 31.43
497.00 418.00 1.00 3.00 93.67
340.00 239.00 1.00 4.00 186.47
286.00 512.00 0.00 2.00 167.71
506.00 497.00 0.00 4.00 81.47
365.00 489.00 0.00 3.00 171.49
509.00 496.00 0.00 4.00 87.66
495.00 196.00 1.00 5.00 107.31
496.00 314.00 0.00 2.00 71.29
508.00 503.00 0.00 2.00 183.79
506.00 375.00 1.00 1.00 124.92
497.00 513.00 1.00 2.00 101.91
412.00 487.00 1.00 1.00 47.42
461.00 288.00 1.00 4.00 119.51
510.00 502.00 0.00 4.00 67.18
281.00 489.00 0.00 1.00 57.01
487.00 498.00 1.00 1.00 94.28
517.00 512.00 1.00 5.00 90.27
511.00 504.00 0.00 3.00 153.18
286.00 498.00 0.00 1.00 67.72
246.00 496.00 0.00 1.00 35.90
8.00 226.00 1.00 4.00 108.39
439.00 490.00 0.00 5.00 51.04
507.00 160.00 1.00 5.00 102.88
144.00 503.00 0.00 4.00 36.09
131.00 54.00 1.00 5.00 151.73
516.00 487.00 1.00 2.00 83.62
168.00 25.00 1.00 2.00 191.93
487.00 408.00 0.00 4.00 33.30
509.00 479.00 1.00 5.00 82.96
511.00 17.00 0.00 1.00 41.96
161.00 322.00 0.00 4.00 137.57
504.00 269.00 1.00 4.00 157.10
510.00 447.00 1.00 1.00 171.82
504.00 490.00 1.00 3.00 45.36
249.00 488.00 0.00 1.00 104.04
505.00 356.00 0.00 3.00 159.09
508.00 300.00 1.00 5.00 82.32
4.00 489.00 1.00 1.00 79.91
489.00 511.00 0.00 2.00 117.83
510.00 252.00 1.00 3.00 151.29
509.00 333.00 0.00 1.00 38.67
500.00 214.00 1.00 2.00 199.07
8.00 189.00 1.00 2.00 82.89
493.00 516.00 0.00 2.00 109.26
502.00 486.00 0.00 4.00 78.64
391.00 517.00 1.00 2.00 149.42
513.00 95.00 1.00 4.00 72.12
498.00 307.00 1.00 4.00 122.85
67.00 506.00 1.00 3.00 179.81
489.00 420.00 0.00 5.00 113.56
491.00 515.00 0.00 1.00 174.80
387.00 353.00 0.00 1.00 127.85
490.00 401.00 1.00 2.00 128.02
16.00 320.00 0.00 4.00 138.84
510.00 490.00 0.00 5.00 153.45
236.00 80.00 1.00 4.00 75.24
32.00 166.00 1.00 1.00 132.16
496.00 433.00 1.00 4.00 37.13
409.00 91.00 0.00 3.00 186.03
505.00 45.00 1.00 5.00 136.89
486.00 402.00 0.00 4.00 95.32
507.00 366.00 1.00 4.00 136.80
324.00 504.00 1.00 4.00 165.33
27.00 512.00 0.00 4.00 146.48
36.00 516.00 0.00 2.00 174.33
444.00 486.00 0.00 5.00 176.90
275.00 504.00 1.00 3.00 45.85
84.00 498.00 0.00 5.00 92.68
514.00 489.00 0.00 1.00 126.17
1.00 491.00 0.00 2.00 156.24
504.00 490.00 0.00 5.00 66.83
38.00 499.00 1.00 3.00 60.95
110.00 193.00 1.00 1.00 76.91
30.00 242.00 1.00 2.00 47.71
226.00 192.00 1.00 1.00 96.15
101.00 506.00 0.00 3.00 145.62
401.00 47.00 1.00 4.00 88.30
509.00 516.00 1.00 1.00 151.48
236.00 174.00 0.00 3.00 122.11
508.00 140.00 1.00 4.00 100.29
287.00 317.00 0.00 2.00 184.69
424.00 511.00 1.00 3.00 58.14
458.00 501.00 1.00 5.00 106.16
294.00 335.00 0.00 4.00 95.68
509.00 385.00 1.00 4.00 191.73
512.00 146.00 0.00 2.00 48.21
248.00 226.00 0.00 3.00 98.89
496.00 502.00 0.00 1.00 168.74
109.00 513.00 0.00 4.00 105.22
506.00 511.00 1.00 3.00 155.84
182.00 159.00 1.00 5.00 78.47
289.00 22.00 1.00 5.00 128.95
508.00 502.00 0.00 5.00 46.20
218.00 30.00 0.00 4.00 82.87
190.00 517.00 1.00 4.00 35.23
503.00 517.00 0.00 5.00 125.51
501.00 516.00 0.00 3.00 83.85
10.00 506.00 0.00 4.00 124.32
158.00 61.00 1.00 3.00 58.57
499.00 513.00 1.00 3.00 194.00
501.00 502.00 1.00 1.00 116.78
490.00 167.00 1.00 1.00 129.72
380.00 130.00 1.00 2.00 172.17
356.00 498.00 1.00 5.00 198.50
313.00 82.00 0.00 1.00 143.29
514.00 183.00 0.00 4.00 30.78
380.00 445.00 1.00 5.00 81.74
502.00 240.00 1.00 3.00 194.62
488.00 514.00 1.00 4.00 104.11
290.00 6.00 1.00 2.00 181.01
500.00 506.00 1.00 2.00 116.74
515.00 508.00 0.00 5.00 166.64
506.00 197.00 0.00 3.00 157.24
72.00 510.00 0.00 3.00 89.02
490.00 498.00 0.00 1.00 34.15
506.00 517.00 1.00 3.00 163.18
517.00 496.00 1.00 3.00 144.13
130.00 505.00 0.00 4.00 112.47
74.00 470.00 0.00 5.00 72.14
511.00 226.00 0.00 2.00 67.82
39.00 336.00 1.00 3.00 73.21
498.00 27.00 1.00 1.00 45.47
502.00 481.00 0.00 1.00 185.56
498.00 511.00 1.00 1.00 171.35
499.00 512.00 0.00 3.00 176.10
119.00 111.00 0.00 5.00 90.56
265.00 105.00 0.00 2.00 180.17
171.00 165.00 1.00 2.00 161.39
489.00 300.00 1.00 1.00 175.63
490.00 505.00 1.00 5.00 162.96
494.00 133.00 0.00 2.00 67.84
419.00 511.00 0.00 5.00 195.49
122.00 348.00 0.00 2.00 153.33
508.00 137.00 0.00 3.00 129.51
512.00 219.00 1.00 5.00 164.80
60.00 500.00 1.00 5.00 144.25
509.00 490.00 0.00 1.00 106.01
115.00 505.00 0.00 4.00 104.57
247.00 298.00 1.00 3.00 90.60
488.00 210.00 1.00 5.00 100.30
513.00 492.00 0.00 1.00 173.52
517.00 512.00 1.00 5.00 160.48
445.00 247.00 1.00 2.00 163.25
496.00 161.00 0.00 1.00 167.65
503.00 47.00 1.00 2.00 130.19
508.00 50.00 1.00 4.00 70.82
292.00 517.00 0.00 1.00 199.91
500.00 20.00 0.00 3.00 102.93
515.00 498.00 1.00 3.00 47.87
469.00 163.00 1.00 4.00 172.21
109.00 506.00 0.00 2.00 79.81
501.00 367.00 1.00 2.00 199.61
498.00 509.00 1.00 3.00 49.95
511.00 495.00 0.00 5.00 54.69
165.00 498.00 1.00 5.00 115.84
494.00 517.00 1.00 5.00 191.38
489.00 432.00 1.00 1.00 73.67
295.00 489.00 1.00 2.00 159.57
493.00 516.00 0.00 4.00 102.87
399.00 202.00 1.00 3.00 135.16
294.00 508.00 1.00 4.00 70.12
76.00 497.00 1.00 1.00 123.40
154.00 501.00 0.00 4.00 110.11
515.00 272.00 1.00 1.00 95.77
501.00 489.00 0.00 1.00 129.05
489.00 516.00 1.00 1.00 128.93
515.00 486.00 1.00 4.00 133.35
177.00 499.00 0.00 3.00 113.36
495.00 68.00 0.00 3.00 198.39
9.00 498.00 1.00 5.00 84.12
346.00 495.00 1.00 5.00 91.64
246.00 155.00 0.00 2.00 133.54
505.00 356.00 1.00 3.00 99.41
402.00 233.00 0.00 3.00 145.87
21.00 516.00 1.00 3.00 171.77
512.00 338.00 0.00 1.00 131.91
200.00 505.00 1.00 3.00 40.04
176.00 516.00 0.00 4.00 196.15
93.00 467.00 0.00 3.00 104.13
488.00 496.00 1.00 4.00 81.76
503.00 488.00 1.00 5.00 69.57
469.00 494.00 0.00 1.00 105.99
514.00 498.00 0.00 1.00 96.56
510.00 494.00 0.00 5.00 69.44
501.00 513.00 1.00 3.00 140.77
346.00 255.00 0.00 2.00 38.11
389.00 501.00 0.00 1.00 192.60
498.00 381.00 0.00 1.00 125.96
514.00 187.00 1.00 5.00 97.35
387.00 313.00 1.00 4.00 36.61
56.00 363.00 1.00 1.00 70.99
516.00 493.00 1.00 2.00 35.70
257.00 491.00 1.00 2.00 108.26
515.00 501.00 0.00 5.00 31.79
494.00 123.00 1.00 5.00 143.58
511.00 500.00 0.00 1.00 154.12
515.00 4.00 1.00 4.00 140.94
63.00 516.00 1.00 2.00 60.33
490.00 257.00 1.00 5.00 96.41
374.00 486.00 0.00 4.00 154.62
514.00 427.00 0.00 4.00 171.49
245.00 378.00 0.00 2.00 189.66
501.00 84.00 1.00 4.00 152.77
219.00 62.00 1.00 1.00 154.50
316.00 453.00 0.00 4.00 110.79
507.00 499.00 0.00 3.00 168.99
512.00 507.00 1.00 3.00 61.06
233.00 508.00 0.00 1.00 120.56
459.00 165.00 0.00 1.00 147.50
257.00 185.00 1.00 5.00 65.78
108.00 486.00 1.00 3.00 199.00
509.00 253.00 0.00 3.00 100.57
511.00 492.00 0.00 3.00 31.53
160.00 152.00 0.00 4.00 30.73
495.00 308.00 1.00 4.00 135.85
410.00 385.00 1.00 1.00 115.19
497.00 507.00 0.00 2.00 193.93
493.00 375.00 1.00 2.00 191.64
492.00 16.00 1.00 2.00 70.80
506.00 253.00 0.00 4.00 192.99
185.00 152.00 0.00 3.00 57.27
495.00 419.00 1.00 5.00 162.48
176.00 495.00 1.00 5.00 131.22
515.00 204.00 0.00 1.00 183.25
499.00 86.00 0.00 2.00 112.74
489.00 503.00 0.00 5.00 74.72
28.00 489.00 1.00 3.00 57.45
496.00 505.00 0.00 3.00 74.85
118.00 509.00 1.00 3.00 86.21
487.00 513.00 0.00 5.00 150.31
430.00 509.00 1.00 1.00 79.06
503.00 469.00 0.00 5.00 136.72
285.00 381.00 0.00 1.00 62.98
258.00 360.00 0.00 3.00 170.72
512.00 173.00 1.00 2.00 74.28
512.00 517.00 0.00 2.00 198.33
62.00 510.00 0.00 1.00 184.17
511.00 494.00 0.00 3.00 104.75
74.00 143.00 0.00 5.00 99.95
440.00 97.00 0.00 3.00 140.72
462.00 113.00 1.00 4.00 95.62
511.00 488.00 0.00 3.00 71.37
493.00 214.00 1.00 1.00 103.39
502.00 491.00 0.00 1.00 185.32
413.00 492.00 1.00 2.00 159.64
495.00 511.00 0.00 3.00 132.33
118.00 495.00 1.00 5.00 30.93
503.00 16.00 1.00 2.00 80.86
362.00 324.00 0.00 4.00 36.33
287.00 511.00 0.00 4.00 117.34
316.00 509.00 0.00 2.00 107.99
512.00 488.00 0.00 2.00 131.35
494.00 505.00 1.00 1.00 136.43
497.00 505.00 0.00 1.00 60.66
293.00 350.00 1.00 3.00 190.03
439.00 477.00 0.00 3.00 165.27
116.00 502.00 0.00 2.00 172.38
379.00 103.00 1.00 4.00 53.69
354.00 47.00 1.00 4.00 144.17
14.00 459.00 0.00 2.00 150.16
293.00 486.00 0.00 2.00 128.87
331.00 267.00 1.00 2.00 43.39
426.00 478.00 0.00 1.00 144.71
415.00 218.00 1.00 4.00 195.35
496.00 420.00 1.00 2.00 138.82
289.00 513.00 1.00 5.00 140.85
299.00 517.00 0.00 3.00 38.90
69.00 413.00 0.00 1.00 116.18
488.00 286.00 1.00 1.00 127.50
3.00 157.00 1.00 1.00 30.22
493.00 325.00 0.00 2.00 108.21
494.00 504.00 0.00 3.00 73.46
517.00 263.00 1.00 3.00 77.66
514.00 480.00 1.00 1.00 113.20
494.00 511.00 0.00 2.00 117.26
498.00 503.00 1.00 4.00 195.37
332.00 72.00 0.00 1.00 60.40
507.00 98.00 0.00 1.00 81.50
500.00 74.00 1.00 4.00 129.53
6.00 495.00 0.00 2.00 73.59
504.00 35.00 1.00 2.00 180.21
127.00 492.00 1.00 3.00 36.73
499.00 513.00 0.00 1.00 193.52
135.00 220.00 0.00 1.00 75.00
512.00 490.00 1.00 5.00 131.62
317.00 486.00 0.00 5.00 130.58
515.00 509.00 1.00 5.00 140.73
493.00 207.00 1.00 1.00 84.53
447.00 503.00 0.00 1.00 35.50
503.00 452.00 0.00 5.00 50.17
496.00 491.00 1.00 4.00 40.89
242.00 504.00 0.00 2.00 189.30
514.00 492.00 0.00 4.00 46.89
516.00 70.00 0.00 2.00 85.10
510.00 443.00 1.00 1.00 42.99
503.00 516.00 0.00 4.00 179.47
491.00 509.00 0.00 3.00 70.56
499.00 493.00 0.00 4.00 178.51
510.00 243.00 0.00 3.00 138.16
323.00 494.00 1.00 1.00 124.28
497.00 326.00 1.00 4.00 71.26
411.00 70.00 0.00 5.00 112.28
387.00 511.00 0.00 2.00 82.40
221.00 112.00 1.00 5.00 39.95
512.00 487.00 0.00 5.00 108.91
503.00 201.00 0.00 5.00 32.01
394.00 349.00 1.00 5.00 74.35
510.00 490.00 1.00 1.00 166.16
497.00 454.00 0.00 5.00 164.62
140.00 494.00 0.00 2.00 108.14
293.00 494.00 0.00 1.00 177.51
516.00 218.00 0.00 5.00 143.38
403.00 493.00 0.00 1.00 111.11
262.00 486.00 0.00 5.00 135.69
270.00 488.00 0.00 5.00 103.03
503.00 493.00 0.00 3.00 117.92
385.00 503.00 0.00 3.00 74.33
267.00 252.00 0.00 4.00 34.36
275.00 506.00 1.00 1.00 110.13
516.00 491.00 0.00 4.00 48.87
499.00 511.00 1.00 3.00 93.35
516.00 308.00 1.00 3.00 126.97
40.00 516.00 0.00 3.00 103.25
266.00 43.00 1.00 1.00 163.33
492.00 507.00 1.00 5.00 75.83
276.00 491.00 1.00 5.00 92.67
111.00 502.00 1.00 1.00 60.15
473.00 488.00 1.00 4.00 186.33
363.00 511.00 0.00 1.00 141.41
499.00 335.00 0.00 2.00 61.27
509.00 514.00 0.00 1.00 98.66
117.00 488.00 0.00 3.00 59.50
491.00 512.00 1.00 3.00 153.20
465.00 496.00 1.00 5.00 149.24
504.00 396.00 1.00 5.00 134.38
492.00 516.00 1.00 2.00 180.80
366.00 493.00 0.00 2.00 47.82
461.00 257.00 0.00 2.00 89.59
490.00 503.00 1.00 2.00 146.27
74.00 205.00 1.00 3.00 68.35
517.00 332.00 1.00 3.00 152.55
191.00 501.00 0.00 1.00 133.61
236.00 490.00 0.00 3.00 199.94
438.00 333.00 1.00 1.00 53.45
488.00 407.00 0.00 2.00 118.21
101.00 31.00 0.00 4.00 120.29
159.00 417.00 0.00 5.00 38.90
52.00 515.00 0.00 1.00 127.66
508.00 517.00 1.00 2.00 142.61
460.00 500.00 1.00 5.00 60.85
359.00 516.00 0.00 4.00 73.54
359.00 495.00 1.00 5.00 98.82
488.00 517.00 0.00 1.00 114.25
294.00 494.00 0.00 4.00 81.28
489.00 429.00 0.00 2.00 162.47
94.00 488.00 0.00 4.00 44.42
516.00 491.00 0.00 3.00 189.43
162.00 333.00 1.00 5.00 146.19
514.00 246.00 0.00 1.00 33.74
505.00 308.00 1.00 5.00 50.06
486.00 430.00 1.00 3.00 157.21
20.00 337.00 1.00 4.00 164.17
246.00 488.00 0.00 3.00 40.27
508.00 499.00 1.00 4.00 50.63
217.00 505.00 0.00 4.00 193.91
506.00 517.00 1.00 3.00 40.82
495.00 200.00 1.00 2.00 48.94
491.00 295.00 0.00 4.00 138.47
482.00 506.00 0.00 3.00 95.64
96.00 188.00 1.00 5.00 37.85
516.00 410.00 1.00 1.00 193.15
325.00 506.00 1.00 4.00 81.79
491.00 517.00 0.00 1.00 90.62
487.00 212.00 1.00 3.00 133.75
497.00 487.00 1.00 2.00 79.83
324.00 141.00 1.00 5.00 192.00
505.00 391.00 0.00 5.00 56.98
495.00 457.00 0.00 5.00 67.71
126.00 513.00 1.00 2.00 190.82
120.00 489.00 0.00 3.00 59.86
496.00 22.00 1.00 2.00 70.97
490.00 512.00 0.00 3.00 113.08
489.00 428.00 0.00 5.00 154.03
506.00 148.00 0.00 3.00 140.03
429.00 168.00 1.00 3.00 112.85
119.00 362.00 1.00 1.00 147.44
510.00 491.00 0.00 2.00 159.76
500.00 451.00 0.00 5.00 178.61
136.00 491.00 1.00 1.00 100.06
410.00 495.00 1.00 3.00 150.95
52.00 496.00 1.00 2.00 158.02
63.00 517.00 1.00 3.00 145.43
509.00 482.00 1.00 3.00 39.16
500.00 484.00 0.00 2.00 191.65
293.00 352.00 1.00 2.00 192.31
508.00 517.00 1.00 1.00 100.71
321.00 517.00 0.00 3.00 143.23
132.00 491.00 0.00 3.00 179.75
510.00 305.00 0.00 5.00 43.47
190.00 500.00 1.00 1.00 96.24
486.00 99.00 1.00 5.00 56.43
497.00 506.00 0.00 3.00 118.10
511.00 492.00 0.00 1.00 134.51
502.00 295.00 1.00 5.00 83.57
325.00 448.00 0.00 1.00 32.97
388.00 374.00 0.00 1.00 82.97
490.00 200.00 1.00 5.00 77.41
511.00 345.00 1.00 1.00 106.77
22.00 499.00 0.00 2.00 46.10
302.00 495.00 0.00 5.00 96.52
222.00 515.00 1.00 1.00 62.58
27.00 364.00 0.00 2.00 109.32
164.00 348.00 0.00 1.00 151.19
513.00 58.00 1.00 2.00 190.17
86.00 283.00 1.00 3.00 145.39
70.00 323.00 1.00 5.00 41.96
509.00 502.00 1.00 5.00 120.71
348.00 402.00 1.00 2.00 107.31
187.00 497.00 0.00 1.00 127.77
509.00 515.00 1.00 3.00 192.52
70.00 34.00 1.00 4.00 87.38
408.00 498.00 1.00 3.00 160.79
501.00 148.00 1.00 5.00 180.58
501.00 360.00 1.00 1.00 108.13
18.00 165.00 1.00 4.00 116.72
510.00 494.00 0.00 1.00 85.36
345.00 164.00 1.00 1.00 175.62
498.00 505.00 1.00 2.00 113.14
195.00 121.00 1.00 3.00 148.27
501.00 516.00 0.00 5.00 158.67
493.00 498.00 0.00 2.00 173.52
493.00 513.00 0.00 1.00 36.65
508.00 159.00 1.00 4.00 135.31
517.00 417.00 0.00 4.00 167.17
179.00 489.00 0.00 3.00 153.06
486.00 382.00 1.00 4.00 111.05
345.00 129.00 0.00 2.00 131.74
495.00 375.00 0.00 3.00 147.58
501.00 510.00 1.00 3.00 163.12
508.00 259.00 1.00 3.00 169.03
504.00 177.00 1.00 5.00 107.83
134.00 497.00 0.00 5.00 190.89
493.00 286.00 1.00 2.00 123.20
459.00 487.00 0.00 2.00 90.87
502.00 511.00 1.00 4.00 132.92
74.00 391.00 0.00 4.00 162.14
316.00 513.00 1.00 1.00 51.17
501.00 495.00 1.00 2.00 77.15
387.00 505.00 0.00 4.00 125.50
517.00 486.00 0.00 2.00 38.32
508.00 291.00 1.00 2.00 179.87
515.00 360.00 0.00 3.00 130.13
505.00 327.00 0.00 5.00 79.45
311.00 348.00 0.00 5.00 157.64
414.00 490.00 1.00 3.00 113.66
507.00 492.00 1.00 1.00 39.80
494.00 19.00 0.00 4.00 183.37
88.00 489.00 0.00 4.00 183.26
515.00 495.00 0.00 2.00 173.97
83.00 515.00 1.00 2.00 48.75
49.00 517.00 0.00 2.00 80.62
510.00 70.00 1.00 5.00 139.25
499.00 507.00 0.00 2.00 73.10
291.00 32.00 1.00 1.00 120.73
505.00 274.00 1.00 1.00 175.32
151.00 460.00 0.00 2.00 42.50
208.00 296.00 0.00 1.00 72.20
289.00 490.00 1.00 4.00 89.43
513.00 497.00 1.00 1.00 172.91
297.00 510.00 0.00 5.00 41.29
509.00 179.00 1.00 2.00 130.73
501.00 502.00 1.00 3.00 76.64
346.00 517.00 1.00 1.00 110.40
486.00 505.00 1.00 3.00 181.10
513.00 508.00 0.00 1.00 108.36
488.00 227.00 0.00 3.00 71.87
158.00 276.00 1.00 3.00 171.03
62.00 451.00 1.00 5.00 117.43
400.00 516.00 1.00 5.00 119.10
506.00 349.00 1.00 4.00 64.26
506.00 244.00 0.00 4.00 59.09
472.00 490.00 1.00 1.00 199.61
487.00 184.00 0.00 3.00 64.10
4.00 21.00 1.00 3.00 116.54
514.00 31.00 0.00 1.00 50.33
509.00 500.00 1.00 5.00 140.98
113.00 376.00 0.00 4.00 137.09
493.00 515.00 0.00 1.00 133.75
516.00 509.00 1.00 2.00 119.03
89.00 123.00 1.00 4.00 34.63
490.00 217.00 0.00 4.00 45.86
167.00 212.00 1.00 5.00 129.32
337.00 488.00 1.00 5.00 174.21
515.00 497.00 0.00 2.00 79.44
510.00 517.00 1.00 1.00 117.39
495.00 98.00 1.00 2.00 35.72
505.00 228.00 1.00 3.00 127.10
365.00 175.00 1.00 2.00 92.65
431.00 511.00 0.00 2.00 144.38
78.00 35.00 0.00 2.00 151.66
334.00 289.00 1.00 1.00 43.34
505.00 265.00 1.00 1.00 195.79
260.00 513.00 1.00 5.00 30.41
169.00 388.00 1.00 2.00 142.05
449.00 34.00 1.00 5.00 80.42
503.00 495.00 1.00 1.00 91.86
34.00 366.00 1.00 4.00 99.82
513.00 410.00 1.00 2.00 60.95
154.00 138.00 0.00 5.00 46.90
490.00 517.00 0.00 1.00 134.88
307.00 406.00 1.00 3.00 81.23
26.00 507.00 0.00 2.00 196.54
450.00 489.00 1.00 2.00 58.30
487.00 19.00 1.00 3.00 58.63
257.00 490.00 0.00 4.00 73.57
517.00 495.00 0.00 3.00 80.39
265.00 495.00 1.00 1.00 30.46
286.00 361.00 1.00 2.00 169.38
127.00 451.00 0.00 2.00 45.56
506.00 493.00 0.00 1.00 88.77
495.00 514.00 1.00 1.00 74.94
498.00 126.00 1.00 4.00 177.36
160.00 490.00 0.00 5.00 181.05
121.00 515.00 0.00 2.00 88.92
469.00 260.00 0.00 5.00 197.89
514.00 497.00 0.00 1.00 158.59
255.00 507.00 0.00 5.00 65.40
76.00 136.00 1.00 2.00 190.32
369.00 504.00 1.00 1.00 47.35
511.00 490.00 1.00 2.00 87.55
502.00 500.00 1.00 2.00 46.92
491.00 220.00 1.00 3.00 175.17
461.00 494.00 0.00 5.00 146.69
150.00 486.00 1.00 4.00 150.33
508.00 157.00 1.00 5.00 119.93
486.00 108.00 1.00 3.00 117.73
441.00 172.00 0.00 5.00 140.74
513.00 506.00 0.00 1.00 52.41
220.00 94.00 0.00 2.00 62.41
343.00 147.00 1.00 1.00 138.32
504.00 515.00 1.00 1.00 156.27
36.00 96.00 0.00 3.00 47.63
104.00 386.00 1.00 2.00 74.98
375.00 275.00 1.00 4.00 86.51
494.00 156.00 1.00 1.00 59.21
490.00 503.00 0.00 2.00 91.49
501.00 100.00 1.00 5.00 141.16
517.00 509.00 0.00 5.00 32.24
194.00 438.00 1.00 5.00 98.38
207.00 127.00 0.00 5.00 95.97
40.00 516.00 0.00 5.00 130.57
316.00 508.00 1.00 2.00 175.25
159.00 402.00 0.00 5.00 35.75
291.00 500.00 0.00 5.00 89.32
98.00 230.00 1.00 2.00 55.29
14.00 382.00 1.00 2.00 124.27
438.00 17.00 1.00 3.00 129.20
498.00 502.00 0.00 1.00 145.60
510.00 220.00 1.00 3.00 70.11
336.00 496.00 0.00 5.00 140.58
497.00 38.00 0.00 1.00 67.40
507.00 382.00 1.00 4.00 80.25
371.00 257.00 1.00 5.00 62.22
184.00 113.00 1.00 4.00 67.95
325.00 516.00 0.00 3.00 91.47
512.00 517.00 1.00 2.00 191.11
497.00 445.00 0.00 2.00 167.96
516.00 428.00 0.00 2.00 123.10
294.00 197.00 1.00 1.00 42.64
341.00 493.00 0.00 1.00 126.15
509.00 503.00 0.00 1.00 72.58
489.00 343.00 0.00 3.00 78.98
494.00 510.00 0.00 5.00 168.30
503.00 489.00 1.00 5.00 149.80
318.00 480.00 0.00 5.00 90.46
509.00 493.00 0.00 4.00 104.95
346.00 399.00 1.00 3.00 50.85
506.00 487.00 0.00 1.00 145.74
500.00 40.00 0.00 4.00 125.33
150.00 85.00 1.00 2.00 138.87
20.00 173.00 0.00 4.00 157.04
156.00 248.00 0.00 1.00 73.97
509.00 488.00 1.00 4.00 47.40
204.00 254.00 0.00 4.00 177.29
114.00 186.00 1.00 4.00 134.41
503.00 10.00 0.00 5.00 166.03
489.00 128.00 1.00 1.00 137.44
492.00 516.00 0.00 1.00 46.06
42.00 517.00 0.00 4.00 88.32
488.00 514.00 1.00 1.00 161.77
192.00 148.00 0.00 5.00 91.32
469.00 320.00 0.00 3.00 157.01
517.00 492.00 0.00 4.00 142.28
254.00 271.00 1.00 3.00 92.68
516.00 190.00 1.00 1.00 34.58
446.00 212.00 0.00 1.00 132.73
171.00 198.00 1.00 3.00 107.84
514.00 491.00 1.00 3.00 62.57
461.00 47.00 1.00 4.00 145.19
446.00 516.00 1.00 3.00 198.41
325.00 120.00 0.00 2.00 178.75
510.00 505.00 1.00 1.00 40.35
67.00 245.00 1.00 5.00 131.13
85.00 508.00 1.00 2.00 144.53
486.00 119.00 0.00 1.00 192.23
514.00 488.00 1.00 3.00 152.08
495.00 250.00 0.00 4.00 80.36
488.00 499.00 0.00 4.00 104.24
313.00 75.00 1.00 2.00 147.45
148.00 499.00 0.00 2.00 135.46
88.00 496.00 1.00 5.00 104.39
208.00 1.00 0.00 3.00 109.34
488.00 496.00 0.00 2.00 99.27
496.00 512.00 0.00 3.00 113.07
513.00 491.00 1.00 5.00 115.72
441.00 330.00 0.00 5.00 166.50
517.00 487.00 0.00 5.00 99.95
237.00 374.00 0.00 2.00 147.44
326.00 504.00 1.00 5.00 187.69
128.00 507.00 0.00 5.00 155.25
167.00 11.00 1.00 5.00 176.71
508.00 486.00 1.00 2.00 144.09
505.00 194.00 1.00 4.00 56.82
503.00 510.00 0.00 1.00 137.72
488.00 343.00 1.00 4.00 78.25
509.00 339.00 1.00 2.00 187.19
516.00 183.00 0.00 2.00 185.61
500.00 459.00 1.00 2.00 66.19
490.00 507.00 0.00 2.00 125.98
89.00 504.00 1.00 5.00 193.63
134.00 407.00 1.00 1.00 179.57
511.00 491.00 1.00 4.00 47.74
489.00 516.00 1.00 4.00 110.71
203.00 511.00 1.00 3.00 123.13
496.00 506.00 0.00 1.00 96.41
503.00 473.00 0.00 5.00 89.08
516.00 2.00 1.00 2.00 192.30
511.00 487.00 0.00 5.00 85.03
285.00 96.00 0.00 3.00 93.51
222.00 53.00 0.00 4.00 190.81
353.00 274.00 1.00 1.00 165.42
48.00 516.00 0.00 2.00 84.75
400.00 203.00 0.00 4.00 73.09
510.00 502.00 1.00 1.00 85.21
445.00 513.00 1.00 3.00 131.19
127.00 90.00 1.00 5.00 38.07
503.00 131.00 0.00 3.00 114.21
513.00 488.00 0.00 3.00 149.06
489.00 500.00 0.00 4.00 31.24
424.00 127.00 0.00 2.00 199.32
295.00 301.00 1.00 5.00 89.43
115.00 4.00 0.00 1.00 66.59
175.00 384.00 1.00 4.00 130.27
508.00 497.00 1.00 5.00 99.98
513.00 281.00 1.00 4.00 99.52
506.00 193.00 0.00 5.00 54.75
502.00 514.00 1.00 2.00 122.01
513.00 268.00 1.00 4.00 190.19
493.00 249.00 0.00 5.00 35.72
488.00 19.00 1.00 3.00 179.04
284.00 183.00 0.00 3.00 73.30
275.00 503.00 1.00 4.00 62.62
500.00 327.00 0.00 5.00 52.61
508.00 514.00 0.00 5.00 90.86
513.00 501.00 0.00 5.00 155.86
514.00 486.00 0.00 4.00 153.29
426.00 494.00 0.00 5.00 114.64
517.00 335.00 0.00 2.00 163.59
310.00 333.00 0.00 3.00 178.55
514.00 244.00 0.00 1.00 186.47
508.00 133.00 1.00 1.00 184.38
89.00 515.00 0.00 1.00 30.04
491.00 507.00 0.00 4.00 69.74
508.00 154.00 0.00 2.00 81.54
62.00 373.00 1.00 5.00 59.89
222.00 304.00 1.00 5.00 66.68
347.00 495.00 1.00 5.00 71.52
473.00 503.00 0.00 4.00 116.95
493.00 502.00 0.00 4.00 34.21
500.00 52.00 1.00 2.00 190.22
491.00 496.00 0.00 3.00 84.27
201.00 512.00 1.00 2.00 96.32
180.00 119.00 0.00 5.00 197.32
491.00 517.00 1.00 5.00 41.36
50.00 496.00 0.00 1.00 144.08
502.00 515.00 0.00 5.00 124.67
157.00 299.00 1.00 4.00 50.38
222.00 490.00 1.00 3.00 168.65
488.00 417.00 0.00 3.00 182.49
517.00 127.00 1.00 1.00 135.31
268.00 491.00 1.00 4.00 119.17
488.00 511.00 1.00 2.00 120.70
513.00 243.00 0.00 5.00 110.25
251.00 193.00 0.00 2.00 68.18
489.00 508.00 1.00 1.00 188.05
194.00 513.00 0.00 1.00 75.68
493.00 456.00 1.00 4.00 71.05
413.00 497.00 0.00 4.00 117.81
514.00 488.00 1.00 1.00 167.80
128.00 498.00 1.00 4.00 112.65
488.00 184.00 1.00 2.00 128.98
112.00 31.00 0.00 2.00 38.86
503.00 286.00 0.00 1.00 178.88
190.00 34.00 0.00 1.00 106.96
217.00 489.00 0.00 3.00 74.03
87.00 501.00 1.00 4.00 115.56
506.00 204.00 1.00 3.00 184.05
69.00 261.00 1.00 5.00 39.82
186.00 493.00 0.00 3.00 58.33
41.00 200.00 0.00 3.00 47.02
496.00 129.00 0.00 3.00 34.01
488.00 513.00 1.00 1.00 172.90
504.00 326.00 0.00 4.00 100.09
302.00 85.00 0.00 1.00 54.86
509.00 38.00 1.00 1.00 159.34
511.00 225.00 0.00 4.00 145.53
508.00 50.00 1.00 5.00 78.31
390.00 516.00 1.00 5.00 57.35
499.00 453.00 1.00 4.00 110.56
158.00 278.00 1.00 2.00 106.65
225.00 218.00 1.00 5.00 73.51
499.00 451.00 1.00 4.00 171.33
412.00 254.00 0.00 2.00 138.55
82.00 189.00 1.00 5.00 146.79
506.00 514.00 0.00 3.00 101.42
509.00 495.00 0.00 5.00 150.59
89.00 515.00 1.00 1.00 33.45
468.00 496.00 1.00 5.00 144.49
291.00 71.00 0.00 2.00 143.29
487.00 13.00 0.00 1.00 60.94
494.00 487.00 0.00 4.00 154.15
499.00 378.00 1.00 1.00 137.30
506.00 195.00 0.00 1.00 114.72
16.00 511.00 1.00 2.00 141.85
490.00 499.00 0.00 1.00 166.27
499.00 515.00 1.00 4.00 98.38
504.00 237.00 1.00 1.00 109.95
512.00 433.00 0.00 4.00 174.49
148.00 511.00 0.00 5.00 103.18
427.00 517.00 0.00 5.00 177.59
489.00 494.00 1.00 5.00 76.75
421.00 490.00 1.00 1.00 79.14
59.00 510.00 1.00 5.00 198.41
495.00 295.00 0.00 4.00 141.78
507.00 514.00 1.00 5.00 84.99
226.00 284.00 1.00 4.00 90.55
512.00 443.00 0.00 3.00 64.76
206.00 279.00 0.00 2.00 123.79
251.00 511.00 0.00 5.00 57.57
507.00 487.00 0.00 1.00 146.82
147.00 497.00 1.00 3.00 120.95
164.00 396.00 0.00 5.00 184.50
509.00 482.00 0.00 4.00 78.27
16.00 173.00 1.00 1.00 36.01
222.00 501.00 1.00 4.00 149.31
501.00 166.00 1.00 4.00 43.21
487.00 210.00 1.00 1.00 76.66
506.00 512.00 0.00 1.00 74.86
254.00 91.00 1.00 5.00 98.77
247.00 389.00 0.00 4.00 156.53
54.00 497.00 0.00 4.00 105.89
74.00 515.00 0.00 4.00 71.87
288.00 472.00 0.00 3.00 44.63
513.00 496.00 0.00 1.00 96.96
409.00 517.00 1.00 4.00 117.71
233.00 129.00 1.00 4.00 161.24
81.00 182.00 1.00 4.00 44.83
358.00 299.00 0.00 5.00 96.69
503.00 81.00 1.00 4.00 121.51
124.00 476.00 0.00 1.00 71.38
359.00 249.00 1.00 4.00 180.15
342.00 511.00 0.00 2.00 119.21
510.00 148.00 1.00 1.00 53.18
327.00 80.00 0.00 5.00 60.67
197.00 434.00 1.00 1.00 82.89
506.00 501.00 1.00 5.00 157.79
502.00 496.00 1.00 1.00 189.04
500.00 510.00 0.00 3.00 75.07
141.00 189.00 1.00 4.00 117.11
489.00 371.00 1.00 4.00 162.87
443.00 252.00 1.00 5.00 111.88
489.00 422.00 0.00 3.00 117.26
516.00 511.00 0.00 5.00 161.80
511.00 150.00 0.00 1.00 156.40
286.00 88.00 0.00 4.00 182.56
442.00 303.00 1.00 5.00 106.53
505.00 151.00 0.00 1.00 35.34
492.00 510.00 0.00 3.00 133.70
100.00 501.00 1.00 3.00 124.19
510.00 1.00 1.00 5.00 153.43
493.00 79.00 1.00 2.00 119.32
505.00 475.00 1.00 2.00 107.96
514.00 492.00 0.00 3.00 54.29
498.00 10.00 1.00 5.00 93.17
512.00 1.00 0.00 1.00 94.31
306.00 67.00 1.00 1.00 125.21
490.00 513.00 1.00 3.00 30.69
487.00 509.00 0.00 1.00 73.58
286.00 324.00 1.00 4.00 60.60
505.00 484.00 0.00 1.00 154.42
143.00 505.00 0.00 1.00 106.53
489.00 427.00 0.00 4.00 143.11
202.00 302.00 0.00 2.00 106.78
499.00 491.00 1.00 3.00 122.22
111.00 503.00 0.00 5.00 93.14
395.00 221.00 1.00 1.00 151.37
502.00 509.00 1.00 4.00 68.69
470.00 516.00 1.00 3.00 122.48
181.00 354.00 1.00 5.00 145.60
324.00 516.00 1.00 3.00 180.06
387.00 491.00 0.00 3.00 53.70
397.00 497.00 1.00 2.00 44.16
513.00 155.00 0.00 5.00 41.06
502.00 509.00 0.00 1.00 167.43
489.00 500.00 1.00 1.00 122.02
489.00 273.00 1.00 4.00 45.94
456.00 510.00 0.00 3.00 126.63
416.00 507.00 1.00 5.00 167.72
18.00 208.00 0.00 2.00 71.27
281.00 486.00 1.00 1.00 186.15
419.00 226.00 0.00 2.00 159.87
513.00 490.00 0.00 2.00 90.99
275.00 139.00 1.00 1.00 64.83
486.00 237.00 0.00 4.00 163.05
494.00 48.00 0.00 5.00 100.59
491.00 486.00 1.00 5.00 119.47
507.00 314.00 1.00 5.00 156.58
486.00 421.00 0.00 4.00 105.76
509.00 140.00 1.00 2.00 131.56
