510.00 488.00 0.00 4.00 89.52
507.00 496.00 1.00 1.00 192.40
273.00 72.00 1.00 1.00 132.84
13.00 107.00 0.00 2.00 36.73
30.00 17.00 0.00 4.00 197.71
493.00 321.00 0.00 3.00 179.59
507.00 490.00 1.00 3.00 179.88
434.00 347.00 0.00 3.00 45.01
513.00 505.00 0.00 2.00 151.19
503.00 78.00 1.00 5.00 64.63
181.00 335.00 1.00 1.00 64.78
0.00 14.00 1.00 5.00 173.54
517.00 31.00 1.00 3.00 31.24
511.00 498.00 1.00 2.00 63.05
504.00 204.00 1.00 3.00 66.98
372.00 503.00 1.00 3.00 86.77
491.00 368.00 0.00 1.00 142.54
496.00 489.00 0.00 5.00 110.30
515.00 429.00 0.00 4.00 191.30
492.00 507.00 1.00 4.00 131.43
502.00 397.00 0.00 3.00 37.06
207.00 395.00 1.00 5.00 97.60
509.00 501.00 0.00 2.00 87.78
381.00 492.00 1.00 2.00 159.97
444.00 131.00 0.00 1.00 71.76
507.00 208.00 1.00 4.00 67.26
361.00 176.00 1.00 4.00 88.51
506.00 497.00 0.00 5.00 78.94
36.00 262.00 0.00 3.00 82.51
503.00 482.00 1.00 1.00 30.78
516.00 272.00 0.00 3.00 136.75
493.00 509.00 0.00 4.00 146.35
251.00 499.00 0.00 1.00 45.43
94.00 227.00 1.00 5.00 150.79
208.00 497.00 0.00 4.00 86.39
382.00 491.00 1.00 2.00 164.38
496.00 507.00 0.00 3.00 102.00
517.00 504.00 1.00 2.00 165.14
499.00 510.00 0.00 4.00 53.93
205.00 493.00 1.00 4.00 31.54
462.00 501.00 0.00 2.00 191.31
268.00 510.00 0.00 4.00 82.58
498.00 487.00 1.00 1.00 124.89
29.00 487.00 0.00 1.00 116.71
314.00 102.00 1.00 4.00 67.63
496.00 458.00 0.00 4.00 75.42
426.00 256.00 1.00 3.00 89.54
512.00 488.00 1.00 2.00 197.45
505.00 490.00 1.00 5.00 35.77
516.00 504.00 1.00 4.00 73.25
508.00 149.00 1.00 5.00 159.33
511.00 451.00 1.00 1.00 118.72
491.00 270.00 0.00 3.00 38.44
467.00 508.00 1.00 3.00 183.49
452.00 419.00 0.00 3.00 156.89
407.00 253.00 1.00 3.00 139.62
159.00 514.00 1.00 1.00 56.65
75.00 511.00 0.00 2.00 71.12
495.00 503.00 0.00 4.00 89.95
504.00 145.00 0.00 5.00 180.88
325.00 503.00 1.00 3.00 197.45
277.00 439.00 1.00 1.00 164.44
262.00 359.00 1.00 4.00 172.41
122.00 187.00 0.00 5.00 199.14
295.00 107.00 1.00 5.00 77.06
444.00 494.00 1.00 1.00 128.60
222.00 308.00 0.00 4.00 56.50
505.00 36.00 1.00 4.00 150.45
516.00 511.00 1.00 4.00 139.50
488.00 506.00 1.00 5.00 154.01
232.00 491.00 0.00 1.00 34.21
408.00 440.00 0.00 5.00 35.94
273.00 302.00 0.00 5.00 161.97
492.00 149.00 1.00 4.00 153.04
497.00 374.00 1.00 1.00 107.60
507.00 389.00 1.00 1.00 155.73
517.00 491.00 1.00 1.00 38.81
426.00 502.00 1.00 4.00 134.07
89.00 430.00 1.00 1.00 124.07
352.00 510.00 0.00 1.00 77.50
464.00 499.00 0.00 4.00 57.46
489.00 503.00 0.00 2.00 137.09
504.00 316.00 1.00 1.00 170.90
12.00 343.00 0.00 1.00 179.92
466.00 109.00 1.00 5.00 182.49
346.00 506.00 1.00 4.00 36.09
490.00 409.00 1.00 3.00 124.92
17.00 507.00 1.00 4.00 49.73
67.00 221.00 1.00 5.00 185.06
86.00 492.00 0.00 4.00 38.10
223.00 277.00 1.00 5.00 181.05
496.00 512.00 1.00 2.00 137.17
493.00 235.00 0.00 2.00 106.46
80.00 513.00 0.00 4.00 170.40
494.00 517.00 1.00 4.00 130.14
396.00 146.00 1.00 1.00 72.68
515.00 509.00 0.00 5.00 191.12
434.00 498.00 0.00 5.00 35.13
488.00 132.00 1.00 4.00 136.40
161.00 497.00 1.00 1.00 43.56
