274.00 243.00 0.00 3.00 187.04
151.00 505.00 1.00 4.00 80.42
12.00 497.00 1.00 5.00 177.31
176.00 488.00 1.00 2.00 115.43
504.00 40.00 0.00 5.00 173.10
505.00 111.00 1.00 2.00 136.21
514.00 1.00 1.00 4.00 99.01
439.00 487.00 1.00 1.00 57.62
493.00 498.00 0.00 2.00 113.08
239.00 507.00 0.00 4.00 103.59
488.00 157.00 1.00 4.00 147.71
467.00 501.00 0.00 1.00 123.06
505.00 294.00 1.00 2.00 198.18
508.00 489.00 0.00 5.00 173.69
511.00 500.00 1.00 4.00 90.60
278.00 423.00 1.00 1.00 145.86
267.00 31.00 1.00 5.00 30.37
502.00 383.00 1.00 4.00 56.84
463.00 493.00 0.00 4.00 172.97
489.00 499.00 0.00 4.00 139.22
493.00 513.00 0.00 3.00 133.06
309.00 54.00 1.00 1.00 157.01
333.00 285.00 1.00 5.00 193.02
488.00 508.00 1.00 4.00 75.80
227.00 502.00 0.00 5.00 32.47
297.00 175.00 1.00 5.00 186.53
73.00 491.00 0.00 1.00 102.15
498.00 426.00 0.00 2.00 87.40
489.00 504.00 1.00 1.00 126.73
486.00 122.00 0.00 3.00 63.65
199.00 515.00 1.00 2.00 51.99
507.00 422.00 1.00 2.00 50.50
387.00 14.00 1.00 2.00 82.50
441.00 125.00 1.00 3.00 141.38
218.00 420.00 1.00 4.00 145.80
486.00 513.00 0.00 4.00 100.87
202.00 495.00 0.00 3.00 155.88
201.00 508.00 1.00 5.00 144.40
494.00 510.00 1.00 2.00 89.13
266.00 499.00 0.00 1.00 142.51
508.00 413.00 1.00 4.00 83.85
113.00 108.00 1.00 5.00 170.10
56.00 501.00 1.00 2.00 31.12
515.00 457.00 1.00 2.00 96.41
488.00 243.00 1.00 1.00 163.62
222.00 488.00 0.00 2.00 184.33
513.00 145.00 0.00 4.00 128.88
94.00 397.00 1.00 3.00 61.42
259.00 516.00 0.00 4.00 36.64
279.00 506.00 1.00 1.00 50.73
501.00 422.00 1.00 4.00 150.63
498.00 491.00 0.00 1.00 187.93
139.00 120.00 0.00 2.00 105.26
492.00 497.00 1.00 2.00 169.66
498.00 512.00 1.00 5.00 101.12
203.00 499.00 1.00 5.00 68.79
488.00 409.00 1.00 3.00 89.87
98.00 476.00 1.00 5.00 89.93
466.00 154.00 1.00 4.00 178.86
483.00 74.00 1.00 5.00 162.21
488.00 505.00 0.00 4.00 154.73
490.00 474.00 0.00 4.00 46.55
194.00 141.00 0.00 2.00 157.88
495.00 490.00 0.00 3.00 181.40
45.00 504.00 0.00 3.00 122.96
504.00 29.00 1.00 3.00 151.71
334.00 186.00 0.00 3.00 120.85
503.00 248.00 1.00 5.00 163.78
492.00 498.00 1.00 1.00 164.23
513.00 237.00 1.00 4.00 40.98
188.00 510.00 1.00 2.00 64.10
513.00 498.00 1.00 4.00 118.15
515.00 394.00 0.00 4.00 63.94
516.00 455.00 1.00 2.00 100.27
508.00 501.00 1.00 3.00 152.52
26.00 339.00 0.00 5.00 150.75
491.00 505.00 0.00 2.00 115.18
128.00 513.00 0.00 4.00 169.12
508.00 332.00 1.00 3.00 169.13
500.00 153.00 1.00 3.00 117.83
501.00 464.00 1.00 1.00 73.27
504.00 512.00 0.00 2.00 134.88
488.00 509.00 1.00 2.00 198.50
214.00 488.00 1.00 1.00 73.37
504.00 303.00 1.00 5.00 133.92
494.00 405.00 1.00 2.00 139.50
508.00 499.00 0.00 1.00 151.50
496.00 490.00 0.00 3.00 115.74
492.00 228.00 0.00 3.00 48.43
489.00 513.00 0.00 4.00 174.81
502.00 496.00 0.00 3.00 173.71
285.00 152.00 1.00 3.00 198.70
339.00 510.00 1.00 1.00 181.12
510.00 494.00 0.00 4.00 41.30
496.00 506.00 1.00 5.00 199.48
497.00 343.00 1.00 5.00 35.62
146.00 510.00 0.00 5.00 50.56
141.00 505.00 0.00 3.00 156.24
491.00 511.00 0.00 4.00 172.13
238.00 501.00 0.00 4.00 69.87
501.00 238.00 1.00 5.00 164.90
309.00 80.00 1.00 4.00 134.26
178.00 188.00 1.00 3.00 160.38
221.00 366.00 1.00 5.00 154.34
303.00 514.00 1.00 4.00 45.03
489.00 509.00 0.00 4.00 49.12
380.00 486.00 1.00 4.00 40.29
514.00 487.00 1.00 1.00 143.30
506.00 492.00 0.00 5.00 93.97
498.00 61.00 1.00 1.00 158.06
9.00 306.00 1.00 5.00 156.92
179.00 501.00 1.00 2.00 45.08
507.00 203.00 1.00 4.00 90.13
445.00 486.00 0.00 3.00 65.70
492.00 457.00 1.00 2.00 90.40
195.00 253.00 0.00 4.00 97.95
343.00 339.00 0.00 2.00 94.76
81.00 517.00 1.00 4.00 122.65
506.00 488.00 1.00 1.00 188.82
490.00 514.00 1.00 4.00 114.33
52.00 498.00 0.00 5.00 118.54
110.00 496.00 0.00 2.00 116.32
292.00 84.00 1.00 4.00 117.19
502.00 496.00 1.00 5.00 55.24
493.00 513.00 1.00 5.00 125.78
495.00 512.00 0.00 2.00 73.98
115.00 487.00 0.00 4.00 45.67
296.00 487.00 1.00 2.00 43.43
513.00 487.00 0.00 4.00 35.55
177.00 210.00 1.00 5.00 68.78
512.00 497.00 0.00 1.00 188.47
504.00 153.00 0.00 3.00 181.68
516.00 498.00 1.00 5.00 50.12
505.00 19.00 1.00 5.00 75.09
504.00 378.00 1.00 1.00 32.84
508.00 1.00 0.00 3.00 67.58
159.00 314.00 0.00 4.00 107.10
182.00 236.00 0.00 3.00 180.24
506.00 491.00 1.00 2.00 175.45
454.00 510.00 1.00 4.00 80.12
503.00 510.00 0.00 1.00 105.61
431.00 126.00 0.00 5.00 64.61
435.00 416.00 0.00 3.00 72.53
501.00 237.00 0.00 5.00 196.90
17.00 498.00 0.00 5.00 89.40
504.00 517.00 0.00 2.00 74.97
498.00 512.00 1.00 2.00 60.99
305.00 404.00 1.00 2.00 196.73
510.00 48.00 1.00 1.00 132.37
494.00 378.00 0.00 2.00 142.24
386.00 293.00 1.00 4.00 163.42
16.00 503.00 1.00 2.00 71.16
498.00 488.00 0.00 1.00 188.22
94.00 488.00 1.00 5.00 44.24
239.00 335.00 0.00 2.00 52.32
338.00 502.00 0.00 2.00 145.04
516.00 488.00 1.00 1.00 78.89
509.00 502.00 0.00 2.00 94.70
501.00 45.00 0.00 1.00 144.56
12.00 213.00 1.00 3.00 109.05
138.00 386.00 0.00 4.00 156.35
497.00 341.00 1.00 2.00 136.80
504.00 488.00 0.00 3.00 179.93
221.00 487.00 0.00 1.00 33.06
61.00 359.00 1.00 4.00 64.81
331.00 500.00 1.00 2.00 46.71
500.00 273.00 0.00 4.00 86.37
238.00 506.00 0.00 1.00 34.94
493.00 42.00 1.00 2.00 186.17
381.00 437.00 0.00 1.00 97.04
505.00 514.00 1.00 5.00 177.18
167.00 486.00 1.00 1.00 165.13
263.00 129.00 0.00 5.00 112.15
510.00 516.00 1.00 2.00 157.33
489.00 508.00 0.00 1.00 144.73
516.00 124.00 1.00 5.00 140.80
481.00 160.00 0.00 4.00 178.29
517.00 496.00 0.00 1.00 77.73
486.00 515.00 0.00 2.00 191.76
494.00 508.00 0.00 4.00 165.68
512.00 320.00 1.00 1.00 132.45
449.00 147.00 1.00 5.00 88.08
501.00 301.00 1.00 3.00 114.01
496.00 501.00 0.00 2.00 120.87
490.00 507.00 0.00 3.00 71.34
501.00 511.00 0.00 4.00 104.15
510.00 499.00 0.00 1.00 106.36
496.00 491.00 0.00 2.00 91.42
360.00 355.00 1.00 3.00 183.65
506.00 425.00 1.00 1.00 154.37
100.00 497.00 1.00 5.00 70.68
67.00 240.00 0.00 2.00 81.19
516.00 381.00 1.00 3.00 178.48
499.00 185.00 0.00 4.00 144.90
280.00 491.00 1.00 4.00 55.31
83.00 367.00 1.00 5.00 174.42
123.00 60.00 0.00 2.00 137.78
188.00 496.00 1.00 1.00 198.08
503.00 34.00 1.00 5.00 119.69
196.00 507.00 0.00 2.00 97.31
512.00 497.00 1.00 1.00 109.78
504.00 371.00 1.00 2.00 114.76
135.00 502.00 0.00 3.00 32.50
503.00 494.00 1.00 1.00 68.93
505.00 308.00 0.00 1.00 139.93
491.00 382.00 0.00 5.00 39.45
499.00 512.00 0.00 4.00 95.75
516.00 509.00 1.00 2.00 154.20
23.00 497.00 1.00 3.00 140.05
221.00 498.00 1.00 4.00 116.35
511.00 307.00 0.00 3.00 115.46
497.00 486.00 1.00 5.00 193.61
500.00 508.00 1.00 1.00 185.77
99.00 514.00 1.00 3.00 189.37
488.00 406.00 1.00 1.00 125.89
478.00 458.00 1.00 4.00 178.55
480.00 506.00 0.00 4.00 34.94
437.00 208.00 0.00 3.00 74.56
475.00 502.00 1.00 1.00 64.05
514.00 243.00 0.00 1.00 67.92
488.00 501.00 0.00 1.00 90.56
90.00 494.00 0.00 2.00 98.73
376.00 493.00 1.00 3.00 143.61
494.00 486.00 0.00 5.00 171.56
501.00 425.00 1.00 5.00 178.87
102.00 492.00 1.00 2.00 147.14
283.00 179.00 1.00 2.00 178.39
508.00 323.00 0.00 5.00 197.75
514.00 302.00 0.00 4.00 173.40
494.00 489.00 0.00 4.00 163.05
211.00 108.00 0.00 5.00 160.67
502.00 267.00 0.00 5.00 43.95
371.00 500.00 0.00 2.00 128.37
499.00 203.00 1.00 3.00 145.87
414.00 509.00 1.00 2.00 84.40
500.00 508.00 1.00 1.00 75.61
500.00 508.00 0.00 2.00 184.62
150.00 488.00 0.00 4.00 141.24
275.00 410.00 0.00 3.00 45.66
501.00 493.00 0.00 3.00 104.26
389.00 508.00 1.00 5.00 35.78
512.00 33.00 1.00 3.00 146.71
504.00 515.00 1.00 1.00 67.97
193.00 495.00 0.00 1.00 87.11
517.00 500.00 0.00 1.00 145.67
222.00 495.00 0.00 5.00 74.53
498.00 267.00 1.00 5.00 106.55
331.00 360.00 0.00 3.00 118.01
83.00 68.00 0.00 1.00 141.78
511.00 497.00 1.00 4.00 73.58
491.00 258.00 1.00 1.00 142.76
512.00 83.00 0.00 1.00 134.15
361.00 128.00 1.00 2.00 163.97
495.00 503.00 0.00 5.00 105.72
168.00 188.00 1.00 2.00 105.74
492.00 497.00 1.00 1.00 54.16
38.00 220.00 0.00 4.00 161.43
313.00 370.00 0.00 1.00 127.17
512.00 318.00 0.00 2.00 128.01
114.00 510.00 1.00 5.00 170.56
310.00 512.00 0.00 4.00 58.85
425.00 58.00 0.00 3.00 153.92
206.00 345.00 1.00 5.00 138.46
499.00 60.00 1.00 5.00 190.24
182.00 512.00 0.00 4.00 60.15
501.00 513.00 0.00 4.00 136.58
498.00 490.00 0.00 2.00 93.15
508.00 126.00 0.00 4.00 59.56
8.00 503.00 1.00 4.00 77.92
500.00 492.00 1.00 4.00 126.30
516.00 509.00 0.00 3.00 83.49
498.00 492.00 1.00 2.00 191.28
494.00 511.00 1.00 4.00 82.80
490.00 512.00 1.00 2.00 120.50
315.00 516.00 0.00 2.00 195.22
494.00 130.00 1.00 1.00 58.13
66.00 515.00 1.00 2.00 127.36
5.00 504.00 0.00 4.00 143.19
507.00 272.00 1.00 4.00 110.40
266.00 517.00 0.00 1.00 134.40
513.00 441.00 1.00 1.00 153.39
78.00 318.00 1.00 3.00 190.01
389.00 502.00 1.00 2.00 49.75
492.00 513.00 0.00 5.00 85.01
514.00 458.00 0.00 4.00 187.17
509.00 504.00 1.00 3.00 37.53
142.00 489.00 0.00 2.00 177.97
496.00 193.00 1.00 1.00 37.76
517.00 496.00 0.00 1.00 69.88
340.00 479.00 0.00 4.00 45.03
301.00 82.00 1.00 5.00 147.82
433.00 504.00 0.00 4.00 186.56
505.00 511.00 0.00 5.00 99.74
513.00 486.00 0.00 5.00 181.98
443.00 343.00 1.00 3.00 85.05
277.00 116.00 1.00 2.00 64.87
0.00 513.00 1.00 1.00 139.03
120.00 144.00 0.00 4.00 143.55
506.00 355.00 0.00 3.00 160.75
500.00 512.00 1.00 1.00 91.46
136.00 511.00 1.00 5.00 176.26
354.00 509.00 0.00 3.00 177.18
79.00 500.00 0.00 2.00 33.90
511.00 490.00 1.00 3.00 157.50
228.00 506.00 0.00 1.00 122.71
430.00 507.00 1.00 1.00 69.65
509.00 488.00 1.00 4.00 75.06
491.00 500.00 1.00 1.00 57.02
510.00 170.00 1.00 1.00 81.12
143.00 319.00 1.00 3.00 108.30
174.00 492.00 0.00 4.00 44.99
331.00 237.00 0.00 4.00 152.33
182.00 495.00 1.00 5.00 74.16
507.00 489.00 1.00 2.00 60.88
502.00 512.00 0.00 5.00 160.63
511.00 502.00 1.00 1.00 126.42
114.00 364.00 1.00 2.00 39.06
509.00 497.00 0.00 2.00 96.69
508.00 488.00 1.00 5.00 134.88
322.00 497.00 1.00 1.00 42.41
10.00 508.00 0.00 4.00 78.84
106.00 139.00 0.00 2.00 66.84
213.00 496.00 1.00 2.00 192.82
162.00 220.00 1.00 2.00 198.90
464.00 486.00 1.00 4.00 40.19
493.00 32.00 1.00 2.00 125.40
494.00 466.00 0.00 2.00 105.99
227.00 489.00 0.00 5.00 152.58
339.00 442.00 1.00 2.00 194.31
512.00 189.00 1.00 4.00 31.57
486.00 105.00 0.00 1.00 122.93
506.00 517.00 1.00 3.00 196.74
515.00 505.00 1.00 5.00 61.13
505.00 477.00 1.00 5.00 175.87
512.00 498.00 1.00 5.00 127.26
499.00 487.00 1.00 4.00 165.82
219.00 516.00 1.00 4.00 111.89
506.00 407.00 1.00 3.00 162.14
505.00 22.00 0.00 4.00 122.23
250.00 305.00 1.00 4.00 122.15
327.00 507.00 0.00 4.00 166.66
422.00 194.00 1.00 1.00 161.41
505.00 267.00 1.00 4.00 164.14
266.00 46.00 0.00 5.00 193.56
491.00 504.00 1.00 1.00 58.98
501.00 516.00 1.00 4.00 41.55
504.00 517.00 0.00 1.00 63.91
502.00 516.00 0.00 2.00 194.46
39.00 492.00 1.00 4.00 164.73
515.00 344.00 1.00 1.00 99.20
302.00 472.00 0.00 3.00 66.30
506.00 0.00 0.00 4.00 153.89
27.00 507.00 1.00 5.00 64.58
455.00 207.00 1.00 5.00 31.73
501.00 435.00 1.00 1.00 122.92
510.00 499.00 1.00 4.00 78.75
490.00 310.00 0.00 2.00 163.92
511.00 366.00 1.00 1.00 76.43
267.00 479.00 1.00 1.00 189.89
102.00 499.00 0.00 2.00 193.66
492.00 389.00 0.00 2.00 138.87
497.00 4.00 0.00 1.00 147.62
485.00 410.00 1.00 3.00 128.77
498.00 510.00 0.00 1.00 30.83
388.00 515.00 1.00 5.00 185.83
259.00 10.00 0.00 2.00 86.47
254.00 131.00 0.00 1.00 73.22
112.00 148.00 0.00 1.00 199.74
307.00 486.00 0.00 5.00 30.98
119.00 507.00 0.00 4.00 114.75
118.00 497.00 0.00 5.00 31.51
512.00 307.00 0.00 4.00 37.14
488.00 508.00 0.00 4.00 183.75
517.00 422.00 1.00 1.00 63.44
45.00 2.00 1.00 5.00 186.16
493.00 504.00 0.00 2.00 164.54
508.00 127.00 0.00 2.00 102.76
511.00 487.00 1.00 5.00 150.59
401.00 513.00 0.00 2.00 162.70
490.00 127.00 0.00 5.00 151.88
232.00 491.00 1.00 1.00 139.70
49.00 505.00 1.00 3.00 65.84
512.00 434.00 0.00 5.00 189.50
88.00 517.00 1.00 5.00 95.90
383.00 516.00 0.00 5.00 154.27
503.00 152.00 0.00 2.00 39.62
489.00 499.00 0.00 3.00 117.39
497.00 259.00 1.00 5.00 151.86
328.00 515.00 0.00 2.00 140.49
497.00 141.00 0.00 5.00 161.98
491.00 192.00 0.00 2.00 166.01
490.00 507.00 0.00 4.00 70.26
492.00 511.00 1.00 4.00 80.62
172.00 155.00 1.00 2.00 97.13
504.00 511.00 1.00 1.00 32.14
375.00 487.00 0.00 4.00 134.47
488.00 516.00 0.00 2.00 129.42
310.00 509.00 1.00 1.00 148.19
492.00 261.00 1.00 1.00 137.57
508.00 46.00 1.00 3.00 135.91
489.00 301.00 0.00 4.00 103.11
489.00 503.00 1.00 2.00 52.46
486.00 412.00 1.00 5.00 105.32
497.00 511.00 0.00 5.00 93.40
102.00 506.00 0.00 4.00 58.11
517.00 490.00 1.00 1.00 192.06
249.00 500.00 1.00 5.00 126.71
103.00 77.00 1.00 2.00 38.15
489.00 513.00 1.00 5.00 106.14
499.00 489.00 1.00 4.00 63.07
517.00 286.00 0.00 2.00 190.48
509.00 499.00 1.00 3.00 65.52
158.00 315.00 1.00 3.00 91.00
130.00 99.00 1.00 2.00 192.29
359.00 27.00 0.00 2.00 155.11
51.00 358.00 0.00 3.00 199.10
501.00 2.00 1.00 5.00 185.38
381.00 317.00 0.00 4.00 171.05
185.00 487.00 0.00 5.00 196.64
495.00 342.00 0.00 3.00 189.85
511.00 145.00 1.00 5.00 46.18
515.00 490.00 0.00 2.00 148.69
8.00 493.00 0.00 2.00 81.94
510.00 399.00 1.00 1.00 43.83
58.00 123.00 0.00 3.00 168.22
513.00 496.00 1.00 5.00 73.64
500.00 506.00 1.00 5.00 131.51
380.00 489.00 1.00 5.00 143.62
502.00 143.00 0.00 3.00 134.85
465.00 256.00 1.00 2.00 82.96
150.00 505.00 0.00 1.00 100.68
360.00 509.00 1.00 1.00 110.67
395.00 488.00 0.00 3.00 140.18
274.00 174.00 1.00 3.00 66.55
503.00 147.00 0.00 4.00 151.83
500.00 513.00 0.00 2.00 118.17
493.00 405.00 1.00 3.00 153.59
507.00 501.00 0.00 4.00 174.94
240.00 496.00 0.00 5.00 148.58
393.00 34.00 0.00 2.00 130.08
515.00 166.00 1.00 5.00 143.66
490.00 510.00 1.00 4.00 90.68
63.00 500.00 0.00 3.00 112.57
496.00 314.00 0.00 5.00 116.51
93.00 517.00 1.00 4.00 169.12
138.00 505.00 0.00 1.00 76.65
268.00 504.00 0.00 3.00 184.94
439.00 215.00 0.00 3.00 136.25
493.00 223.00 0.00 5.00 138.94
489.00 512.00 1.00 2.00 77.85
342.00 514.00 0.00 5.00 72.22
495.00 126.00 1.00 4.00 121.33
511.00 311.00 1.00 1.00 137.51
186.00 430.00 1.00 4.00 137.22
94.00 489.00 1.00 5.00 95.00
516.00 492.00 1.00 3.00 158.66
323.00 515.00 1.00 2.00 71.80
313.00 511.00 1.00 4.00 195.69
19.00 52.00 1.00 3.00 179.82
498.00 507.00 0.00 1.00 142.00
500.00 63.00 0.00 1.00 41.37
196.00 94.00 1.00 3.00 65.03
287.00 106.00 1.00 3.00 89.02
495.00 502.00 0.00 3.00 109.04
508.00 308.00 0.00 1.00 58.04
265.00 510.00 0.00 4.00 33.15
28.00 158.00 0.00 3.00 96.83
185.00 178.00 1.00 5.00 118.50
268.00 326.00 0.00 3.00 163.72
211.00 489.00 0.00 1.00 139.31
498.00 510.00 1.00 5.00 185.72
393.00 500.00 1.00 2.00 41.44
504.00 363.00 1.00 5.00 58.76
513.00 296.00 0.00 2.00 160.67
505.00 497.00 1.00 5.00 189.93
499.00 506.00 0.00 2.00 187.92
482.00 96.00 0.00 1.00 61.22
361.00 96.00 0.00 2.00 104.70
158.00 399.00 0.00 4.00 183.40
513.00 288.00 1.00 1.00 199.18
487.00 74.00 1.00 3.00 87.46
455.00 146.00 0.00 1.00 58.42
318.00 182.00 0.00 1.00 156.74
503.00 396.00 0.00 1.00 32.52
206.00 510.00 1.00 1.00 158.56
91.00 499.00 1.00 2.00 123.88
506.00 497.00 1.00 1.00 64.64
496.00 487.00 1.00 5.00 41.16
434.00 358.00 0.00 3.00 168.21
512.00 493.00 0.00 2.00 128.80
306.00 162.00 1.00 1.00 179.50
505.00 495.00 0.00 1.00 92.39
240.00 507.00 1.00 5.00 168.67
332.00 486.00 1.00 3.00 188.50
507.00 512.00 0.00 1.00 128.25
499.00 365.00 0.00 5.00 172.00
504.00 487.00 1.00 5.00 85.14
183.00 327.00 1.00 4.00 64.39
13.00 503.00 1.00 3.00 145.31
292.00 72.00 0.00 1.00 194.36
469.00 476.00 1.00 4.00 62.42
228.00 420.00 1.00 5.00 101.95
487.00 496.00 1.00 1.00 135.25
325.00 128.00 0.00 2.00 196.82
254.00 502.00 1.00 3.00 190.53
505.00 382.00 1.00 4.00 125.88
501.00 505.00 0.00 1.00 173.15
33.00 505.00 1.00 2.00 42.58
237.00 109.00 0.00 1.00 180.59
455.00 496.00 0.00 1.00 188.36
217.00 402.00 1.00 3.00 116.80
59.00 509.00 0.00 5.00 97.60
517.00 487.00 1.00 3.00 136.78
498.00 486.00 1.00 4.00 161.74
492.00 450.00 1.00 2.00 184.16
494.00 514.00 1.00 2.00 63.96
515.00 492.00 0.00 1.00 79.27
508.00 517.00 0.00 3.00 96.66
495.00 510.00 0.00 3.00 131.26
497.00 440.00 1.00 5.00 185.58
180.00 342.00 0.00 3.00 64.27
52.00 401.00 1.00 2.00 66.62
512.00 497.00 1.00 5.00 188.11
506.00 496.00 1.00 5.00 92.69
496.00 509.00 0.00 1.00 69.04
344.00 195.00 1.00 1.00 31.81
499.00 174.00 0.00 2.00 128.59
503.00 193.00 1.00 4.00 168.35
387.00 264.00 1.00 5.00 140.49
428.00 508.00 1.00 4.00 86.93
130.00 488.00 1.00 2.00 55.64
508.00 488.00 1.00 5.00 137.58
412.00 271.00 0.00 5.00 147.32
508.00 309.00 0.00 4.00 47.29
508.00 501.00 0.00 2.00 149.24
509.00 370.00 0.00 4.00 33.53
371.00 491.00 1.00 4.00 158.57
514.00 505.00 1.00 1.00 110.60
276.00 79.00 1.00 4.00 118.61
220.00 506.00 0.00 2.00 176.24
212.00 489.00 1.00 4.00 76.21
316.00 505.00 1.00 1.00 188.28
225.00 269.00 0.00 5.00 131.19
491.00 381.00 1.00 4.00 62.60
366.00 95.00 1.00 2.00 43.83
433.00 226.00 1.00 2.00 133.16
455.00 517.00 0.00 1.00 96.48
267.00 495.00 0.00 4.00 125.49
508.00 429.00 1.00 5.00 123.33
488.00 210.00 0.00 2.00 103.10
502.00 437.00 1.00 3.00 165.63
76.00 121.00 1.00 1.00 50.13
515.00 498.00 0.00 5.00 188.12
385.00 94.00 1.00 4.00 93.29
496.00 517.00 0.00 3.00 114.63
302.00 354.00 1.00 4.00 33.25
78.00 472.00 0.00 5.00 55.14
422.00 513.00 0.00 4.00 129.03
396.00 516.00 1.00 5.00 69.01
123.00 487.00 0.00 5.00 33.84
494.00 513.00 0.00 1.00 145.63
497.00 162.00 1.00 5.00 158.05
505.00 514.00 0.00 5.00 54.74
442.00 108.00 0.00 3.00 64.26
488.00 514.00 0.00 5.00 62.40
512.00 276.00 0.00 4.00 194.82
498.00 502.00 1.00 1.00 182.25
498.00 451.00 0.00 4.00 114.24
252.00 492.00 1.00 3.00 82.69
516.00 409.00 0.00 4.00 133.26
492.00 124.00 1.00 3.00 37.62
516.00 407.00 1.00 4.00 164.21
82.00 501.00 0.00 5.00 164.07
507.00 497.00 1.00 4.00 138.00
497.00 414.00 0.00 4.00 61.15
361.00 25.00 0.00 1.00 152.18
491.00 312.00 1.00 4.00 64.34
447.00 23.00 0.00 4.00 121.86
194.00 507.00 0.00 1.00 115.78
505.00 487.00 1.00 3.00 51.04
494.00 85.00 1.00 2.00 162.85
487.00 510.00 1.00 4.00 83.22
246.00 497.00 0.00 3.00 166.10
238.00 495.00 1.00 3.00 90.33
74.00 505.00 1.00 3.00 129.56
150.00 512.00 0.00 4.00 135.93
439.00 75.00 1.00 4.00 79.32
130.00 19.00 1.00 2.00 158.36
500.00 292.00 1.00 5.00 52.32
490.00 510.00 0.00 5.00 119.31
490.00 505.00 1.00 3.00 171.20
502.00 512.00 0.00 2.00 119.12
487.00 492.00 0.00 2.00 150.93
490.00 507.00 0.00 3.00 142.14
136.00 511.00 0.00 3.00 197.35
495.00 510.00 1.00 5.00 184.90
485.00 500.00 0.00 4.00 72.08
488.00 502.00 0.00 2.00 50.59
340.00 489.00 1.00 4.00 137.02
52.00 513.00 0.00 1.00 60.79
497.00 140.00 0.00 5.00 112.90
510.00 502.00 0.00 2.00 175.95
508.00 514.00 0.00 1.00 118.36
421.00 494.00 1.00 1.00 177.98
150.00 444.00 1.00 1.00 177.92
437.00 507.00 0.00 5.00 195.09
366.00 388.00 1.00 2.00 90.77
95.00 510.00 0.00 1.00 44.18
499.00 185.00 0.00 5.00 121.17
508.00 418.00 0.00 3.00 96.61
490.00 326.00 0.00 4.00 179.94
501.00 123.00 1.00 2.00 33.84
92.00 410.00 0.00 4.00 123.75
436.00 515.00 0.00 5.00 61.79
244.00 493.00 0.00 3.00 81.39
497.00 514.00 0.00 5.00 46.83
79.00 354.00 1.00 2.00 119.92
510.00 495.00 0.00 4.00 137.03
409.00 140.00 1.00 5.00 176.10
489.00 307.00 0.00 2.00 142.07
517.00 509.00 0.00 5.00 134.24
491.00 516.00 0.00 4.00 134.54
491.00 502.00 1.00 2.00 56.82
508.00 502.00 0.00 5.00 180.64
486.00 297.00 1.00 1.00 113.65
509.00 494.00 0.00 1.00 34.37
437.00 408.00 1.00 4.00 36.76
386.00 517.00 0.00 2.00 45.80
139.00 509.00 1.00 2.00 136.22
196.00 335.00 1.00 4.00 78.45
510.00 434.00 0.00 5.00 125.69
495.00 486.00 1.00 2.00 46.05
486.00 202.00 0.00 4.00 150.77
188.00 492.00 1.00 4.00 138.03
130.00 21.00 0.00 5.00 62.12
497.00 491.00 0.00 4.00 181.31
114.00 24.00 1.00 5.00 181.95
517.00 489.00 0.00 2.00 78.38
506.00 30.00 0.00 3.00 76.98
487.00 502.00 0.00 1.00 122.62
515.00 372.00 1.00 1.00 33.59
196.00 517.00 0.00 3.00 35.06
501.00 513.00 0.00 4.00 120.11
430.00 23.00 0.00 2.00 52.10
507.00 239.00 0.00 3.00 105.64
515.00 381.00 1.00 2.00 169.88
472.00 271.00 1.00 4.00 118.22
223.00 501.00 1.00 2.00 195.52
500.00 455.00 0.00 2.00 71.74
496.00 473.00 0.00 5.00 77.08
494.00 362.00 1.00 5.00 120.92
501.00 117.00 0.00 4.00 190.74
440.00 505.00 1.00 1.00 55.22
423.00 501.00 1.00 4.00 179.34
503.00 161.00 0.00 3.00 61.95
507.00 496.00 0.00 2.00 72.06
198.00 504.00 1.00 1.00 170.78
495.00 507.00 0.00 1.00 39.31
497.00 506.00 0.00 2.00 177.03
260.00 514.00 1.00 2.00 77.09
498.00 508.00 1.00 3.00 102.82
382.00 504.00 1.00 5.00 87.50
481.00 463.00 1.00 2.00 158.50
483.00 236.00 0.00 5.00 127.13
165.00 82.00 1.00 4.00 152.99
361.00 493.00 0.00 1.00 117.89
494.00 503.00 1.00 2.00 61.36
104.00 514.00 0.00 5.00 163.96
498.00 487.00 1.00 1.00 135.60
509.00 418.00 0.00 3.00 134.53
488.00 348.00 0.00 4.00 189.66
183.00 195.00 1.00 3.00 136.42
509.00 504.00 0.00 4.00 82.32
512.00 118.00 1.00 3.00 83.26
498.00 486.00 1.00 3.00 84.02
502.00 497.00 1.00 2.00 101.39
492.00 74.00 0.00 3.00 124.15
427.00 144.00 1.00 4.00 43.65
503.00 12.00 1.00 1.00 37.16
374.00 208.00 0.00 5.00 46.98
443.00 499.00 0.00 3.00 173.18
14.00 417.00 0.00 2.00 103.44
498.00 288.00 0.00 5.00 75.42
506.00 501.00 1.00 2.00 46.53
502.00 67.00 1.00 5.00 126.60
380.00 161.00 1.00 1.00 145.62
494.00 213.00 1.00 4.00 198.37
486.00 513.00 1.00 2.00 92.71
158.00 82.00 0.00 3.00 129.13
496.00 28.00 0.00 5.00 92.21
198.00 242.00 0.00 5.00 140.73
240.00 488.00 0.00 3.00 124.73
512.00 492.00 0.00 3.00 56.60
191.00 488.00 0.00 2.00 66.33
503.00 501.00 1.00 4.00 115.20
184.00 412.00 0.00 3.00 94.13
377.00 237.00 0.00 1.00 84.38
355.00 438.00 0.00 5.00 82.16
205.00 374.00 1.00 5.00 158.71
496.00 487.00 1.00 3.00 145.29
182.00 501.00 1.00 4.00 193.01
487.00 193.00 1.00 3.00 131.87
487.00 516.00 0.00 2.00 115.55
338.00 502.00 1.00 3.00 73.38
508.00 486.00 1.00 1.00 41.27
47.00 71.00 1.00 4.00 183.05
204.00 49.00 0.00 1.00 199.42
492.00 514.00 1.00 5.00 162.82
504.00 498.00 0.00 1.00 73.22
239.00 509.00 1.00 5.00 109.79
505.00 516.00 0.00 3.00 141.24
381.00 466.00 1.00 1.00 46.99
496.00 490.00 0.00 4.00 58.64
506.00 6.00 0.00 4.00 71.01
23.00 492.00 1.00 1.00 35.59
297.00 515.00 0.00 4.00 158.55
248.00 144.00 0.00 4.00 36.60
503.00 173.00 1.00 4.00 84.06
374.00 493.00 0.00 1.00 153.02
494.00 499.00 0.00 4.00 77.79
413.00 442.00 1.00 5.00 197.89
62.00 329.00 0.00 3.00 95.84
489.00 329.00 0.00 1.00 142.06
185.00 341.00 1.00 1.00 71.67
491.00 517.00 1.00 5.00 177.92
499.00 492.00 1.00 5.00 44.24
488.00 45.00 0.00 2.00 186.13
499.00 493.00 0.00 2.00 107.22
506.00 492.00 0.00 2.00 197.27
499.00 502.00 0.00 4.00 132.11
489.00 142.00 1.00 5.00 195.88
515.00 19.00 1.00 2.00 171.60
516.00 265.00 0.00 2.00 199.76
489.00 44.00 0.00 4.00 117.94
252.00 468.00 0.00 4.00 112.28
241.00 305.00 1.00 5.00 127.21
512.00 498.00 1.00 3.00 63.37
391.00 416.00 1.00 3.00 155.86
507.00 500.00 1.00 1.00 188.36
514.00 508.00 0.00 4.00 101.20
512.00 412.00 1.00 3.00 197.67
497.00 510.00 0.00 5.00 57.87
514.00 487.00 0.00 3.00 180.00
364.00 435.00 1.00 1.00 185.22
388.00 170.00 0.00 3.00 66.78
251.00 502.00 1.00 5.00 67.21
258.00 77.00 0.00 1.00 170.76
499.00 232.00 0.00 5.00 72.86
31.00 324.00 0.00 3.00 30.16
513.00 450.00 1.00 4.00 57.83
145.00 514.00 1.00 1.00 76.45
486.00 295.00 1.00 5.00 130.03
98.00 318.00 0.00 5.00 104.48
21.00 341.00 1.00 2.00 72.64
504.00 89.00 0.00 4.00 114.89
502.00 515.00 0.00 1.00 124.32
498.00 469.00 0.00 2.00 146.46
32.00 443.00 1.00 5.00 83.19
513.00 497.00 0.00 5.00 168.27
514.00 489.00 0.00 2.00 123.80
259.00 194.00 1.00 2.00 141.61
452.00 502.00 0.00 5.00 47.57
373.00 170.00 1.00 4.00 85.57
486.00 503.00 1.00 5.00 194.40
42.00 454.00 0.00 3.00 61.81
491.00 231.00 0.00 5.00 185.85
496.00 491.00 0.00 4.00 118.82
138.00 72.00 1.00 5.00 37.34
487.00 517.00 0.00 2.00 141.02
497.00 517.00 1.00 3.00 74.14
158.00 461.00 1.00 1.00 145.94
491.00 512.00 1.00 3.00 181.42
169.00 126.00 1.00 1.00 77.27
498.00 517.00 0.00 4.00 161.28
70.00 1.00 1.00 3.00 166.01
138.00 328.00 1.00 1.00 94.15
342.00 509.00 0.00 3.00 197.73
165.00 490.00 1.00 2.00 67.87
510.00 493.00 0.00 2.00 44.11
163.00 516.00 1.00 3.00 105.02
475.00 48.00 1.00 1.00 192.42
167.00 13.00 0.00 5.00 50.14
103.00 388.00 1.00 4.00 184.23
488.00 497.00 0.00 2.00 64.32
406.00 508.00 1.00 4.00 47.28
513.00 505.00 1.00 5.00 141.55
211.00 256.00 0.00 3.00 140.52
13.00 491.00 0.00 4.00 40.09
507.00 461.00 1.00 4.00 164.31
168.00 252.00 1.00 5.00 199.18
502.00 480.00 1.00 1.00 37.89
508.00 102.00 0.00 5.00 65.21
149.00 493.00 0.00 4.00 40.17
99.00 516.00 1.00 2.00 171.89
40.00 345.00 0.00 2.00 49.87
508.00 408.00 1.00 3.00 149.39
509.00 493.00 1.00 5.00 138.80
491.00 375.00 1.00 2.00 173.15
517.00 362.00 1.00 3.00 125.90
452.00 202.00 1.00 4.00 123.23
354.00 504.00 1.00 1.00 45.19
488.00 150.00 1.00 2.00 190.49
60.00 112.00 0.00 2.00 60.31
24.00 501.00 0.00 5.00 124.41
494.00 484.00 0.00 3.00 165.27
511.00 500.00 0.00 5.00 151.64
490.00 90.00 1.00 3.00 153.87
490.00 336.00 0.00 3.00 50.90
167.00 516.00 0.00 3.00 150.44
514.00 373.00 1.00 1.00 85.64
134.00 220.00 0.00 1.00 105.64
496.00 507.00 0.00 3.00 196.13
508.00 503.00 0.00 3.00 176.10
170.00 513.00 0.00 1.00 65.02
323.00 517.00 0.00 4.00 62.89
406.00 9.00 0.00 4.00 147.09
429.00 202.00 1.00 4.00 31.27
512.00 406.00 0.00 3.00 198.67
426.00 92.00 1.00 3.00 57.46
341.00 499.00 0.00 3.00 168.02
513.00 490.00 0.00 2.00 57.66
90.00 72.00 1.00 5.00 67.68
354.00 151.00 0.00 5.00 63.50
287.00 508.00 0.00 3.00 110.91
279.00 387.00 1.00 2.00 126.40
97.00 507.00 0.00 3.00 130.60
7.00 487.00 1.00 4.00 178.92
503.00 243.00 0.00 1.00 180.34
136.00 495.00 0.00 1.00 80.29
466.00 506.00 0.00 1.00 66.35
385.00 499.00 1.00 1.00 106.35
516.00 501.00 0.00 4.00 41.63
464.00 490.00 1.00 4.00 177.15
505.00 510.00 0.00 5.00 95.68
302.00 374.00 0.00 2.00 73.29
172.00 486.00 0.00 2.00 36.18
370.00 508.00 0.00 5.00 183.32
315.00 501.00 0.00 3.00 92.13
494.00 505.00 1.00 4.00 164.13
496.00 502.00 1.00 4.00 84.57
41.00 495.00 0.00 2.00 145.72
104.00 155.00 1.00 4.00 122.72
505.00 453.00 1.00 5.00 117.60
497.00 517.00 0.00 5.00 48.65
511.00 498.00 1.00 3.00 95.43
494.00 327.00 1.00 5.00 173.73
493.00 284.00 0.00 1.00 93.41
441.00 499.00 0.00 3.00 139.26
457.00 40.00 1.00 3.00 104.75
506.00 206.00 1.00 4.00 122.69
363.00 495.00 0.00 3.00 126.40
495.00 507.00 1.00 3.00 134.08
77.00 515.00 0.00 5.00 73.11
516.00 508.00 1.00 4.00 195.86
224.00 132.00 0.00 2.00 92.30
247.00 499.00 1.00 2.00 153.76
504.00 493.00 0.00 2.00 37.15
510.00 200.00 1.00 3.00 139.67
497.00 433.00 1.00 4.00 88.22
488.00 516.00 0.00 3.00 189.96
488.00 316.00 1.00 5.00 127.38
108.00 516.00 0.00 3.00 139.64
495.00 486.00 0.00 2.00 68.78
503.00 279.00 0.00 3.00 80.96
489.00 517.00 0.00 2.00 75.79
78.00 502.00 0.00 3.00 42.14
156.00 448.00 1.00 4.00 156.44
464.00 103.00 1.00 4.00 137.43
492.00 149.00 1.00 5.00 175.71
454.00 504.00 0.00 4.00 117.49
275.00 501.00 0.00 3.00 102.25
506.00 166.00 1.00 1.00 67.05
396.00 501.00 1.00 3.00 139.39
487.00 139.00 0.00 5.00 188.83
512.00 517.00 0.00 4.00 89.94
489.00 505.00 1.00 2.00 146.66
495.00 486.00 0.00 1.00 189.18
492.00 497.00 1.00 2.00 100.69
254.00 511.00 1.00 2.00 86.83
475.00 422.00 1.00 5.00 154.72
83.00 290.00 1.00 1.00 90.38
501.00 492.00 0.00 3.00 76.52
303.00 49.00 1.00 4.00 117.36
360.00 393.00 1.00 3.00 158.66
493.00 504.00 0.00 3.00 129.31
312.00 199.00 0.00 2.00 122.49
514.00 509.00 1.00 2.00 48.04
495.00 513.00 0.00 3.00 127.72
273.00 300.00 0.00 3.00 67.88
204.00 498.00 0.00 2.00 63.56
200.00 508.00 0.00 2.00 58.36
503.00 159.00 0.00 2.00 158.25
315.00 199.00 0.00 3.00 93.98
488.00 395.00 0.00 3.00 126.93
489.00 384.00 1.00 4.00 134.42
513.00 239.00 1.00 5.00 174.93
398.00 492.00 1.00 1.00 127.22
222.00 513.00 1.00 4.00 101.35
426.00 513.00 0.00 2.00 73.40
73.00 241.00 1.00 4.00 154.38
382.00 493.00 1.00 1.00 68.25
500.00 517.00 0.00 5.00 141.77
507.00 500.00 1.00 5.00 42.50
492.00 511.00 1.00 3.00 139.50
502.00 516.00 1.00 1.00 102.86
91.00 81.00 1.00 1.00 90.28
418.00 22.00 0.00 2.00 189.45
262.00 511.00 0.00 5.00 141.35
501.00 496.00 1.00 1.00 148.62
121.00 514.00 1.00 5.00 40.82
201.00 509.00 1.00 5.00 79.91
116.00 491.00 0.00 3.00 149.83
505.00 500.00 0.00 2.00 118.66
491.00 505.00 1.00 5.00 185.27
245.00 503.00 0.00 1.00 166.18
260.00 283.00 0.00 1.00 113.46
489.00 495.00 1.00 3.00 142.11
430.00 275.00 0.00 1.00 170.49
513.00 244.00 0.00 2.00 165.60
504.00 362.00 0.00 5.00 182.68
490.00 45.00 0.00 5.00 167.45
446.00 316.00 1.00 1.00 62.27
475.00 376.00 1.00 1.00 151.84
296.00 463.00 0.00 4.00 53.01
97.00 44.00 1.00 2.00 79.30
500.00 397.00 0.00 2.00 126.30
504.00 498.00 0.00 4.00 176.05
455.00 299.00 0.00 2.00 157.50
513.00 334.00 0.00 2.00 97.05
392.00 495.00 1.00 1.00 199.89
491.00 501.00 1.00 4.00 47.88
69.00 372.00 1.00 2.00 37.58
182.00 516.00 1.00 5.00 94.72
368.00 490.00 0.00 1.00 131.57
504.00 490.00 1.00 4.00 46.64
184.00 513.00 1.00 5.00 179.35
10.00 166.00 1.00 4.00 133.17
511.00 99.00 1.00 1.00 193.19
90.00 157.00 1.00 5.00 54.38
509.00 48.00 1.00 1.00 170.85
503.00 373.00 0.00 1.00 30.65
454.00 503.00 1.00 5.00 170.71
508.00 496.00 0.00 2.00 121.51
488.00 369.00 0.00 4.00 138.90
504.00 501.00 0.00 2.00 95.39
415.00 229.00 1.00 4.00 44.65
516.00 494.00 0.00 3.00 164.28
354.00 492.00 1.00 2.00 59.25
83.00 278.00 1.00 5.00 45.95
480.00 512.00 0.00 4.00 190.75
133.00 490.00 0.00 2.00 36.79
513.00 384.00 1.00 4.00 184.52
305.00 225.00 1.00 5.00 165.51
490.00 508.00 1.00 3.00 153.75
494.00 506.00 1.00 3.00 120.02
471.00 488.00 1.00 3.00 90.82
422.00 479.00 1.00 5.00 194.62
48.00 497.00 0.00 2.00 35.25
113.00 494.00 0.00 2.00 153.50
494.00 513.00 1.00 4.00 184.67
223.00 304.00 1.00 1.00 73.29
38.00 64.00 0.00 1.00 104.02
320.00 488.00 0.00 5.00 127.63
171.00 117.00 1.00 1.00 195.70
489.00 271.00 0.00 3.00 49.65
496.00 491.00 1.00 1.00 151.55
205.00 337.00 0.00 3.00 35.41
500.00 182.00 1.00 1.00 176.27
358.00 121.00 0.00 2.00 179.01
510.00 276.00 1.00 5.00 160.21
505.00 489.00 1.00 1.00 56.01
250.00 273.00 1.00 1.00 155.75
512.00 517.00 1.00 2.00 89.26
488.00 471.00 0.00 1.00 56.04
509.00 497.00 1.00 5.00 196.84
497.00 507.00 1.00 2.00 103.03
363.00 506.00 0.00 2.00 88.99
496.00 516.00 1.00 5.00 105.37
162.00 381.00 0.00 5.00 160.53
104.00 391.00 1.00 3.00 178.57
505.00 491.00 0.00 2.00 70.02
436.00 491.00 0.00 4.00 134.12
517.00 243.00 1.00 4.00 104.74
294.00 461.00 0.00 4.00 132.32
515.00 505.00 1.00 4.00 73.19
383.00 443.00 1.00 3.00 170.71
83.00 97.00 1.00 1.00 101.33
368.00 490.00 0.00 1.00 168.15
489.00 495.00 0.00 3.00 59.88
190.00 315.00 0.00 4.00 187.63
498.00 10.00 0.00 4.00 102.94
115.00 297.00 1.00 1.00 175.73
231.00 502.00 1.00 2.00 148.06
384.00 71.00 1.00 2.00 140.23
495.00 501.00 0.00 1.00 139.96
494.00 512.00 1.00 1.00 64.64
51.00 510.00 0.00 2.00 197.69
508.00 491.00 0.00 3.00 58.01
76.00 511.00 1.00 4.00 132.84
498.00 343.00 0.00 5.00 86.13
221.00 497.00 1.00 5.00 186.50
310.00 491.00 0.00 5.00 161.69
16.00 495.00 0.00 1.00 94.77
493.00 370.00 1.00 4.00 46.40
383.00 168.00 1.00 4.00 164.06
146.00 181.00 0.00 4.00 88.69
140.00 470.00 0.00 4.00 148.44
499.00 503.00 0.00 3.00 63.23
145.00 500.00 1.00 5.00 98.96
24.00 500.00 0.00 2.00 151.83
36.00 506.00 0.00 4.00 123.80
414.00 496.00 0.00 1.00 137.88
219.00 487.00 0.00 4.00 146.87
517.00 506.00 1.00 3.00 161.43
131.00 67.00 0.00 4.00 95.24
499.00 413.00 0.00 5.00 39.38
70.00 515.00 1.00 1.00 189.14
517.00 491.00 1.00 3.00 164.09
511.00 517.00 1.00 2.00 56.65
504.00 510.00 0.00 3.00 40.05
513.00 493.00 1.00 2.00 136.27
488.00 294.00 1.00 5.00 135.66
504.00 62.00 0.00 3.00 191.73
502.00 514.00 0.00 4.00 36.31
488.00 250.00 0.00 5.00 84.29
15.00 514.00 1.00 3.00 104.90
81.00 402.00 0.00 2.00 191.07
261.00 497.00 1.00 4.00 133.55
506.00 36.00 0.00 1.00 123.86
492.00 395.00 1.00 1.00 67.16
191.00 506.00 0.00 1.00 80.63
192.00 428.00 1.00 4.00 196.34
489.00 315.00 0.00 4.00 95.12
495.00 486.00 1.00 5.00 195.57
374.00 513.00 1.00 5.00 179.37
345.00 118.00 1.00 4.00 156.89
314.00 465.00 1.00 3.00 71.07
154.00 211.00 0.00 4.00 149.52
419.00 489.00 0.00 1.00 105.61
494.00 73.00 0.00 1.00 89.93
488.00 502.00 1.00 5.00 108.16
257.00 43.00 0.00 3.00 70.38
176.00 503.00 0.00 4.00 189.17
386.00 76.00 0.00 4.00 107.39
505.00 496.00 0.00 2.00 100.10
517.00 184.00 0.00 4.00 104.11
124.00 502.00 1.00 1.00 103.84
483.00 85.00 1.00 5.00 79.77
501.00 512.00 1.00 1.00 175.49
299.00 500.00 1.00 2.00 161.73
