19.00 487.00 0.00 5.00 100.32
515.00 102.00 1.00 4.00 146.22
47.00 234.00 0.00 1.00 43.69
492.00 498.00 1.00 5.00 167.78
240.00 203.00 0.00 2.00 145.11
135.00 503.00 1.00 2.00 107.42
157.00 426.00 1.00 5.00 69.55
502.00 11.00 1.00 4.00 92.94
515.00 429.00 0.00 5.00 91.53
101.00 36.00 0.00 1.00 168.81
45.00 256.00 0.00 3.00 189.78
56.00 512.00 1.00 1.00 186.10
76.00 493.00 0.00 4.00 189.44
92.00 497.00 0.00 1.00 148.40
499.00 516.00 0.00 5.00 34.07
199.00 175.00 0.00 2.00 86.37
494.00 504.00 0.00 5.00 155.07
506.00 479.00 1.00 4.00 56.05
495.00 516.00 0.00 1.00 138.14
501.00 90.00 1.00 1.00 138.48
453.00 282.00 1.00 3.00 128.35
512.00 500.00 0.00 2.00 149.82
496.00 223.00 1.00 3.00 55.93
492.00 455.00 0.00 5.00 64.05
139.00 517.00 1.00 4.00 60.12
513.00 502.00 0.00 1.00 41.14
232.00 90.00 0.00 3.00 113.11
490.00 514.00 1.00 2.00 110.73
27.00 512.00 0.00 2.00 77.67
112.00 148.00 1.00 2.00 129.47
37.00 60.00 1.00 2.00 154.09
504.00 270.00 0.00 2.00 163.84
247.00 336.00 0.00 1.00 140.94
222.00 511.00 1.00 3.00 74.23
511.00 327.00 0.00 5.00 182.91
509.00 499.00 0.00 2.00 103.60
191.00 52.00 1.00 5.00 107.26
390.00 146.00 1.00 5.00 82.06
116.00 502.00 1.00 5.00 114.89
82.00 221.00 0.00 3.00 154.66
461.00 514.00 1.00 2.00 43.17
492.00 45.00 0.00 1.00 142.31
490.00 121.00 1.00 5.00 102.61
507.00 120.00 0.00 3.00 109.68
79.00 493.00 0.00 4.00 134.09
490.00 513.00 0.00 1.00 124.23
499.00 122.00 0.00 1.00 42.07
495.00 516.00 0.00 5.00 104.18
505.00 495.00 0.00 1.00 167.51
312.00 494.00 1.00 3.00 36.00
510.00 244.00 1.00 4.00 39.08
488.00 479.00 1.00 5.00 76.82
490.00 449.00 1.00 3.00 129.77
29.00 509.00 0.00 4.00 73.39
146.00 489.00 0.00 4.00 86.36
501.00 491.00 0.00 1.00 83.07
437.00 57.00 0.00 2.00 159.25
500.00 11.00 1.00 5.00 93.90
437.00 509.00 1.00 2.00 69.34
507.00 495.00 0.00 4.00 48.56
166.00 517.00 1.00 5.00 177.39
501.00 96.00 1.00 1.00 91.37
497.00 57.00 1.00 1.00 167.50
444.00 66.00 0.00 2.00 51.62
497.00 514.00 0.00 4.00 159.94
489.00 135.00 1.00 3.00 61.52
433.00 426.00 1.00 5.00 168.76
483.00 498.00 0.00 2.00 30.84
57.00 516.00 1.00 2.00 145.04
313.00 314.00 1.00 1.00 131.98
497.00 36.00 0.00 4.00 88.84
246.00 511.00 0.00 3.00 61.66
105.00 471.00 0.00 2.00 129.69
498.00 493.00 1.00 2.00 66.69
321.00 512.00 1.00 3.00 191.79
487.00 373.00 0.00 4.00 112.01
212.00 304.00 0.00 2.00 96.99
450.00 516.00 1.00 4.00 45.59
266.00 508.00 1.00 3.00 121.62
144.00 517.00 1.00 4.00 42.18
515.00 486.00 1.00 3.00 68.59
455.00 168.00 1.00 3.00 30.62
487.00 513.00 1.00 3.00 143.41
509.00 495.00 0.00 3.00 34.83
3.00 488.00 1.00 1.00 45.42
49.00 508.00 1.00 1.00 172.85
122.00 313.00 0.00 4.00 131.52
510.00 492.00 0.00 4.00 73.59
488.00 43.00 0.00 5.00 38.36
506.00 34.00 1.00 1.00 71.76
343.00 495.00 1.00 5.00 72.53
510.00 24.00 0.00 5.00 185.53
213.00 363.00 0.00 2.00 132.57
205.00 149.00 1.00 2.00 162.68
486.00 513.00 0.00 1.00 79.82
514.00 227.00 1.00 2.00 77.78
429.00 411.00 1.00 1.00 130.35
39.00 353.00 1.00 2.00 52.82
504.00 367.00 0.00 5.00 53.63
488.00 515.00 1.00 3.00 164.54
435.00 490.00 0.00 4.00 57.56
498.00 502.00 1.00 3.00 175.95
490.00 69.00 1.00 2.00 158.85
240.00 486.00 0.00 1.00 51.53
511.00 422.00 0.00 3.00 54.10
352.00 305.00 0.00 2.00 120.42
504.00 516.00 1.00 2.00 180.16
481.00 507.00 0.00 5.00 89.81
196.00 284.00 1.00 1.00 197.39
231.00 36.00 0.00 5.00 146.30
87.00 512.00 0.00 3.00 111.72
480.00 26.00 0.00 5.00 71.25
30.00 486.00 0.00 4.00 50.73
171.00 77.00 0.00 3.00 74.24
505.00 514.00 0.00 5.00 187.66
487.00 502.00 0.00 4.00 138.10
509.00 488.00 0.00 2.00 72.17
493.00 487.00 0.00 3.00 141.02
454.00 516.00 1.00 2.00 108.68
139.00 74.00 1.00 2.00 31.34
494.00 486.00 1.00 5.00 146.30
131.00 2.00 1.00 5.00 83.07
512.00 503.00 1.00 4.00 170.84
339.00 513.00 1.00 1.00 105.63
439.00 260.00 0.00 3.00 85.06
493.00 487.00 1.00 3.00 109.49
505.00 335.00 1.00 5.00 147.37
411.00 393.00 1.00 2.00 41.51
510.00 493.00 1.00 2.00 165.26
67.00 514.00 0.00 1.00 34.45
145.00 510.00 0.00 1.00 154.53
395.00 493.00 1.00 2.00 45.85
510.00 495.00 1.00 1.00 96.97
118.00 31.00 0.00 3.00 156.83
434.00 180.00 1.00 1.00 85.39
506.00 511.00 0.00 3.00 153.27
505.00 392.00 0.00 1.00 102.44
486.00 232.00 1.00 5.00 65.36
515.00 497.00 0.00 4.00 172.98
15.00 515.00 0.00 3.00 59.07
502.00 512.00 0.00 4.00 91.30
504.00 5.00 1.00 1.00 99.00
125.00 318.00 1.00 5.00 109.82
487.00 502.00 0.00 5.00 59.00
398.00 221.00 1.00 5.00 170.30
171.00 496.00 0.00 4.00 89.13
34.00 73.00 0.00 2.00 180.55
493.00 235.00 0.00 5.00 82.68
514.00 503.00 0.00 1.00 110.74
98.00 6.00 1.00 4.00 42.05
445.00 189.00 1.00 4.00 37.27
496.00 515.00 0.00 2.00 175.50
512.00 234.00 0.00 3.00 154.35
337.00 508.00 0.00 5.00 96.80
12.00 103.00 1.00 4.00 178.71
500.00 201.00 0.00 4.00 88.30
492.00 512.00 0.00 1.00 87.74
369.00 159.00 1.00 3.00 155.26
336.00 494.00 1.00 1.00 33.86
500.00 494.00 0.00 4.00 196.97
104.00 264.00 0.00 3.00 45.91
499.00 492.00 0.00 3.00 189.40
500.00 517.00 1.00 2.00 43.55
509.00 516.00 0.00 2.00 185.53
488.00 515.00 1.00 3.00 41.27
406.00 224.00 1.00 4.00 71.05
402.00 513.00 1.00 2.00 80.51
103.00 513.00 0.00 1.00 69.63
501.00 24.00 0.00 1.00 74.18
494.00 236.00 0.00 1.00 86.36
489.00 502.00 1.00 5.00 192.16
497.00 512.00 1.00 4.00 103.98
354.00 446.00 1.00 2.00 171.94
396.00 432.00 1.00 1.00 87.31
416.00 410.00 0.00 5.00 196.25
513.00 507.00 1.00 3.00 41.56
513.00 492.00 0.00 4.00 150.61
516.00 255.00 0.00 2.00 106.79
493.00 229.00 1.00 5.00 149.50
437.00 510.00 0.00 4.00 158.44
274.00 488.00 0.00 4.00 181.87
323.00 510.00 1.00 5.00 171.39
491.00 504.00 0.00 3.00 150.41
20.00 500.00 0.00 5.00 182.85
506.00 495.00 1.00 5.00 115.35
194.00 390.00 1.00 2.00 100.40
508.00 244.00 1.00 4.00 84.88
488.00 83.00 1.00 2.00 67.89
219.00 493.00 1.00 5.00 183.64
206.00 494.00 0.00 5.00 88.81
139.00 423.00 1.00 4.00 184.30
369.00 14.00 0.00 5.00 116.80
497.00 292.00 1.00 1.00 147.73
512.00 506.00 1.00 2.00 74.72
130.00 411.00 0.00 1.00 185.04
513.00 502.00 1.00 4.00 165.99
501.00 7.00 1.00 1.00 123.26
492.00 228.00 0.00 5.00 129.01
488.00 207.00 1.00 2.00 129.57
501.00 435.00 0.00 5.00 74.13
510.00 214.00 0.00 4.00 44.37
494.00 516.00 0.00 4.00 98.55
510.00 442.00 1.00 2.00 76.93
506.00 501.00 1.00 3.00 125.20
38.00 154.00 0.00 1.00 99.86
505.00 500.00 1.00 4.00 132.62
299.00 155.00 1.00 5.00 161.31
145.00 186.00 1.00 1.00 191.72
450.00 499.00 1.00 2.00 72.90
334.00 148.00 1.00 1.00 44.96
41.00 219.00 1.00 5.00 197.06
499.00 261.00 1.00 5.00 160.12
265.00 517.00 1.00 2.00 187.91
492.00 69.00 0.00 3.00 73.23
441.00 92.00 0.00 4.00 124.36
197.00 491.00 0.00 5.00 81.91
278.00 491.00 1.00 1.00 159.73
503.00 137.00 1.00 4.00 74.37
103.00 423.00 1.00 2.00 107.32
508.00 489.00 1.00 3.00 181.95
496.00 141.00 0.00 1.00 162.80
490.00 129.00 1.00 1.00 142.88
495.00 489.00 0.00 3.00 193.06
437.00 506.00 0.00 4.00 48.58
515.00 273.00 1.00 2.00 198.23
493.00 397.00 1.00 5.00 60.33
511.00 505.00 1.00 1.00 59.23
515.00 371.00 0.00 3.00 135.26
442.00 324.00 0.00 5.00 93.01
147.00 507.00 0.00 1.00 124.64
388.00 513.00 1.00 5.00 110.72
509.00 499.00 0.00 2.00 30.35
453.00 498.00 0.00 1.00 67.10
501.00 296.00 1.00 3.00 189.54
355.00 187.00 0.00 3.00 151.53
506.00 489.00 0.00 5.00 97.75
345.00 509.00 1.00 2.00 139.91
477.00 353.00 0.00 4.00 72.72
517.00 501.00 1.00 2.00 104.93
503.00 412.00 0.00 4.00 78.39
444.00 281.00 0.00 2.00 136.83
502.00 296.00 1.00 4.00 45.16
495.00 502.00 0.00 5.00 90.73
495.00 505.00 1.00 1.00 172.15
166.00 39.00 0.00 5.00 191.09
9.00 509.00 1.00 3.00 49.13
496.00 501.00 1.00 5.00 79.29
512.00 489.00 0.00 3.00 115.77
392.00 486.00 1.00 1.00 177.36
498.00 515.00 1.00 4.00 131.84
51.00 517.00 0.00 3.00 160.98
424.00 507.00 0.00 1.00 157.06
517.00 508.00 0.00 4.00 92.44
9.00 504.00 1.00 5.00 193.24
339.00 488.00 0.00 2.00 56.79
495.00 87.00 1.00 2.00 192.90
504.00 471.00 0.00 5.00 71.27
489.00 499.00 1.00 3.00 111.99
437.00 351.00 0.00 4.00 149.41
486.00 420.00 1.00 3.00 141.75
450.00 496.00 1.00 5.00 74.92
503.00 330.00 1.00 5.00 48.10
41.00 488.00 0.00 1.00 101.26
469.00 484.00 1.00 2.00 157.84
490.00 435.00 1.00 4.00 144.98
359.00 515.00 1.00 5.00 107.03
81.00 502.00 0.00 3.00 96.29
118.00 494.00 0.00 3.00 169.81
494.00 240.00 1.00 2.00 80.60
502.00 216.00 0.00 4.00 57.72
498.00 325.00 0.00 1.00 105.31
148.00 226.00 1.00 2.00 182.26
494.00 210.00 1.00 4.00 105.23
490.00 506.00 1.00 5.00 92.57
489.00 510.00 1.00 3.00 139.44
507.00 121.00 0.00 2.00 67.40
477.00 3.00 0.00 5.00 82.71
203.00 217.00 1.00 5.00 118.07
114.00 511.00 1.00 1.00 179.40
489.00 497.00 0.00 4.00 145.36
501.00 507.00 1.00 1.00 61.58
70.00 506.00 1.00 5.00 185.82
504.00 33.00 0.00 3.00 67.17
18.00 516.00 0.00 2.00 70.94
512.00 506.00 0.00 2.00 161.14
495.00 507.00 1.00 2.00 191.29
515.00 326.00 0.00 1.00 181.72
505.00 252.00 0.00 5.00 55.94
513.00 90.00 0.00 4.00 119.53
6.00 136.00 1.00 1.00 126.90
223.00 104.00 0.00 2.00 127.73
373.00 511.00 1.00 3.00 132.42
511.00 476.00 0.00 4.00 155.73
508.00 502.00 1.00 2.00 63.32
284.00 509.00 1.00 3.00 108.93
496.00 503.00 0.00 5.00 41.97
505.00 22.00 1.00 5.00 97.58
490.00 420.00 1.00 1.00 78.73
489.00 496.00 0.00 5.00 93.06
148.00 499.00 1.00 2.00 199.64
466.00 511.00 0.00 3.00 81.38
493.00 343.00 0.00 3.00 56.53
500.00 289.00 1.00 5.00 111.41
512.00 227.00 0.00 3.00 122.40
494.00 511.00 1.00 2.00 133.99
497.00 509.00 1.00 3.00 122.91
450.00 151.00 0.00 2.00 127.32
515.00 247.00 1.00 3.00 130.27
488.00 493.00 1.00 1.00 39.20
444.00 106.00 0.00 4.00 142.00
505.00 298.00 1.00 5.00 113.72
366.00 469.00 1.00 1.00 70.92
242.00 89.00 1.00 4.00 146.90
277.00 494.00 1.00 3.00 55.41
507.00 334.00 1.00 5.00 140.08
510.00 489.00 1.00 2.00 189.73
191.00 490.00 1.00 3.00 197.47
513.00 130.00 0.00 5.00 47.43
310.00 161.00 1.00 2.00 153.38
505.00 493.00 1.00 3.00 84.49
494.00 280.00 1.00 4.00 56.45
516.00 509.00 1.00 1.00 171.76
222.00 462.00 1.00 5.00 151.32
514.00 506.00 1.00 2.00 173.06
327.00 502.00 1.00 3.00 100.97
489.00 507.00 0.00 5.00 45.09
508.00 14.00 0.00 4.00 165.98
508.00 493.00 0.00 3.00 135.35
335.00 514.00 0.00 3.00 169.65
108.00 98.00 0.00 1.00 56.27
201.00 488.00 1.00 4.00 180.51
503.00 113.00 0.00 1.00 194.90
512.00 498.00 1.00 2.00 148.11
515.00 501.00 0.00 4.00 66.29
505.00 119.00 0.00 4.00 109.61
90.00 513.00 1.00 3.00 104.09
22.00 328.00 1.00 4.00 53.57
500.00 502.00 1.00 1.00 84.71
514.00 509.00 1.00 4.00 142.78
391.00 336.00 1.00 5.00 165.67
503.00 312.00 0.00 3.00 189.63
384.00 76.00 0.00 3.00 42.78
517.00 490.00 1.00 5.00 76.30
491.00 517.00 1.00 5.00 187.55
379.00 3.00 1.00 3.00 157.00
28.00 187.00 0.00 1.00 150.51
193.00 161.00 1.00 3.00 34.60
515.00 190.00 0.00 2.00 107.22
331.00 311.00 1.00 2.00 178.53
502.00 10.00 0.00 1.00 193.17
491.00 128.00 1.00 5.00 37.33
432.00 252.00 1.00 1.00 46.47
433.00 264.00 1.00 4.00 182.57
270.00 491.00 1.00 4.00 176.25
138.00 454.00 1.00 3.00 187.66
507.00 498.00 1.00 2.00 93.31
493.00 488.00 0.00 5.00 195.71
150.00 201.00 1.00 2.00 179.33
194.00 315.00 0.00 1.00 41.48
323.00 488.00 1.00 4.00 85.28
9.00 234.00 0.00 4.00 190.65
194.00 502.00 1.00 2.00 71.72
496.00 108.00 1.00 2.00 141.39
430.00 365.00 0.00 3.00 48.15
263.00 497.00 0.00 5.00 121.93
324.00 40.00 0.00 2.00 30.65
142.00 296.00 1.00 1.00 57.21
109.00 501.00 0.00 4.00 81.34
170.00 439.00 1.00 2.00 144.89
504.00 494.00 0.00 5.00 152.83
516.00 86.00 1.00 5.00 163.32
324.00 497.00 0.00 3.00 136.80
501.00 503.00 0.00 2.00 123.39
8.00 514.00 0.00 1.00 131.57
477.00 192.00 0.00 4.00 61.66
14.00 136.00 0.00 5.00 66.06
503.00 495.00 1.00 4.00 73.51
499.00 492.00 0.00 3.00 158.84
493.00 501.00 0.00 5.00 117.97
131.00 509.00 0.00 4.00 50.77
287.00 181.00 0.00 4.00 59.76
496.00 516.00 0.00 5.00 170.79
517.00 221.00 0.00 3.00 47.87
516.00 507.00 0.00 1.00 77.12
516.00 29.00 1.00 3.00 196.36
493.00 449.00 0.00 3.00 113.61
513.00 507.00 0.00 3.00 34.10
479.00 64.00 0.00 1.00 151.59
497.00 86.00 1.00 4.00 135.38
418.00 512.00 1.00 2.00 124.18
508.00 486.00 1.00 2.00 92.41
423.00 516.00 1.00 1.00 168.75
500.00 152.00 1.00 4.00 99.00
505.00 241.00 0.00 1.00 167.26
135.00 508.00 0.00 5.00 94.58
513.00 495.00 0.00 5.00 180.07
119.00 378.00 0.00 3.00 114.10
506.00 135.00 1.00 4.00 116.72
299.00 78.00 1.00 2.00 87.70
393.00 424.00 1.00 2.00 116.46
512.00 65.00 1.00 3.00 151.12
42.00 498.00 1.00 3.00 114.41
496.00 505.00 0.00 5.00 158.59
335.00 284.00 0.00 5.00 188.58
336.00 497.00 0.00 5.00 180.19
186.00 499.00 0.00 2.00 155.63
70.00 515.00 0.00 3.00 161.33
511.00 145.00 1.00 3.00 66.18
302.00 502.00 0.00 3.00 110.01
1.00 506.00 1.00 2.00 51.62
17.00 505.00 0.00 2.00 159.11
495.00 506.00 1.00 4.00 129.98
508.00 96.00 1.00 3.00 190.82
487.00 198.00 0.00 5.00 144.94
186.00 173.00 0.00 4.00 88.15
458.00 497.00 1.00 3.00 119.83
402.00 477.00 0.00 2.00 32.40
35.00 503.00 0.00 1.00 113.96
498.00 306.00 1.00 5.00 71.48
151.00 19.00 1.00 4.00 128.08
235.00 418.00 0.00 1.00 91.32
486.00 407.00 1.00 2.00 165.65
490.00 498.00 1.00 4.00 185.90
495.00 514.00 1.00 5.00 165.08
148.00 496.00 0.00 4.00 59.55
57.00 432.00 0.00 1.00 199.00
497.00 390.00 1.00 5.00 152.64
233.00 456.00 0.00 2.00 103.80
511.00 164.00 0.00 3.00 89.06
63.00 503.00 1.00 5.00 122.58
504.00 60.00 0.00 4.00 48.07
236.00 486.00 0.00 4.00 32.25
514.00 268.00 0.00 2.00 163.07
23.00 25.00 0.00 5.00 74.39
512.00 266.00 0.00 2.00 58.87
495.00 175.00 1.00 2.00 50.75
506.00 512.00 1.00 3.00 106.48
514.00 359.00 1.00 5.00 45.49
515.00 495.00 1.00 1.00 33.29
512.00 488.00 1.00 4.00 147.27
490.00 143.00 1.00 3.00 84.91
460.00 113.00 1.00 4.00 68.35
106.00 495.00 1.00 2.00 138.56
499.00 430.00 0.00 1.00 87.29
4.00 496.00 1.00 1.00 175.01
57.00 517.00 0.00 2.00 138.21
185.00 75.00 1.00 4.00 168.87
406.00 399.00 0.00 5.00 169.28
409.00 503.00 0.00 3.00 133.48
330.00 410.00 1.00 3.00 143.12
488.00 255.00 0.00 2.00 103.50
269.00 515.00 1.00 5.00 110.70
514.00 492.00 1.00 1.00 40.35
132.00 505.00 1.00 4.00 159.04
509.00 516.00 1.00 5.00 108.40
496.00 23.00 1.00 2.00 74.19
507.00 515.00 0.00 5.00 142.14
261.00 8.00 0.00 3.00 104.36
463.00 255.00 1.00 1.00 106.44
110.00 516.00 0.00 4.00 92.48
110.00 295.00 1.00 1.00 146.72
474.00 212.00 1.00 1.00 77.23
516.00 508.00 1.00 3.00 98.78
347.00 508.00 1.00 3.00 195.98
516.00 502.00 0.00 1.00 65.28
386.00 507.00 1.00 2.00 121.32
23.00 507.00 0.00 4.00 191.02
517.00 498.00 1.00 3.00 74.75
58.00 517.00 1.00 1.00 190.83
515.00 333.00 1.00 1.00 187.52
351.00 312.00 1.00 1.00 121.85
39.00 510.00 1.00 2.00 132.81
321.00 516.00 0.00 4.00 112.19
494.00 506.00 0.00 5.00 182.74
512.00 498.00 1.00 2.00 164.10
494.00 517.00 1.00 4.00 128.83
282.00 106.00 0.00 3.00 160.05
41.00 0.00 0.00 2.00 77.03
162.00 512.00 1.00 2.00 112.34
159.00 271.00 1.00 5.00 86.66
206.00 276.00 0.00 3.00 180.30
175.00 513.00 0.00 3.00 72.45
507.00 261.00 1.00 2.00 72.95
507.00 106.00 0.00 3.00 34.74
37.00 502.00 1.00 4.00 170.40
487.00 510.00 1.00 1.00 118.80
507.00 48.00 1.00 1.00 34.36
308.00 342.00 0.00 1.00 32.90
151.00 342.00 0.00 4.00 83.32
504.00 409.00 0.00 2.00 113.81
99.00 487.00 0.00 5.00 63.10
294.00 83.00 0.00 1.00 168.84
205.00 14.00 1.00 1.00 171.68
511.00 78.00 1.00 3.00 137.70
494.00 93.00 1.00 2.00 131.31
367.00 80.00 1.00 1.00 125.22
397.00 199.00 0.00 4.00 123.64
502.00 322.00 1.00 3.00 190.48
247.00 507.00 1.00 3.00 151.68
281.00 508.00 1.00 3.00 179.55
375.00 130.00 0.00 5.00 165.45
511.00 189.00 0.00 2.00 184.71
495.00 516.00 1.00 5.00 155.56
500.00 517.00 1.00 3.00 129.10
375.00 507.00 1.00 4.00 106.54
490.00 516.00 0.00 3.00 185.95
500.00 369.00 0.00 5.00 64.10
125.00 508.00 0.00 5.00 167.73
87.00 497.00 0.00 5.00 164.30
511.00 487.00 1.00 3.00 183.71
508.00 494.00 1.00 3.00 180.90
498.00 213.00 0.00 1.00 120.35
418.00 234.00 1.00 4.00 109.30
510.00 367.00 1.00 3.00 78.20
358.00 13.00 0.00 2.00 126.15
490.00 182.00 0.00 5.00 149.31
91.00 9.00 1.00 5.00 135.47
17.00 375.00 0.00 2.00 120.01
506.00 490.00 0.00 1.00 168.23
487.00 328.00 1.00 2.00 116.53
503.00 499.00 1.00 3.00 116.31
443.00 397.00 0.00 1.00 186.51
34.00 255.00 1.00 1.00 77.91
490.00 501.00 1.00 5.00 157.48
498.00 29.00 1.00 5.00 164.45
512.00 492.00 1.00 1.00 69.14
508.00 443.00 1.00 3.00 118.92
495.00 14.00 1.00 3.00 96.60
493.00 517.00 0.00 4.00 80.92
495.00 503.00 0.00 3.00 41.61
501.00 112.00 1.00 4.00 133.14
489.00 322.00 0.00 4.00 65.74
500.00 506.00 0.00 1.00 107.64
252.00 514.00 1.00 5.00 176.63
513.00 505.00 0.00 2.00 67.26
263.00 506.00 1.00 4.00 123.68
514.00 305.00 0.00 3.00 39.69
504.00 516.00 1.00 1.00 143.29
515.00 505.00 0.00 3.00 51.57
263.00 504.00 1.00 3.00 123.80
492.00 516.00 1.00 2.00 158.82
508.00 71.00 1.00 3.00 31.44
212.00 0.00 1.00 2.00 102.78
468.00 511.00 0.00 3.00 98.98
506.00 487.00 0.00 2.00 32.83
504.00 496.00 1.00 1.00 38.81
490.00 270.00 0.00 1.00 187.42
488.00 514.00 1.00 1.00 149.08
502.00 377.00 1.00 2.00 52.45
490.00 507.00 1.00 4.00 169.76
235.00 513.00 0.00 3.00 82.09
503.00 516.00 0.00 4.00 176.16
460.00 367.00 1.00 5.00 39.07
352.00 16.00 1.00 3.00 164.86
500.00 334.00 0.00 5.00 123.12
369.00 428.00 1.00 5.00 147.22
192.00 320.00 1.00 5.00 182.37
448.00 238.00 1.00 5.00 105.23
437.00 501.00 0.00 4.00 196.58
490.00 185.00 1.00 2.00 32.94
315.00 28.00 1.00 3.00 62.23
499.00 281.00 0.00 3.00 130.18
487.00 414.00 1.00 5.00 166.72
506.00 431.00 0.00 3.00 36.78
512.00 8.00 1.00 5.00 61.32
223.00 507.00 0.00 4.00 112.30
495.00 507.00 1.00 4.00 191.39
489.00 508.00 0.00 5.00 188.47
44.00 98.00 1.00 1.00 96.10
493.00 508.00 1.00 2.00 120.73
507.00 40.00 0.00 4.00 118.71
69.00 512.00 1.00 1.00 120.54
501.00 492.00 1.00 1.00 62.76
503.00 384.00 0.00 2.00 61.45
492.00 88.00 1.00 1.00 121.44
486.00 497.00 1.00 5.00 149.26
137.00 508.00 0.00 2.00 184.77
468.00 228.00 1.00 2.00 62.52
18.00 322.00 1.00 3.00 43.35
352.00 495.00 0.00 1.00 67.46
381.00 517.00 1.00 5.00 137.23
400.00 293.00 1.00 4.00 33.22
159.00 230.00 0.00 1.00 150.19
508.00 496.00 1.00 1.00 73.09
494.00 236.00 0.00 3.00 98.71
433.00 100.00 1.00 4.00 98.77
264.00 490.00 0.00 4.00 126.92
490.00 500.00 1.00 1.00 54.01
310.00 491.00 1.00 2.00 99.18
506.00 373.00 0.00 5.00 172.23
516.00 506.00 1.00 2.00 76.21
514.00 425.00 0.00 4.00 100.17
185.00 314.00 0.00 2.00 57.67
511.00 26.00 0.00 1.00 45.84
181.00 209.00 0.00 2.00 132.27
110.00 500.00 1.00 2.00 189.97
513.00 221.00 0.00 5.00 115.76
505.00 362.00 0.00 4.00 68.71
503.00 366.00 0.00 5.00 88.97
120.00 345.00 0.00 1.00 194.30
389.00 504.00 1.00 5.00 142.97
509.00 496.00 1.00 3.00 121.23
218.00 500.00 0.00 4.00 154.43
333.00 487.00 1.00 4.00 40.30
513.00 498.00 1.00 2.00 33.42
184.00 487.00 1.00 5.00 149.38
489.00 502.00 0.00 4.00 159.13
176.00 28.00 1.00 1.00 70.51
77.00 220.00 0.00 1.00 77.79
504.00 165.00 0.00 3.00 192.56
233.00 232.00 0.00 5.00 87.77
468.00 21.00 1.00 4.00 179.71
250.00 486.00 0.00 1.00 60.95
432.00 409.00 0.00 3.00 179.04
60.00 510.00 1.00 2.00 40.28
317.00 515.00 0.00 3.00 112.42
330.00 105.00 1.00 2.00 136.74
505.00 480.00 1.00 3.00 64.42
221.00 180.00 0.00 5.00 105.42
513.00 394.00 0.00 5.00 89.23
398.00 488.00 0.00 1.00 30.80
127.00 250.00 0.00 4.00 72.43
495.00 139.00 0.00 2.00 79.21
42.00 10.00 0.00 3.00 168.51
477.00 490.00 1.00 4.00 127.35
38.00 181.00 0.00 2.00 50.70
314.00 509.00 0.00 3.00 50.53
515.00 438.00 0.00 4.00 158.21
378.00 506.00 0.00 2.00 123.17
214.00 515.00 1.00 5.00 40.54
215.00 425.00 1.00 1.00 67.76
149.00 498.00 1.00 3.00 191.09
497.00 447.00 1.00 4.00 81.92
502.00 263.00 0.00 5.00 183.12
496.00 75.00 0.00 3.00 174.52
497.00 230.00 0.00 2.00 64.85
335.00 432.00 0.00 1.00 101.18
312.00 503.00 1.00 1.00 152.16
500.00 511.00 1.00 1.00 43.47
489.00 511.00 1.00 1.00 91.34
277.00 494.00 1.00 4.00 152.14
144.00 490.00 1.00 3.00 140.64
14.00 279.00 1.00 2.00 199.59
77.00 275.00 1.00 4.00 112.97
491.00 508.00 0.00 2.00 140.40
22.00 205.00 1.00 2.00 68.27
486.00 509.00 1.00 4.00 95.48
494.00 488.00 0.00 1.00 144.15
472.00 199.00 0.00 4.00 100.60
425.00 433.00 0.00 4.00 68.85
511.00 516.00 1.00 4.00 51.43
355.00 494.00 1.00 5.00 57.86
311.00 33.00 1.00 3.00 123.11
259.00 494.00 1.00 2.00 190.50
516.00 498.00 0.00 4.00 82.09
486.00 31.00 1.00 1.00 174.72
509.00 417.00 1.00 4.00 170.09
515.00 492.00 0.00 1.00 41.70
465.00 516.00 1.00 3.00 86.04
48.00 511.00 0.00 3.00 131.51
32.00 321.00 0.00 5.00 52.33
507.00 491.00 0.00 1.00 177.57
487.00 515.00 1.00 5.00 178.48
206.00 514.00 0.00 5.00 74.92
506.00 492.00 1.00 3.00 198.18
307.00 100.00 0.00 3.00 101.80
510.00 143.00 0.00 2.00 132.63
368.00 486.00 1.00 1.00 94.71
491.00 510.00 1.00 1.00 44.85
376.00 301.00 1.00 4.00 189.15
512.00 142.00 0.00 2.00 167.87
489.00 42.00 0.00 1.00 118.33
21.00 291.00 0.00 4.00 159.49
437.00 516.00 1.00 4.00 142.26
510.00 495.00 1.00 1.00 87.17
498.00 0.00 1.00 4.00 192.03
294.00 497.00 1.00 3.00 181.12
333.00 495.00 1.00 3.00 99.41
509.00 491.00 1.00 5.00 138.60
504.00 509.00 1.00 1.00 163.79
6.00 353.00 0.00 1.00 35.29
478.00 447.00 0.00 4.00 192.90
67.00 500.00 0.00 1.00 52.13
494.00 500.00 0.00 1.00 111.17
494.00 174.00 1.00 2.00 147.03
396.00 368.00 1.00 1.00 87.73
264.00 511.00 0.00 2.00 67.27
95.00 498.00 1.00 3.00 84.78
452.00 293.00 0.00 3.00 95.51
159.00 369.00 0.00 5.00 146.87
505.00 9.00 0.00 3.00 118.25
177.00 275.00 0.00 2.00 40.96
488.00 508.00 0.00 1.00 189.09
506.00 498.00 0.00 3.00 139.96
517.00 145.00 1.00 4.00 123.31
135.00 284.00 1.00 4.00 73.00
496.00 514.00 1.00 2.00 139.89
239.00 145.00 1.00 3.00 35.85
216.00 421.00 1.00 2.00 190.02
85.00 66.00 0.00 5.00 180.42
125.00 453.00 0.00 1.00 95.03
500.00 503.00 0.00 3.00 45.10
509.00 153.00 1.00 5.00 46.31
499.00 364.00 1.00 4.00 109.32
511.00 70.00 0.00 3.00 164.60
316.00 504.00 1.00 5.00 175.77
506.00 215.00 0.00 1.00 186.34
196.00 509.00 1.00 5.00 77.18
483.00 499.00 1.00 3.00 66.70
506.00 249.00 1.00 2.00 71.59
497.00 162.00 1.00 2.00 88.01
97.00 509.00 1.00 3.00 183.02
496.00 316.00 1.00 5.00 54.18
224.00 516.00 1.00 5.00 164.41
93.00 495.00 1.00 5.00 187.20
245.00 274.00 1.00 1.00 48.49
88.00 44.00 1.00 5.00 82.72
507.00 496.00 1.00 3.00 131.84
284.00 415.00 1.00 4.00 134.82
502.00 516.00 1.00 4.00 185.66
50.00 500.00 0.00 1.00 180.37
506.00 488.00 1.00 4.00 83.96
434.00 332.00 0.00 3.00 155.05
517.00 507.00 1.00 1.00 55.92
503.00 513.00 0.00 5.00 117.02
28.00 487.00 0.00 2.00 150.30
487.00 493.00 1.00 5.00 89.13
189.00 274.00 0.00 5.00 103.77
382.00 327.00 1.00 4.00 154.86
495.00 322.00 0.00 2.00 54.61
514.00 493.00 1.00 5.00 187.17
511.00 500.00 1.00 3.00 149.62
504.00 500.00 0.00 3.00 147.12
517.00 510.00 1.00 5.00 68.54
508.00 258.00 1.00 4.00 104.87
377.00 508.00 1.00 3.00 85.16
486.00 500.00 1.00 2.00 130.35
488.00 510.00 0.00 3.00 47.17
506.00 148.00 1.00 5.00 195.88
491.00 502.00 0.00 3.00 176.03
366.00 151.00 0.00 1.00 196.23
338.00 513.00 0.00 2.00 146.91
511.00 497.00 0.00 4.00 42.81
489.00 297.00 0.00 5.00 122.67
5.00 326.00 1.00 3.00 48.32
498.00 272.00 0.00 2.00 69.58
511.00 220.00 1.00 5.00 83.10
286.00 487.00 0.00 4.00 188.55
491.00 42.00 1.00 4.00 104.83
513.00 213.00 0.00 1.00 54.92
504.00 492.00 0.00 4.00 111.52
42.00 513.00 1.00 1.00 129.86
505.00 490.00 1.00 4.00 174.38
505.00 395.00 1.00 4.00 63.18
353.00 504.00 0.00 4.00 188.91
513.00 332.00 0.00 5.00 91.10
188.00 163.00 0.00 2.00 107.52
493.00 286.00 1.00 1.00 180.97
237.00 492.00 0.00 5.00 152.10
30.00 508.00 0.00 1.00 184.32
168.00 269.00 0.00 1.00 133.03
494.00 500.00 0.00 1.00 126.34
515.00 51.00 1.00 3.00 38.36
489.00 145.00 1.00 2.00 142.68
510.00 503.00 0.00 4.00 138.11
246.00 68.00 0.00 4.00 187.83
499.00 492.00 1.00 5.00 65.92
495.00 272.00 1.00 2.00 124.13
74.00 515.00 0.00 2.00 56.96
174.00 507.00 0.00 3.00 61.47
104.00 327.00 1.00 3.00 124.57
447.00 487.00 1.00 3.00 156.08
491.00 517.00 0.00 5.00 115.18
490.00 497.00 1.00 5.00 117.77
513.00 493.00 1.00 4.00 50.32
357.00 38.00 1.00 5.00 33.42
509.00 367.00 0.00 5.00 131.32
256.00 487.00 0.00 5.00 139.11
514.00 496.00 0.00 4.00 151.48
517.00 292.00 0.00 1.00 175.51
477.00 498.00 0.00 4.00 48.56
446.00 512.00 1.00 1.00 62.36
343.00 124.00 1.00 2.00 177.15
55.00 86.00 1.00 5.00 100.20
283.00 116.00 1.00 1.00 144.84
168.00 495.00 1.00 2.00 70.10
492.00 486.00 1.00 1.00 134.29
514.00 489.00 1.00 5.00 171.54
294.00 508.00 0.00 3.00 181.40
509.00 498.00 1.00 2.00 149.82
489.00 419.00 0.00 1.00 48.27
517.00 453.00 1.00 3.00 170.55
492.00 184.00 0.00 4.00 198.16
489.00 502.00 0.00 1.00 163.98
489.00 517.00 0.00 2.00 180.93
517.00 193.00 1.00 4.00 111.71
466.00 264.00 1.00 5.00 37.10
488.00 516.00 1.00 4.00 157.93
505.00 486.00 0.00 5.00 43.31
503.00 488.00 1.00 3.00 102.25
509.00 87.00 0.00 3.00 153.11
261.00 510.00 1.00 2.00 66.48
516.00 259.00 0.00 3.00 116.63
497.00 284.00 1.00 5.00 48.81
454.00 291.00 1.00 5.00 60.56
443.00 346.00 1.00 4.00 110.57
215.00 516.00 0.00 2.00 177.30
296.00 351.00 1.00 5.00 87.05
509.00 493.00 0.00 3.00 135.25
503.00 517.00 1.00 4.00 111.67
493.00 499.00 0.00 5.00 110.64
99.00 207.00 0.00 1.00 158.42
494.00 74.00 0.00 4.00 129.75
515.00 157.00 1.00 1.00 194.37
186.00 511.00 0.00 5.00 170.99
510.00 491.00 0.00 3.00 182.45
508.00 325.00 0.00 4.00 102.98
510.00 269.00 1.00 5.00 163.78
491.00 138.00 0.00 2.00 91.25
314.00 487.00 1.00 1.00 36.40
81.00 516.00 0.00 4.00 194.80
504.00 509.00 1.00 1.00 169.12
251.00 9.00 0.00 3.00 134.90
437.00 294.00 1.00 5.00 148.93
513.00 312.00 1.00 3.00 110.31
502.00 306.00 0.00 4.00 30.77
496.00 132.00 1.00 2.00 54.13
119.00 506.00 1.00 5.00 164.68
490.00 366.00 0.00 1.00 101.87
216.00 502.00 0.00 4.00 182.03
494.00 328.00 0.00 3.00 151.04
326.00 510.00 0.00 3.00 104.46
251.00 489.00 0.00 5.00 120.20
173.00 286.00 0.00 5.00 93.11
226.00 162.00 1.00 5.00 158.20
495.00 508.00 1.00 5.00 182.82
33.00 157.00 0.00 5.00 83.23
510.00 499.00 0.00 1.00 47.69
488.00 493.00 1.00 2.00 153.76
495.00 501.00 0.00 5.00 136.65
495.00 156.00 0.00 3.00 71.07
187.00 64.00 1.00 1.00 190.90
499.00 487.00 1.00 4.00 104.30
198.00 490.00 1.00 1.00 128.11
488.00 498.00 0.00 1.00 117.26
245.00 224.00 0.00 4.00 51.85
284.00 385.00 1.00 3.00 162.65
501.00 28.00 1.00 1.00 60.80
513.00 203.00 1.00 2.00 187.81
509.00 175.00 0.00 1.00 156.05
446.00 77.00 0.00 2.00 71.02
281.00 455.00 0.00 4.00 181.00
488.00 102.00 0.00 1.00 169.96
163.00 192.00 0.00 2.00 101.16
500.00 374.00 1.00 3.00 112.19
500.00 12.00 0.00 3.00 99.63
515.00 377.00 0.00 1.00 130.35
358.00 497.00 1.00 3.00 115.69
194.00 511.00 0.00 2.00 81.01
206.00 498.00 1.00 3.00 49.99
496.00 6.00 0.00 1.00 196.62
310.00 283.00 0.00 3.00 153.54
58.00 507.00 0.00 1.00 120.30
454.00 493.00 1.00 3.00 165.79
517.00 497.00 1.00 1.00 56.71
108.00 486.00 0.00 4.00 188.91
497.00 147.00 1.00 5.00 104.27
488.00 493.00 1.00 4.00 115.70
491.00 120.00 0.00 5.00 30.85
115.00 457.00 1.00 1.00 84.73
198.00 504.00 0.00 3.00 197.37
503.00 79.00 1.00 2.00 54.21
44.00 517.00 1.00 3.00 46.92
227.00 304.00 1.00 5.00 90.19
319.00 203.00 0.00 2.00 56.36
204.00 495.00 1.00 5.00 56.70
490.00 94.00 1.00 4.00 124.76
329.00 506.00 0.00 3.00 144.46
443.00 497.00 1.00 1.00 138.57
496.00 118.00 1.00 5.00 62.69
512.00 492.00 0.00 4.00 145.91
510.00 252.00 0.00 5.00 77.74
498.00 142.00 1.00 2.00 176.55
102.00 254.00 1.00 1.00 62.07
488.00 496.00 1.00 4.00 49.42
230.00 4.00 1.00 3.00 178.90
491.00 514.00 0.00 1.00 140.63
496.00 7.00 0.00 2.00 91.81
514.00 501.00 0.00 3.00 190.35
491.00 504.00 1.00 5.00 184.73
488.00 79.00 0.00 1.00 182.19
41.00 489.00 0.00 4.00 148.10
428.00 508.00 1.00 2.00 74.62
145.00 502.00 1.00 5.00 127.58
342.00 487.00 1.00 4.00 159.01
36.00 488.00 0.00 1.00 144.30
66.00 508.00 0.00 2.00 96.60
493.00 503.00 1.00 3.00 50.08
512.00 502.00 0.00 2.00 102.74
517.00 488.00 1.00 1.00 93.63
227.00 169.00 0.00 2.00 178.89
300.00 494.00 1.00 5.00 182.33
516.00 497.00 1.00 2.00 199.32
507.00 359.00 0.00 5.00 165.68
506.00 226.00 0.00 1.00 73.15
486.00 513.00 1.00 4.00 46.66
496.00 81.00 1.00 2.00 112.43
58.00 456.00 0.00 3.00 64.02
508.00 179.00 1.00 3.00 197.20
199.00 512.00 0.00 3.00 92.02
516.00 504.00 1.00 2.00 65.47
490.00 517.00 1.00 2.00 163.62
505.00 515.00 1.00 3.00 148.73
263.00 490.00 0.00 3.00 40.97
122.00 505.00 0.00 3.00 136.99
155.00 271.00 0.00 2.00 96.25
504.00 159.00 0.00 2.00 43.37
496.00 417.00 1.00 2.00 156.36
510.00 504.00 0.00 1.00 95.19
510.00 498.00 1.00 3.00 115.92
265.00 407.00 1.00 3.00 192.85
499.00 513.00 0.00 5.00 193.80
498.00 37.00 1.00 4.00 139.46
341.00 493.00 0.00 1.00 57.69
290.00 516.00 0.00 4.00 117.42
489.00 166.00 0.00 4.00 70.40
490.00 510.00 1.00 1.00 159.46
68.00 130.00 0.00 5.00 167.47
179.00 490.00 0.00 2.00 76.12
507.00 489.00 1.00 4.00 131.70
446.00 513.00 0.00 4.00 179.08
463.00 425.00 0.00 3.00 62.17
493.00 487.00 0.00 2.00 73.15
482.00 505.00 0.00 5.00 192.81
502.00 509.00 1.00 5.00 157.75
25.00 261.00 1.00 4.00 194.62
516.00 497.00 1.00 2.00 64.54
517.00 461.00 0.00 1.00 170.89
157.00 202.00 1.00 4.00 152.15
496.00 517.00 1.00 2.00 77.53
494.00 501.00 1.00 2.00 111.98
508.00 340.00 1.00 1.00 120.90
268.00 491.00 0.00 3.00 156.46
493.00 424.00 1.00 2.00 36.60
140.00 497.00 1.00 4.00 125.76
77.00 509.00 0.00 2.00 144.46
5.00 489.00 1.00 1.00 50.07
391.00 65.00 0.00 2.00 48.64
487.00 86.00 1.00 4.00 34.14
488.00 495.00 0.00 4.00 56.75
505.00 516.00 1.00 2.00 160.32
503.00 68.00 1.00 3.00 54.50
221.00 21.00 0.00 4.00 106.44
254.00 505.00 1.00 2.00 83.32
508.00 493.00 1.00 3.00 151.57
220.00 491.00 0.00 5.00 54.86
92.00 420.00 1.00 2.00 58.46
493.00 501.00 0.00 2.00 56.75
440.00 507.00 1.00 1.00 36.15
515.00 253.00 1.00 1.00 84.43
357.00 506.00 0.00 5.00 103.68
501.00 510.00 1.00 3.00 176.31
507.00 489.00 1.00 2.00 36.95
71.00 482.00 1.00 5.00 97.72
110.00 508.00 0.00 4.00 30.04
500.00 509.00 1.00 2.00 39.30
337.00 505.00 1.00 5.00 111.67
498.00 504.00 1.00 1.00 108.04
322.00 350.00 0.00 3.00 160.29
508.00 166.00 0.00 2.00 164.89
281.00 515.00 1.00 2.00 81.00
490.00 316.00 0.00 5.00 128.38
506.00 494.00 0.00 1.00 130.63
248.00 516.00 1.00 4.00 198.52
2.00 506.00 0.00 3.00 75.95
500.00 456.00 1.00 1.00 129.10
487.00 8.00 0.00 4.00 34.07
511.00 269.00 1.00 1.00 50.01
500.00 252.00 0.00 5.00 79.47
254.00 498.00 0.00 2.00 198.46
94.00 488.00 1.00 4.00 34.43
338.00 492.00 0.00 2.00 158.77
505.00 314.00 1.00 1.00 167.57
491.00 512.00 0.00 3.00 182.68
85.00 470.00 0.00 4.00 184.22
512.00 265.00 1.00 5.00 156.63
233.00 511.00 1.00 4.00 191.29
307.00 393.00 0.00 1.00 52.56
53.00 36.00 0.00 4.00 136.44
502.00 511.00 0.00 5.00 94.42
158.00 489.00 0.00 1.00 132.09
436.00 491.00 1.00 3.00 88.69
502.00 53.00 1.00 1.00 79.13
505.00 183.00 1.00 2.00 124.18
242.00 448.00 1.00 4.00 181.82
499.00 512.00 0.00 3.00 147.57
506.00 162.00 0.00 1.00 153.93
495.00 206.00 1.00 2.00 133.49
426.00 503.00 0.00 5.00 78.67
55.00 440.00 0.00 4.00 59.59
483.00 385.00 0.00 1.00 76.51
217.00 373.00 0.00 3.00 193.76
504.00 371.00 1.00 3.00 96.94
294.00 491.00 1.00 1.00 58.09
247.00 59.00 1.00 4.00 132.81
513.00 487.00 0.00 3.00 135.99
8.00 15.00 0.00 1.00 164.84
335.00 122.00 0.00 1.00 98.11
500.00 346.00 0.00 3.00 92.65
507.00 501.00 1.00 4.00 146.83
516.00 121.00 1.00 5.00 36.39
233.00 491.00 1.00 5.00 73.96
504.00 513.00 0.00 4.00 110.76
490.00 304.00 0.00 4.00 148.27
497.00 486.00 0.00 3.00 134.33
429.00 505.00 0.00 5.00 191.56
168.00 491.00 1.00 3.00 158.41
509.00 103.00 0.00 5.00 116.14
326.00 502.00 0.00 1.00 94.76
71.00 512.00 1.00 3.00 82.78
489.00 499.00 0.00 5.00 162.45
494.00 488.00 0.00 1.00 135.65
97.00 183.00 1.00 5.00 54.20
132.00 5.00 1.00 2.00 68.06
506.00 517.00 1.00 5.00 184.99
440.00 325.00 0.00 2.00 43.71
374.00 491.00 1.00 1.00 111.23
125.00 158.00 1.00 5.00 91.32
411.00 505.00 1.00 1.00 180.48
394.00 517.00 1.00 3.00 89.87
173.00 506.00 1.00 5.00 120.54
25.00 498.00 1.00 3.00 175.15
110.00 509.00 0.00 5.00 131.90
426.00 53.00 1.00 3.00 135.52
496.00 514.00 1.00 2.00 196.54
387.00 516.00 1.00 2.00 109.74
499.00 491.00 1.00 3.00 195.03
188.00 486.00 0.00 2.00 55.21
487.00 496.00 0.00 4.00 98.91
499.00 102.00 0.00 3.00 184.08
494.00 385.00 0.00 1.00 35.99
27.00 516.00 1.00 2.00 35.99
497.00 486.00 0.00 5.00 189.69
188.00 495.00 0.00 1.00 40.15
400.00 487.00 1.00 5.00 114.29
277.00 513.00 1.00 2.00 154.74
40.00 504.00 0.00 5.00 47.38
260.00 513.00 0.00 4.00 82.06
411.00 197.00 0.00 2.00 114.17
492.00 504.00 1.00 2.00 56.85
156.00 192.00 0.00 3.00 45.25
501.00 509.00 0.00 1.00 108.21
115.00 513.00 1.00 1.00 34.55
498.00 202.00 0.00 3.00 33.18
279.00 491.00 0.00 1.00 53.93
467.00 502.00 1.00 5.00 83.22
492.00 487.00 0.00 2.00 147.72
501.00 206.00 1.00 3.00 37.89
505.00 489.00 0.00 4.00 125.56
487.00 501.00 1.00 4.00 177.77
339.00 154.00 0.00 5.00 192.15
507.00 501.00 1.00 3.00 84.09
449.00 191.00 1.00 2.00 35.66
516.00 110.00 0.00 1.00 148.49
501.00 159.00 1.00 2.00 182.23
0.00 499.00 0.00 2.00 60.06
496.00 75.00 0.00 1.00 129.88
490.00 507.00 0.00 4.00 122.33
36.00 493.00 1.00 3.00 177.83
502.00 110.00 1.00 5.00 51.96
37.00 386.00 1.00 2.00 50.51
507.00 486.00 1.00 5.00 115.29
57.00 465.00 1.00 3.00 69.18
42.00 451.00 1.00 3.00 124.00
83.00 510.00 0.00 5.00 157.68
487.00 281.00 0.00 5.00 75.54
491.00 446.00 1.00 1.00 179.75
503.00 372.00 0.00 1.00 173.91
493.00 251.00 1.00 5.00 50.35
503.00 509.00 1.00 5.00 131.04
432.00 514.00 1.00 5.00 156.69
507.00 497.00 0.00 3.00 145.61
90.00 293.00 0.00 2.00 80.35
0.00 355.00 0.00 2.00 65.86
299.00 501.00 1.00 4.00 165.51
486.00 491.00 0.00 2.00 82.62
502.00 496.00 1.00 1.00 185.96
506.00 499.00 0.00 5.00 139.79
23.00 363.00 1.00 3.00 66.72
112.00 21.00 1.00 1.00 179.04
451.00 181.00 1.00 3.00 187.17
334.00 493.00 1.00 4.00 184.84
20.00 412.00 1.00 2.00 138.89
192.00 456.00 1.00 2.00 105.39
500.00 147.00 0.00 2.00 176.76
515.00 502.00 0.00 3.00 36.34
441.00 252.00 1.00 4.00 132.27
505.00 514.00 0.00 4.00 161.12
141.00 423.00 0.00 2.00 196.52
411.00 339.00 1.00 5.00 116.64
