510.00 490.00 1.00 4.00 60.97
400.00 512.00 1.00 2.00 85.03
122.00 53.00 0.00 5.00 162.51
104.00 496.00 1.00 3.00 57.58
33.00 493.00 1.00 3.00 140.08
497.00 517.00 0.00 2.00 154.17
392.00 490.00 1.00 4.00 35.69
504.00 199.00 1.00 4.00 193.73
188.00 500.00 0.00 2.00 113.53
277.00 160.00 1.00 5.00 73.60
468.00 308.00 0.00 3.00 58.57
297.00 134.00 1.00 3.00 161.32
45.00 501.00 1.00 2.00 161.21
89.00 507.00 1.00 5.00 143.09
509.00 204.00 1.00 1.00 76.36
172.00 497.00 1.00 5.00 51.33
405.00 506.00 0.00 4.00 169.92
10.00 502.00 1.00 3.00 122.20
174.00 506.00 1.00 3.00 105.09
440.00 489.00 0.00 1.00 85.51
501.00 505.00 0.00 3.00 145.11
515.00 12.00 1.00 1.00 174.85
499.00 270.00 1.00 5.00 135.96
493.00 502.00 0.00 1.00 91.15
88.00 498.00 1.00 5.00 73.04
511.00 302.00 1.00 5.00 37.42
49.00 277.00 1.00 1.00 92.45
495.00 504.00 1.00 5.00 142.25
368.00 373.00 0.00 2.00 52.46
502.00 122.00 0.00 4.00 63.81
13.00 378.00 1.00 3.00 164.55
479.00 458.00 1.00 2.00 128.74
294.00 264.00 1.00 2.00 99.94
500.00 187.00 1.00 3.00 75.81
512.00 517.00 0.00 5.00 147.68
411.00 491.00 1.00 5.00 180.05
497.00 508.00 1.00 3.00 194.55
507.00 399.00 1.00 5.00 46.31
301.00 271.00 0.00 3.00 64.39
512.00 504.00 0.00 4.00 132.49
513.00 180.00 0.00 2.00 46.11
500.00 103.00 1.00 5.00 123.92
478.00 302.00 0.00 2.00 76.82
446.00 84.00 1.00 3.00 47.26
394.00 509.00 0.00 2.00 154.80
460.00 197.00 1.00 2.00 138.38
491.00 452.00 0.00 5.00 114.35
60.00 504.00 0.00 4.00 67.66
485.00 409.00 0.00 1.00 162.51
347.00 486.00 0.00 2.00 80.78
301.00 322.00 0.00 5.00 142.06
490.00 5.00 1.00 3.00 87.48
236.00 515.00 1.00 2.00 199.30
509.00 491.00 0.00 3.00 191.38
193.00 52.00 1.00 5.00 138.13
221.00 486.00 0.00 5.00 140.41
504.00 500.00 1.00 2.00 98.14
3.00 492.00 0.00 5.00 157.96
496.00 506.00 0.00 5.00 85.66
67.00 502.00 0.00 4.00 198.46
513.00 487.00 1.00 2.00 162.30
501.00 401.00 1.00 3.00 36.02
315.00 212.00 0.00 2.00 176.37
495.00 97.00 1.00 4.00 131.52
495.00 487.00 1.00 2.00 78.99
503.00 511.00 1.00 4.00 106.96
487.00 506.00 1.00 2.00 59.11
496.00 284.00 0.00 3.00 113.71
490.00 198.00 1.00 3.00 48.11
76.00 419.00 0.00 2.00 125.25
185.00 496.00 0.00 2.00 141.15
117.00 144.00 0.00 2.00 181.92
139.00 501.00 1.00 2.00 94.54
501.00 367.00 1.00 1.00 85.34
508.00 499.00 1.00 4.00 150.47
513.00 494.00 1.00 2.00 154.23
32.00 302.00 1.00 3.00 147.00
512.00 315.00 0.00 4.00 163.76
473.00 510.00 1.00 5.00 149.76
500.00 502.00 0.00 3.00 170.84
501.00 505.00 1.00 1.00 179.17
514.00 507.00 1.00 1.00 76.31
4.00 500.00 0.00 2.00 39.92
489.00 504.00 1.00 1.00 131.25
487.00 235.00 1.00 4.00 174.98
277.00 457.00 0.00 3.00 45.92
493.00 140.00 0.00 2.00 130.87
40.00 259.00 1.00 3.00 179.69
509.00 260.00 0.00 2.00 146.61
499.00 511.00 0.00 5.00 43.92
503.00 43.00 1.00 1.00 81.40
239.00 490.00 1.00 1.00 38.76
103.00 233.00 0.00 3.00 31.83
371.00 517.00 0.00 3.00 79.89
501.00 492.00 0.00 5.00 89.21
496.00 117.00 0.00 3.00 131.41
512.00 208.00 0.00 2.00 83.84
252.00 488.00 0.00 3.00 92.82
493.00 86.00 0.00 1.00 129.91
512.00 507.00 1.00 2.00 193.06
502.00 382.00 0.00 4.00 188.87
346.00 192.00 0.00 5.00 63.06
259.00 496.00 1.00 2.00 152.08
458.00 404.00 0.00 3.00 92.64
516.00 501.00 0.00 3.00 109.01
488.00 494.00 1.00 3.00 109.93
375.00 508.00 0.00 5.00 193.71
493.00 309.00 0.00 1.00 76.62
402.00 223.00 1.00 4.00 180.63
28.00 496.00 0.00 5.00 92.62
108.00 515.00 1.00 1.00 192.70
494.00 128.00 0.00 2.00 151.96
476.00 506.00 1.00 1.00 105.72
181.00 72.00 1.00 3.00 197.93
159.00 163.00 1.00 5.00 142.93
487.00 421.00 1.00 3.00 109.29
495.00 501.00 0.00 4.00 47.22
188.00 167.00 0.00 4.00 156.86
113.00 513.00 1.00 3.00 178.69
104.00 237.00 1.00 1.00 114.54
311.00 513.00 0.00 2.00 193.51
487.00 471.00 0.00 5.00 69.53
486.00 334.00 0.00 1.00 150.94
511.00 207.00 1.00 2.00 158.20
509.00 314.00 1.00 1.00 150.29
432.00 266.00 1.00 3.00 140.74
489.00 65.00 0.00 1.00 180.95
181.00 57.00 0.00 5.00 56.83
300.00 188.00 1.00 1.00 167.02
278.00 428.00 1.00 5.00 103.20
88.00 488.00 1.00 1.00 51.62
481.00 505.00 1.00 5.00 170.23
149.00 393.00 1.00 3.00 198.07
489.00 221.00 0.00 4.00 83.82
517.00 491.00 1.00 3.00 190.22
496.00 254.00 1.00 2.00 80.43
18.00 28.00 0.00 1.00 53.76
515.00 509.00 1.00 5.00 129.08
497.00 517.00 1.00 4.00 176.54
311.00 416.00 1.00 2.00 91.81
488.00 494.00 0.00 5.00 194.43
58.00 131.00 1.00 1.00 40.97
501.00 514.00 1.00 4.00 184.29
506.00 512.00 1.00 4.00 45.47
513.00 198.00 0.00 5.00 62.71
129.00 414.00 1.00 5.00 173.47
495.00 342.00 1.00 3.00 177.89
338.00 230.00 0.00 3.00 54.63
300.00 494.00 0.00 1.00 37.69
413.00 229.00 0.00 1.00 93.16
260.00 472.00 0.00 5.00 131.46
503.00 491.00 0.00 4.00 121.03
495.00 488.00 0.00 2.00 136.14
503.00 262.00 1.00 1.00 52.25
491.00 316.00 1.00 2.00 186.77
498.00 391.00 1.00 5.00 114.03
513.00 489.00 0.00 3.00 194.90
8.00 516.00 1.00 3.00 30.05
511.00 146.00 1.00 1.00 51.82
502.00 513.00 0.00 4.00 97.87
515.00 206.00 1.00 5.00 133.59
507.00 153.00 0.00 4.00 35.27
100.00 154.00 1.00 2.00 86.99
499.00 435.00 0.00 3.00 110.96
206.00 511.00 0.00 5.00 121.76
513.00 492.00 0.00 2.00 42.04
147.00 474.00 0.00 3.00 38.88
377.00 498.00 1.00 1.00 195.48
491.00 496.00 0.00 2.00 167.25
491.00 219.00 1.00 5.00 66.87
510.00 497.00 0.00 1.00 60.04
505.00 491.00 0.00 2.00 63.93
493.00 511.00 1.00 1.00 56.01
317.00 465.00 0.00 3.00 162.51
496.00 510.00 1.00 1.00 193.17
504.00 499.00 1.00 4.00 197.56
329.00 17.00 1.00 3.00 196.48
163.00 317.00 0.00 3.00 73.09
491.00 505.00 0.00 5.00 160.25
511.00 499.00 1.00 3.00 69.29
497.00 183.00 0.00 5.00 179.10
474.00 166.00 0.00 4.00 177.44
79.00 514.00 0.00 5.00 72.88
502.00 467.00 0.00 2.00 59.12
183.00 494.00 1.00 1.00 146.64
407.00 502.00 1.00 2.00 150.67
486.00 58.00 1.00 5.00 37.75
512.00 411.00 1.00 1.00 46.71
256.00 505.00 1.00 1.00 103.84
236.00 374.00 0.00 3.00 72.75
514.00 25.00 0.00 2.00 71.81
504.00 311.00 0.00 4.00 67.47
277.00 492.00 1.00 1.00 149.43
488.00 509.00 0.00 5.00 164.65
85.00 315.00 0.00 2.00 168.66
494.00 489.00 0.00 3.00 58.83
300.00 297.00 1.00 2.00 98.09
503.00 201.00 1.00 1.00 136.58
489.00 241.00 1.00 5.00 48.52
509.00 405.00 0.00 5.00 148.82
513.00 438.00 0.00 5.00 58.67
509.00 493.00 0.00 3.00 194.36
501.00 266.00 1.00 2.00 155.92
502.00 490.00 0.00 5.00 141.50
494.00 508.00 1.00 2.00 49.09
198.00 136.00 1.00 3.00 46.98
184.00 515.00 0.00 1.00 194.52
511.00 175.00 1.00 3.00 65.44
494.00 296.00 0.00 3.00 178.36
163.00 506.00 0.00 2.00 183.45
141.00 118.00 1.00 5.00 56.14
118.00 317.00 1.00 4.00 45.05
505.00 37.00 0.00 5.00 140.45
71.00 145.00 0.00 3.00 126.12
510.00 486.00 0.00 4.00 108.76
104.00 330.00 1.00 4.00 139.91
463.00 431.00 1.00 5.00 81.67
496.00 488.00 0.00 1.00 177.18
34.00 111.00 1.00 3.00 134.46
9.00 497.00 0.00 3.00 151.01
504.00 412.00 1.00 5.00 49.58
511.00 364.00 0.00 5.00 172.60
494.00 512.00 0.00 4.00 119.09
502.00 492.00 0.00 2.00 55.45
144.00 140.00 0.00 1.00 30.98
152.00 236.00 0.00 3.00 138.44
515.00 156.00 1.00 4.00 42.86
445.00 320.00 1.00 4.00 63.61
493.00 500.00 0.00 1.00 121.61
362.00 127.00 0.00 3.00 81.04
492.00 509.00 0.00 3.00 124.64
490.00 503.00 0.00 4.00 146.71
485.00 260.00 0.00 3.00 35.98
512.00 497.00 1.00 3.00 88.01
509.00 367.00 0.00 1.00 50.31
487.00 330.00 0.00 2.00 112.36
97.00 506.00 0.00 3.00 93.08
224.00 504.00 1.00 5.00 118.14
379.00 255.00 1.00 3.00 100.75
133.00 428.00 0.00 5.00 132.94
512.00 415.00 0.00 2.00 134.98
507.00 515.00 0.00 5.00 108.87
138.00 419.00 1.00 5.00 113.94
501.00 312.00 0.00 1.00 153.40
489.00 93.00 1.00 4.00 198.15
23.00 67.00 0.00 5.00 124.86
405.00 511.00 1.00 2.00 115.71
19.00 505.00 0.00 5.00 32.92
503.00 479.00 1.00 4.00 165.31
337.00 487.00 0.00 1.00 121.79
457.00 86.00 1.00 3.00 33.66
208.00 504.00 1.00 1.00 56.93
2.00 511.00 1.00 2.00 40.18
454.00 154.00 0.00 4.00 68.82
478.00 252.00 0.00 4.00 83.20
514.00 81.00 1.00 1.00 146.13
493.00 17.00 0.00 2.00 95.37
76.00 517.00 0.00 3.00 44.28
463.00 494.00 0.00 2.00 47.83
515.00 510.00 0.00 4.00 144.90
400.00 362.00 0.00 1.00 105.02
488.00 512.00 1.00 1.00 78.28
495.00 200.00 0.00 2.00 197.51
421.00 276.00 0.00 1.00 119.82
372.00 85.00 0.00 4.00 59.98
340.00 220.00 1.00 3.00 130.50
300.00 0.00 1.00 1.00 177.88
513.00 169.00 1.00 1.00 98.20
205.00 491.00 0.00 3.00 85.20
503.00 515.00 1.00 3.00 152.36
126.00 337.00 0.00 2.00 122.78
512.00 111.00 0.00 2.00 110.92
384.00 319.00 0.00 4.00 133.86
488.00 494.00 0.00 2.00 67.53
514.00 240.00 1.00 1.00 70.77
508.00 488.00 0.00 4.00 77.28
390.00 46.00 1.00 3.00 97.17
495.00 505.00 0.00 2.00 74.47
491.00 500.00 0.00 2.00 90.44
498.00 282.00 1.00 1.00 61.02
492.00 265.00 0.00 1.00 60.42
499.00 490.00 1.00 5.00 49.98
501.00 507.00 1.00 2.00 166.23
22.00 1.00 1.00 1.00 54.44
513.00 245.00 1.00 5.00 120.53
437.00 79.00 1.00 2.00 39.76
261.00 512.00 0.00 1.00 91.05
101.00 505.00 0.00 4.00 44.37
487.00 130.00 0.00 1.00 196.85
95.00 515.00 1.00 5.00 51.18
508.00 490.00 1.00 2.00 80.07
506.00 304.00 0.00 3.00 90.15
508.00 1.00 0.00 2.00 160.58
508.00 249.00 1.00 2.00 112.07
489.00 503.00 0.00 5.00 124.67
512.00 502.00 1.00 3.00 96.54
487.00 437.00 1.00 4.00 39.51
491.00 500.00 0.00 1.00 163.48
331.00 507.00 0.00 5.00 31.00
329.00 457.00 1.00 4.00 36.43
512.00 189.00 0.00 5.00 79.22
501.00 509.00 0.00 3.00 105.61
490.00 512.00 1.00 2.00 126.68
231.00 226.00 1.00 5.00 145.46
180.00 72.00 0.00 3.00 176.08
198.00 505.00 0.00 5.00 65.92
513.00 39.00 0.00 4.00 148.15
502.00 492.00 1.00 1.00 143.47
486.00 515.00 0.00 1.00 121.83
496.00 259.00 0.00 3.00 37.17
486.00 473.00 0.00 3.00 129.41
154.00 513.00 0.00 4.00 171.52
512.00 495.00 1.00 3.00 61.07
494.00 506.00 0.00 1.00 160.79
448.00 486.00 0.00 4.00 45.69
510.00 495.00 0.00 5.00 38.88
95.00 491.00 0.00 4.00 174.20
509.00 503.00 1.00 4.00 68.06
513.00 371.00 1.00 4.00 35.83
102.00 98.00 1.00 4.00 182.09
183.00 459.00 0.00 3.00 180.30
273.00 507.00 1.00 1.00 73.55
203.00 53.00 0.00 2.00 64.14
496.00 508.00 1.00 2.00 92.50
268.00 492.00 0.00 5.00 61.73
124.00 507.00 0.00 2.00 133.76
401.00 508.00 0.00 5.00 133.00
438.00 498.00 0.00 5.00 191.37
19.00 313.00 0.00 5.00 107.05
493.00 511.00 1.00 3.00 59.15
508.00 187.00 0.00 4.00 111.00
514.00 497.00 1.00 3.00 112.86
204.00 489.00 1.00 2.00 101.11
513.00 508.00 0.00 2.00 63.95
493.00 341.00 1.00 5.00 73.80
494.00 503.00 0.00 3.00 138.02
487.00 505.00 1.00 3.00 181.90
336.00 131.00 0.00 1.00 66.15
191.00 487.00 0.00 5.00 52.59
19.00 496.00 1.00 4.00 79.89
35.00 393.00 0.00 5.00 160.10
37.00 234.00 0.00 3.00 68.88
134.00 261.00 1.00 4.00 89.08
507.00 315.00 1.00 5.00 50.82
493.00 502.00 1.00 5.00 121.74
483.00 320.00 0.00 2.00 127.73
501.00 486.00 1.00 5.00 181.25
503.00 515.00 0.00 1.00 177.72
488.00 152.00 0.00 3.00 105.26
461.00 269.00 0.00 1.00 101.92
508.00 502.00 0.00 2.00 114.31
503.00 304.00 0.00 3.00 80.46
509.00 442.00 1.00 3.00 135.61
515.00 289.00 0.00 3.00 50.75
494.00 144.00 1.00 4.00 78.46
39.00 490.00 0.00 5.00 37.82
507.00 220.00 0.00 1.00 194.58
4.00 460.00 1.00 3.00 64.73
194.00 507.00 1.00 4.00 39.01
507.00 102.00 0.00 4.00 58.89
425.00 385.00 0.00 4.00 114.44
470.00 226.00 1.00 1.00 126.85
498.00 329.00 1.00 1.00 112.68
514.00 488.00 0.00 5.00 49.96
509.00 49.00 0.00 2.00 143.53
510.00 375.00 1.00 1.00 44.30
496.00 400.00 0.00 4.00 120.03
348.00 117.00 0.00 2.00 174.53
495.00 171.00 0.00 1.00 108.09
492.00 499.00 0.00 3.00 53.11
262.00 509.00 1.00 2.00 105.36
459.00 26.00 1.00 3.00 89.57
437.00 24.00 0.00 3.00 157.53
376.00 506.00 1.00 5.00 163.02
180.00 293.00 1.00 4.00 103.68
497.00 264.00 0.00 4.00 113.50
303.00 493.00 1.00 1.00 187.30
488.00 515.00 1.00 5.00 99.50
489.00 495.00 0.00 3.00 135.85
426.00 509.00 1.00 2.00 109.76
466.00 504.00 0.00 1.00 130.56
457.00 493.00 1.00 3.00 31.67
10.00 486.00 1.00 2.00 47.12
137.00 493.00 1.00 1.00 141.35
490.00 365.00 0.00 3.00 104.85
243.00 14.00 0.00 5.00 141.44
497.00 301.00 1.00 5.00 186.97
489.00 512.00 0.00 2.00 131.29
93.00 30.00 0.00 4.00 151.20
74.00 85.00 1.00 3.00 181.55
489.00 11.00 0.00 1.00 132.74
489.00 515.00 1.00 3.00 196.37
502.00 493.00 0.00 4.00 155.77
511.00 496.00 1.00 2.00 67.94
468.00 219.00 0.00 1.00 46.33
152.00 513.00 1.00 3.00 110.88
507.00 288.00 1.00 4.00 167.37
511.00 493.00 1.00 2.00 68.76
502.00 497.00 1.00 4.00 90.51
516.00 499.00 1.00 2.00 95.99
513.00 502.00 1.00 2.00 173.10
21.00 289.00 0.00 3.00 96.20
177.00 373.00 0.00 4.00 122.86
192.00 376.00 0.00 1.00 51.25
258.00 7.00 0.00 2.00 126.07
207.00 495.00 1.00 3.00 183.47
418.00 385.00 0.00 4.00 37.04
489.00 495.00 0.00 5.00 72.49
487.00 517.00 1.00 4.00 174.92
372.00 297.00 1.00 2.00 48.05
493.00 510.00 1.00 3.00 95.43
269.00 87.00 1.00 4.00 109.24
263.00 489.00 0.00 2.00 52.85
493.00 488.00 1.00 5.00 72.77
502.00 515.00 1.00 5.00 86.73
490.00 513.00 1.00 1.00 97.01
309.00 434.00 0.00 2.00 96.70
141.00 511.00 1.00 5.00 141.66
513.00 111.00 0.00 2.00 116.33
46.00 176.00 0.00 4.00 139.37
373.00 277.00 0.00 5.00 123.23
501.00 213.00 0.00 2.00 32.73
245.00 501.00 0.00 1.00 180.74
489.00 75.00 0.00 4.00 33.36
310.00 503.00 0.00 1.00 128.92
345.00 502.00 1.00 1.00 126.90
513.00 228.00 0.00 5.00 125.18
356.00 514.00 1.00 3.00 169.60
207.00 497.00 0.00 5.00 38.83
377.00 504.00 0.00 4.00 183.61
115.00 511.00 0.00 2.00 172.66
515.00 274.00 1.00 4.00 174.53
494.00 208.00 1.00 1.00 158.09
279.00 503.00 0.00 3.00 169.40
169.00 20.00 0.00 2.00 45.61
328.00 118.00 1.00 2.00 92.75
449.00 489.00 0.00 1.00 35.60
488.00 464.00 1.00 2.00 133.34
511.00 56.00 0.00 2.00 125.45
499.00 140.00 1.00 4.00 143.86
511.00 84.00 1.00 1.00 42.52
488.00 496.00 1.00 2.00 116.32
500.00 283.00 1.00 5.00 87.75
114.00 108.00 0.00 2.00 125.07
490.00 495.00 0.00 4.00 61.04
493.00 504.00 0.00 4.00 141.53
176.00 31.00 1.00 3.00 97.98
500.00 489.00 1.00 1.00 33.54
495.00 311.00 0.00 3.00 57.59
502.00 496.00 0.00 5.00 159.98
41.00 66.00 1.00 1.00 85.90
189.00 495.00 1.00 2.00 89.32
503.00 210.00 1.00 5.00 93.30
515.00 487.00 1.00 1.00 189.77
437.00 511.00 1.00 1.00 141.34
486.00 264.00 0.00 3.00 57.82
493.00 109.00 1.00 1.00 135.84
317.00 308.00 1.00 2.00 38.82
190.00 135.00 0.00 1.00 89.42
513.00 488.00 1.00 1.00 171.10
501.00 153.00 0.00 4.00 97.69
294.00 198.00 1.00 1.00 173.70
37.00 488.00 0.00 1.00 108.74
446.00 289.00 1.00 2.00 121.48
142.00 511.00 1.00 3.00 199.63
502.00 498.00 0.00 5.00 130.01
170.00 498.00 0.00 5.00 104.59
38.00 368.00 1.00 3.00 80.91
244.00 513.00 1.00 5.00 104.38
487.00 115.00 0.00 4.00 124.00
103.00 267.00 0.00 2.00 160.68
54.00 381.00 1.00 4.00 62.24
504.00 145.00 1.00 2.00 183.29
337.00 423.00 0.00 2.00 104.87
505.00 28.00 1.00 3.00 87.99
268.00 487.00 1.00 2.00 43.14
76.00 500.00 0.00 3.00 149.52
337.00 509.00 1.00 4.00 140.21
133.00 193.00 0.00 2.00 106.91
515.00 306.00 1.00 2.00 92.57
501.00 211.00 0.00 4.00 141.46
491.00 111.00 0.00 2.00 111.34
493.00 330.00 0.00 3.00 181.48
495.00 501.00 0.00 5.00 31.26
47.00 502.00 0.00 4.00 64.76
500.00 509.00 0.00 2.00 180.90
289.00 198.00 0.00 4.00 137.96
66.00 370.00 0.00 1.00 92.49
503.00 217.00 0.00 4.00 63.29
433.00 357.00 0.00 4.00 135.77
516.00 358.00 0.00 5.00 140.11
294.00 73.00 1.00 4.00 118.06
510.00 488.00 0.00 4.00 56.93
503.00 498.00 1.00 5.00 101.37
19.00 238.00 0.00 3.00 176.47
116.00 301.00 0.00 2.00 136.09
490.00 498.00 0.00 1.00 107.49
484.00 495.00 0.00 3.00 55.10
429.00 270.00 1.00 5.00 58.61
513.00 170.00 1.00 4.00 34.52
515.00 362.00 0.00 4.00 148.68
232.00 83.00 1.00 5.00 195.27
262.00 450.00 0.00 3.00 182.57
340.00 430.00 1.00 2.00 30.02
265.00 515.00 1.00 1.00 155.21
64.00 434.00 1.00 4.00 196.44
259.00 515.00 0.00 2.00 141.13
430.00 56.00 1.00 2.00 86.34
493.00 503.00 0.00 5.00 199.79
466.00 169.00 1.00 3.00 101.51
516.00 80.00 1.00 4.00 146.97
75.00 337.00 1.00 4.00 97.28
517.00 488.00 0.00 3.00 90.67
489.00 484.00 0.00 2.00 187.11
502.00 182.00 1.00 5.00 42.20
494.00 500.00 1.00 2.00 39.52
270.00 66.00 0.00 2.00 137.03
369.00 24.00 0.00 3.00 175.36
114.00 300.00 1.00 3.00 189.16
447.00 214.00 0.00 2.00 138.40
505.00 498.00 1.00 1.00 90.76
57.00 515.00 0.00 1.00 37.76
315.00 21.00 0.00 2.00 98.39
489.00 517.00 0.00 3.00 181.86
508.00 498.00 1.00 5.00 154.28
489.00 327.00 1.00 2.00 162.08
140.00 486.00 0.00 2.00 190.52
249.00 333.00 0.00 5.00 163.97
509.00 491.00 1.00 3.00 147.09
399.00 495.00 0.00 5.00 36.35
497.00 511.00 1.00 3.00 160.27
487.00 160.00 0.00 1.00 182.20
513.00 495.00 1.00 4.00 40.77
223.00 348.00 1.00 3.00 43.29
155.00 492.00 0.00 5.00 130.13
486.00 502.00 0.00 1.00 52.24
295.00 11.00 1.00 1.00 163.34
235.00 504.00 1.00 2.00 63.34
190.00 506.00 1.00 4.00 63.45
195.00 85.00 0.00 2.00 188.70
499.00 101.00 0.00 3.00 180.12
511.00 138.00 1.00 3.00 168.19
438.00 61.00 1.00 1.00 169.62
69.00 486.00 1.00 4.00 150.04
73.00 476.00 0.00 3.00 148.97
489.00 233.00 1.00 3.00 89.82
430.00 498.00 0.00 2.00 94.82
375.00 160.00 0.00 5.00 68.24
496.00 517.00 1.00 5.00 144.74
13.00 515.00 1.00 1.00 32.81
394.00 83.00 1.00 2.00 126.76
516.00 250.00 1.00 1.00 139.36
490.00 42.00 1.00 5.00 33.40
77.00 194.00 1.00 5.00 61.28
500.00 4.00 0.00 2.00 149.93
373.00 455.00 1.00 5.00 82.57
508.00 496.00 0.00 1.00 165.46
468.00 206.00 1.00 4.00 104.80
4.00 45.00 1.00 1.00 48.40
511.00 487.00 0.00 2.00 53.43
514.00 506.00 0.00 3.00 37.94
258.00 489.00 0.00 2.00 44.01
508.00 456.00 1.00 3.00 84.43
111.00 180.00 1.00 5.00 58.04
418.00 167.00 0.00 4.00 53.25
504.00 497.00 0.00 3.00 36.22
256.00 121.00 1.00 3.00 136.61
357.00 505.00 0.00 3.00 88.98
403.00 490.00 1.00 1.00 74.64
247.00 419.00 0.00 4.00 139.89
270.00 182.00 0.00 5.00 135.20
514.00 508.00 0.00 4.00 179.46
467.00 252.00 0.00 3.00 146.66
502.00 514.00 1.00 1.00 147.56
506.00 489.00 0.00 5.00 145.27
496.00 191.00 1.00 1.00 180.07
331.00 428.00 0.00 4.00 118.85
230.00 513.00 1.00 1.00 142.27
487.00 261.00 1.00 5.00 171.02
509.00 501.00 0.00 1.00 43.13
338.00 494.00 0.00 1.00 198.71
377.00 197.00 0.00 3.00 183.93
195.00 201.00 1.00 3.00 127.61
201.00 273.00 1.00 5.00 116.01
406.00 0.00 1.00 4.00 55.14
11.00 491.00 1.00 4.00 82.70
339.00 503.00 1.00 4.00 64.33
515.00 204.00 0.00 2.00 90.13
441.00 363.00 1.00 1.00 40.54
494.00 489.00 1.00 1.00 189.34
493.00 511.00 1.00 5.00 125.92
180.00 244.00 0.00 4.00 69.09
497.00 224.00 1.00 2.00 74.54
482.00 261.00 0.00 2.00 155.18
491.00 503.00 0.00 2.00 73.83
375.00 475.00 1.00 4.00 108.72
43.00 74.00 1.00 1.00 34.30
513.00 507.00 1.00 1.00 137.66
376.00 357.00 0.00 1.00 41.12
500.00 74.00 0.00 3.00 86.03
501.00 22.00 0.00 1.00 75.74
499.00 509.00 0.00 1.00 89.51
489.00 148.00 1.00 1.00 83.11
410.00 320.00 0.00 5.00 66.78
490.00 231.00 1.00 4.00 70.81
126.00 347.00 0.00 5.00 190.85
399.00 163.00 1.00 4.00 192.99
510.00 225.00 0.00 3.00 50.12
507.00 487.00 0.00 3.00 110.59
323.00 506.00 1.00 5.00 77.82
132.00 512.00 1.00 1.00 172.14
499.00 509.00 0.00 1.00 151.26
513.00 482.00 1.00 1.00 191.30
503.00 164.00 1.00 2.00 158.79
124.00 177.00 1.00 5.00 30.68
96.00 269.00 1.00 3.00 110.55
230.00 502.00 0.00 1.00 177.59
68.00 510.00 0.00 3.00 135.22
507.00 494.00 1.00 3.00 104.92
93.00 515.00 1.00 4.00 43.75
136.00 509.00 1.00 3.00 83.73
497.00 275.00 0.00 4.00 56.80
158.00 509.00 1.00 1.00 78.78
135.00 490.00 1.00 4.00 47.62
279.00 500.00 1.00 1.00 41.81
58.00 496.00 1.00 5.00 185.30
339.00 506.00 0.00 4.00 66.99
356.00 338.00 1.00 5.00 188.55
270.00 107.00 1.00 4.00 35.61
472.00 349.00 0.00 4.00 161.25
517.00 508.00 0.00 3.00 107.88
305.00 508.00 1.00 4.00 68.12
492.00 365.00 0.00 1.00 167.40
514.00 504.00 0.00 3.00 108.16
244.00 509.00 0.00 4.00 192.69
218.00 517.00 0.00 5.00 192.46
286.00 489.00 0.00 2.00 132.58
489.00 503.00 0.00 4.00 49.68
211.00 422.00 1.00 2.00 86.23
515.00 84.00 1.00 3.00 179.71
460.00 388.00 0.00 1.00 92.80
270.00 389.00 1.00 5.00 174.51
154.00 505.00 1.00 1.00 124.00
206.00 494.00 1.00 1.00 102.47
512.00 506.00 1.00 4.00 119.38
506.00 425.00 1.00 3.00 199.51
512.00 11.00 1.00 3.00 60.52
329.00 494.00 1.00 2.00 80.33
49.00 511.00 1.00 1.00 62.82
280.00 497.00 1.00 1.00 137.75
251.00 234.00 0.00 4.00 142.27
495.00 487.00 0.00 3.00 59.88
508.00 363.00 1.00 3.00 130.16
71.00 472.00 0.00 5.00 69.06
517.00 494.00 1.00 2.00 94.29
115.00 23.00 0.00 4.00 71.69
503.00 269.00 1.00 2.00 31.17
335.00 12.00 1.00 5.00 75.87
290.00 494.00 0.00 1.00 154.87
500.00 493.00 1.00 1.00 101.18
235.00 494.00 0.00 5.00 179.63
491.00 164.00 1.00 3.00 96.01
488.00 356.00 0.00 2.00 98.41
428.00 498.00 0.00 3.00 180.40
488.00 211.00 0.00 3.00 72.62
315.00 377.00 0.00 1.00 53.54
389.00 493.00 1.00 5.00 117.98
491.00 513.00 0.00 2.00 35.89
487.00 492.00 1.00 1.00 47.58
407.00 502.00 0.00 1.00 177.43
137.00 394.00 0.00 3.00 127.16
274.00 123.00 0.00 5.00 60.95
517.00 137.00 0.00 1.00 109.29
499.00 308.00 0.00 1.00 72.32
202.00 257.00 0.00 3.00 193.13
500.00 492.00 1.00 2.00 147.95
496.00 507.00 1.00 5.00 121.47
233.00 11.00 0.00 4.00 46.98
494.00 307.00 0.00 3.00 94.63
404.00 508.00 1.00 1.00 173.85
67.00 78.00 1.00 2.00 174.22
428.00 221.00 0.00 5.00 33.61
307.00 151.00 1.00 4.00 103.84
373.00 38.00 1.00 1.00 82.33
58.00 376.00 1.00 1.00 164.89
506.00 213.00 0.00 5.00 57.41
136.00 199.00 1.00 5.00 150.16
496.00 490.00 1.00 4.00 67.50
510.00 489.00 1.00 2.00 55.37
444.00 94.00 0.00 2.00 78.98
488.00 111.00 1.00 4.00 52.84
514.00 505.00 0.00 3.00 32.19
290.00 163.00 1.00 1.00 114.68
158.00 506.00 1.00 4.00 100.98
492.00 395.00 1.00 5.00 36.02
257.00 511.00 0.00 5.00 44.26
413.00 409.00 1.00 5.00 109.80
495.00 504.00 0.00 4.00 107.32
14.00 511.00 1.00 3.00 193.92
237.00 496.00 1.00 3.00 51.73
42.00 514.00 1.00 3.00 93.20
495.00 503.00 0.00 5.00 164.69
500.00 490.00 0.00 3.00 76.39
95.00 502.00 0.00 1.00 197.45
491.00 515.00 0.00 4.00 45.37
45.00 302.00 0.00 4.00 177.29
469.00 503.00 0.00 4.00 196.65
490.00 506.00 1.00 2.00 54.37
83.00 511.00 0.00 2.00 72.98
497.00 217.00 0.00 5.00 107.72
435.00 404.00 1.00 4.00 96.16
257.00 517.00 1.00 2.00 39.54
20.00 344.00 0.00 1.00 101.12
504.00 501.00 0.00 3.00 63.29
501.00 30.00 0.00 4.00 53.06
509.00 500.00 1.00 1.00 109.97
333.00 293.00 0.00 4.00 94.84
273.00 515.00 1.00 3.00 107.52
322.00 506.00 0.00 2.00 198.46
497.00 516.00 1.00 2.00 74.64
491.00 517.00 0.00 2.00 117.47
215.00 10.00 1.00 4.00 49.75
454.00 493.00 1.00 2.00 131.98
234.00 320.00 1.00 2.00 170.93
325.00 200.00 1.00 3.00 152.45
506.00 516.00 1.00 4.00 118.38
196.00 510.00 1.00 3.00 80.33
512.00 503.00 1.00 1.00 60.48
79.00 240.00 0.00 2.00 189.70
343.00 230.00 0.00 5.00 132.80
497.00 303.00 1.00 3.00 107.60
508.00 84.00 0.00 4.00 124.03
8.00 494.00 1.00 1.00 162.81
516.00 482.00 0.00 5.00 118.72
199.00 513.00 0.00 5.00 129.90
490.00 496.00 0.00 2.00 44.35
512.00 507.00 1.00 2.00 30.02
431.00 255.00 0.00 4.00 85.70
491.00 502.00 1.00 2.00 37.88
354.00 469.00 0.00 4.00 137.00
465.00 227.00 1.00 1.00 82.94
500.00 491.00 1.00 1.00 132.12
466.00 508.00 1.00 4.00 165.32
374.00 495.00 0.00 1.00 113.96
488.00 505.00 0.00 2.00 154.54
383.00 231.00 0.00 4.00 106.93
510.00 368.00 0.00 3.00 81.42
317.00 129.00 1.00 5.00 188.54
509.00 502.00 1.00 5.00 146.46
177.00 509.00 0.00 2.00 53.01
516.00 466.00 0.00 2.00 132.22
93.00 257.00 0.00 2.00 171.51
67.00 346.00 1.00 3.00 114.14
498.00 514.00 1.00 4.00 196.36
508.00 493.00 0.00 3.00 88.65
491.00 500.00 1.00 5.00 130.67
496.00 240.00 0.00 1.00 105.98
509.00 99.00 0.00 1.00 117.82
33.00 515.00 0.00 1.00 109.38
58.00 511.00 1.00 2.00 39.73
496.00 101.00 1.00 3.00 51.48
393.00 494.00 0.00 4.00 91.91
510.00 237.00 1.00 1.00 152.92
198.00 161.00 1.00 2.00 72.12
314.00 489.00 1.00 2.00 74.44
305.00 505.00 1.00 5.00 64.18
50.00 34.00 0.00 1.00 185.49
212.00 110.00 0.00 2.00 73.64
503.00 181.00 0.00 3.00 121.10
475.00 513.00 1.00 5.00 94.37
499.00 171.00 0.00 4.00 184.85
39.00 161.00 1.00 3.00 171.32
414.00 220.00 0.00 2.00 62.29
468.00 490.00 1.00 4.00 76.37
93.00 153.00 1.00 3.00 105.61
492.00 511.00 0.00 3.00 193.10
503.00 238.00 0.00 5.00 129.81
494.00 505.00 1.00 3.00 165.25
143.00 131.00 0.00 3.00 30.42
492.00 379.00 1.00 4.00 60.65
494.00 1.00 0.00 3.00 58.25
463.00 54.00 0.00 4.00 72.63
512.00 176.00 1.00 2.00 177.29
30.00 489.00 0.00 5.00 136.79
494.00 487.00 1.00 1.00 124.97
494.00 517.00 0.00 4.00 180.49
231.00 361.00 0.00 4.00 107.33
502.00 156.00 0.00 4.00 82.31
128.00 403.00 0.00 4.00 30.61
494.00 505.00 0.00 2.00 83.18
497.00 32.00 0.00 4.00 127.21
516.00 125.00 0.00 5.00 65.73
502.00 493.00 1.00 2.00 74.29
517.00 14.00 1.00 4.00 92.13
510.00 18.00 0.00 3.00 153.34
53.00 208.00 0.00 3.00 96.42
421.00 491.00 0.00 1.00 86.24
499.00 226.00 0.00 3.00 72.08
425.00 492.00 0.00 2.00 122.21
151.00 425.00 0.00 1.00 47.25
493.00 500.00 0.00 2.00 51.95
109.00 470.00 1.00 5.00 108.18
332.00 497.00 0.00 3.00 99.15
499.00 203.00 1.00 3.00 48.14
96.00 125.00 0.00 2.00 113.03
41.00 193.00 1.00 5.00 165.66
378.00 495.00 0.00 3.00 123.78
517.00 321.00 1.00 2.00 53.89
486.00 23.00 0.00 5.00 141.04
492.00 412.00 0.00 1.00 125.11
352.00 170.00 1.00 3.00 47.98
248.00 510.00 0.00 3.00 93.08
502.00 108.00 1.00 4.00 32.98
111.00 357.00 1.00 2.00 161.01
513.00 111.00 1.00 4.00 118.55
492.00 400.00 0.00 5.00 42.18
228.00 372.00 1.00 3.00 177.43
326.00 59.00 0.00 5.00 91.85
166.00 500.00 1.00 1.00 76.02
225.00 363.00 0.00 1.00 125.05
513.00 487.00 0.00 3.00 61.78
513.00 157.00 0.00 2.00 109.89
507.00 492.00 0.00 3.00 126.46
393.00 507.00 0.00 2.00 41.56
163.00 358.00 0.00 2.00 113.20
514.00 493.00 1.00 5.00 98.67
490.00 319.00 1.00 5.00 77.66
487.00 21.00 1.00 4.00 182.64
190.00 370.00 1.00 5.00 170.62
132.00 185.00 1.00 5.00 133.08
321.00 489.00 1.00 1.00 149.46
492.00 503.00 0.00 5.00 125.27
182.00 505.00 0.00 3.00 191.00
485.00 486.00 0.00 3.00 53.81
516.00 423.00 1.00 4.00 55.72
517.00 214.00 0.00 5.00 168.56
508.00 490.00 0.00 3.00 124.26
437.00 172.00 1.00 3.00 116.24
513.00 149.00 0.00 1.00 107.75
488.00 504.00 0.00 3.00 63.27
498.00 13.00 1.00 5.00 40.51
496.00 511.00 1.00 1.00 187.50
487.00 494.00 1.00 3.00 75.41
502.00 497.00 0.00 1.00 104.50
498.00 510.00 0.00 4.00 138.11
495.00 277.00 0.00 3.00 188.80
486.00 500.00 1.00 5.00 169.58
92.00 465.00 0.00 5.00 101.75
491.00 509.00 1.00 4.00 178.36
491.00 501.00 1.00 5.00 116.75
514.00 503.00 1.00 5.00 42.03
83.00 499.00 1.00 1.00 101.04
499.00 516.00 1.00 2.00 52.63
496.00 516.00 1.00 5.00 65.44
490.00 517.00 0.00 4.00 35.98
516.00 509.00 0.00 3.00 171.38
419.00 501.00 1.00 2.00 93.88
312.00 468.00 1.00 1.00 146.66
415.00 516.00 1.00 4.00 57.48
503.00 269.00 0.00 5.00 83.34
12.00 168.00 0.00 4.00 80.35
495.00 490.00 0.00 5.00 59.73
247.00 131.00 1.00 3.00 34.87
486.00 513.00 1.00 4.00 39.17
315.00 508.00 1.00 4.00 70.87
207.00 330.00 1.00 4.00 156.71
517.00 358.00 1.00 4.00 130.76
278.00 515.00 1.00 2.00 187.68
494.00 507.00 0.00 3.00 36.67
486.00 415.00 1.00 1.00 109.75
10.00 457.00 1.00 1.00 166.08
498.00 193.00 0.00 4.00 172.95
130.00 490.00 1.00 2.00 198.27
110.00 503.00 0.00 2.00 98.22
498.00 13.00 0.00 4.00 51.93
61.00 381.00 0.00 1.00 78.13
220.00 514.00 1.00 1.00 120.48
455.00 339.00 0.00 1.00 141.79
489.00 501.00 1.00 3.00 81.35
313.00 507.00 1.00 4.00 136.09
229.00 515.00 1.00 5.00 185.99
80.00 511.00 0.00 3.00 149.96
43.00 164.00 0.00 3.00 156.97
200.00 514.00 0.00 3.00 120.44
316.00 366.00 0.00 1.00 162.13
21.00 182.00 0.00 5.00 137.35
356.00 506.00 0.00 2.00 125.97
496.00 212.00 1.00 3.00 56.25
516.00 224.00 1.00 3.00 44.35
345.00 492.00 0.00 1.00 111.57
503.00 338.00 1.00 5.00 37.46
514.00 246.00 0.00 3.00 135.75
476.00 486.00 0.00 1.00 192.45
486.00 66.00 1.00 1.00 143.82
513.00 188.00 0.00 3.00 125.39
517.00 162.00 1.00 1.00 47.94
516.00 423.00 0.00 3.00 130.01
451.00 483.00 0.00 4.00 178.24
479.00 79.00 1.00 2.00 48.97
393.00 217.00 0.00 4.00 190.82
513.00 393.00 0.00 2.00 87.32
493.00 160.00 1.00 3.00 69.16
508.00 498.00 0.00 4.00 60.11
58.00 511.00 0.00 5.00 157.23
84.00 493.00 0.00 5.00 108.00
512.00 111.00 0.00 2.00 40.17
486.00 494.00 1.00 2.00 88.31
196.00 490.00 1.00 1.00 98.14
506.00 39.00 0.00 1.00 91.48
517.00 411.00 0.00 5.00 174.62
98.00 412.00 0.00 5.00 143.16
31.00 489.00 1.00 1.00 140.82
517.00 504.00 1.00 3.00 164.25
59.00 206.00 1.00 2.00 103.62
511.00 322.00 1.00 5.00 57.33
237.00 323.00 1.00 5.00 108.78
495.00 313.00 0.00 5.00 94.37
492.00 515.00 0.00 1.00 81.14
57.00 45.00 1.00 2.00 167.20
516.00 486.00 0.00 2.00 156.29
498.00 319.00 0.00 3.00 70.31
514.00 491.00 0.00 5.00 135.79
62.00 513.00 0.00 1.00 127.75
13.00 469.00 1.00 5.00 92.74
19.00 26.00 1.00 4.00 148.39
49.00 327.00 1.00 1.00 136.55
503.00 119.00 0.00 1.00 142.23
502.00 105.00 0.00 2.00 94.90
319.00 342.00 0.00 5.00 62.40
442.00 168.00 0.00 2.00 125.82
373.00 147.00 1.00 2.00 39.25
348.00 489.00 1.00 3.00 148.01
346.00 504.00 0.00 2.00 151.42
205.00 501.00 1.00 3.00 173.16
158.00 81.00 0.00 4.00 140.05
512.00 506.00 0.00 5.00 169.12
265.00 496.00 1.00 3.00 182.35
463.00 140.00 1.00 3.00 125.86
259.00 493.00 0.00 2.00 96.20
496.00 507.00 0.00 5.00 143.34
494.00 515.00 1.00 3.00 192.75
508.00 165.00 0.00 4.00 58.29
502.00 489.00 1.00 2.00 36.33
197.00 222.00 0.00 2.00 118.83
488.00 510.00 1.00 1.00 59.43
11.00 305.00 0.00 3.00 51.40
504.00 166.00 0.00 2.00 182.55
500.00 517.00 0.00 5.00 115.52
478.00 486.00 0.00 1.00 31.65
349.00 513.00 1.00 2.00 54.31
281.00 419.00 1.00 2.00 126.39
490.00 515.00 0.00 2.00 76.14
364.00 486.00 0.00 4.00 44.52
149.00 510.00 1.00 1.00 48.51
492.00 504.00 1.00 1.00 62.97
233.00 489.00 0.00 1.00 77.78
145.00 486.00 0.00 5.00 105.66
515.00 500.00 0.00 5.00 87.08
148.00 497.00 1.00 3.00 109.00
506.00 329.00 0.00 2.00 133.99
149.00 508.00 1.00 2.00 131.50
209.00 110.00 0.00 5.00 105.74
497.00 510.00 0.00 2.00 89.95
501.00 513.00 1.00 1.00 103.28
486.00 133.00 0.00 5.00 122.35
504.00 491.00 1.00 5.00 121.45
114.00 516.00 1.00 1.00 166.80
505.00 415.00 1.00 1.00 46.58
36.00 363.00 0.00 2.00 124.44
68.00 492.00 1.00 1.00 153.81
313.00 496.00 1.00 1.00 196.25
254.00 421.00 0.00 1.00 81.83
499.00 370.00 0.00 2.00 89.82
494.00 506.00 0.00 3.00 107.16
340.00 514.00 0.00 4.00 199.48
510.00 221.00 0.00 5.00 152.27
515.00 488.00 1.00 1.00 78.96
506.00 515.00 1.00 5.00 58.10
458.00 85.00 0.00 2.00 176.64
500.00 275.00 0.00 4.00 102.08
195.00 512.00 0.00 5.00 197.39
506.00 229.00 0.00 1.00 149.02
509.00 487.00 0.00 2.00 107.11
317.00 485.00 0.00 2.00 130.23
167.00 503.00 0.00 4.00 120.55
487.00 37.00 1.00 5.00 139.98
508.00 423.00 1.00 4.00 122.66
351.00 510.00 1.00 1.00 57.31
505.00 513.00 1.00 5.00 99.44
142.00 496.00 0.00 4.00 87.19
139.00 451.00 0.00 4.00 153.33
508.00 486.00 0.00 5.00 130.90
492.00 17.00 1.00 5.00 47.80
514.00 486.00 1.00 2.00 112.73
80.00 269.00 0.00 3.00 72.09
412.00 501.00 0.00 3.00 48.27
105.00 489.00 0.00 3.00 139.75
338.00 288.00 1.00 1.00 61.28
293.00 517.00 1.00 2.00 110.96
64.00 512.00 0.00 3.00 186.04
508.00 501.00 0.00 2.00 197.12
99.00 373.00 1.00 2.00 77.50
494.00 503.00 0.00 4.00 69.61
494.00 505.00 0.00 4.00 52.09
514.00 397.00 0.00 5.00 174.63
415.00 92.00 1.00 5.00 73.09
517.00 489.00 0.00 4.00 53.84
207.00 512.00 0.00 4.00 127.33
508.00 39.00 1.00 4.00 146.62
504.00 62.00 0.00 4.00 91.94
290.00 516.00 0.00 2.00 66.85
452.00 494.00 1.00 2.00 164.98
97.00 41.00 1.00 3.00 147.40
444.00 514.00 1.00 5.00 36.57
130.00 313.00 0.00 4.00 90.68
496.00 502.00 0.00 3.00 178.24
500.00 494.00 0.00 3.00 115.47
143.00 403.00 1.00 5.00 91.61
443.00 331.00 0.00 3.00 158.52
172.00 39.00 0.00 1.00 65.60
387.00 125.00 0.00 1.00 44.55
513.00 283.00 0.00 3.00 183.53
74.00 379.00 1.00 3.00 149.78
494.00 503.00 0.00 4.00 136.28
495.00 516.00 1.00 5.00 36.23
493.00 48.00 0.00 3.00 39.53
510.00 89.00 1.00 5.00 145.77
197.00 51.00 1.00 5.00 97.81
499.00 15.00 0.00 4.00 84.54
495.00 353.00 1.00 4.00 105.92
496.00 503.00 0.00 1.00 75.82
51.00 153.00 1.00 5.00 194.54
496.00 14.00 1.00 3.00 54.58
394.00 496.00 0.00 3.00 91.88
494.00 500.00 1.00 2.00 169.41
512.00 101.00 0.00 3.00 144.17
352.00 95.00 1.00 3.00 193.73
493.00 488.00 1.00 1.00 178.92
114.00 502.00 1.00 5.00 152.77
510.00 501.00 0.00 4.00 66.44
80.00 494.00 1.00 4.00 141.57
492.00 295.00 0.00 3.00 186.01
2.00 172.00 1.00 4.00 55.49
491.00 507.00 0.00 4.00 162.15
489.00 188.00 0.00 3.00 122.32
388.00 491.00 0.00 4.00 159.68
491.00 502.00 1.00 2.00 199.73
494.00 486.00 1.00 3.00 49.81
493.00 194.00 1.00 5.00 55.03
515.00 490.00 0.00 4.00 133.57
490.00 501.00 0.00 5.00 81.59
69.00 87.00 1.00 2.00 82.30
487.00 508.00 1.00 2.00 172.33
502.00 462.00 0.00 2.00 46.95
502.00 413.00 0.00 5.00 187.41
82.00 513.00 1.00 1.00 193.64
493.00 140.00 1.00 1.00 135.03
206.00 285.00 1.00 1.00 189.15
514.00 58.00 0.00 5.00 174.48
511.00 247.00 0.00 1.00 139.96
445.00 396.00 0.00 1.00 95.31
63.00 473.00 0.00 3.00 161.26
439.00 487.00 0.00 1.00 31.96
516.00 498.00 0.00 5.00 100.35
489.00 313.00 0.00 4.00 166.61
101.00 221.00 0.00 1.00 153.71
303.00 490.00 0.00 4.00 117.22
247.00 229.00 0.00 2.00 85.48
339.00 404.00 1.00 5.00 46.08
331.00 174.00 1.00 5.00 49.06
308.00 503.00 0.00 5.00 31.87
352.00 97.00 1.00 4.00 67.17
269.00 491.00 1.00 2.00 152.84
489.00 496.00 0.00 5.00 62.74
285.00 195.00 1.00 3.00 88.92
173.00 508.00 0.00 4.00 37.27
231.00 300.00 1.00 2.00 105.43
512.00 501.00 1.00 5.00 111.07
508.00 486.00 1.00 1.00 73.14
502.00 32.00 0.00 3.00 131.23
385.00 494.00 0.00 3.00 93.18
369.00 17.00 1.00 1.00 90.55
504.00 292.00 1.00 1.00 64.38
491.00 36.00 0.00 2.00 72.95
510.00 492.00 0.00 5.00 82.21
513.00 240.00 1.00 3.00 131.01
367.00 219.00 1.00 5.00 142.97
494.00 368.00 0.00 4.00 41.63
260.00 504.00 0.00 3.00 96.27
304.00 469.00 1.00 2.00 167.46
278.00 487.00 1.00 5.00 171.48
486.00 385.00 1.00 5.00 175.52
510.00 492.00 1.00 5.00 132.94
407.00 498.00 1.00 4.00 150.39
494.00 506.00 0.00 3.00 115.20
514.00 58.00 1.00 1.00 142.38
180.00 69.00 1.00 3.00 115.52
465.00 504.00 1.00 2.00 109.00
150.00 500.00 0.00 2.00 147.93
129.00 189.00 0.00 4.00 51.53
482.00 504.00 0.00 1.00 128.32
155.00 491.00 1.00 5.00 31.00
290.00 275.00 0.00 5.00 121.27
292.00 507.00 0.00 4.00 71.68
181.00 356.00 1.00 4.00 53.81
241.00 459.00 0.00 2.00 40.60
136.00 244.00 0.00 4.00 140.54
436.00 389.00 0.00 1.00 126.49
501.00 403.00 1.00 2.00 163.66
451.00 165.00 0.00 1.00 172.96
511.00 345.00 1.00 1.00 124.00
82.00 427.00 0.00 5.00 46.64
514.00 501.00 1.00 3.00 122.78
205.00 510.00 0.00 4.00 142.29
429.00 212.00 1.00 3.00 91.78
243.00 507.00 1.00 4.00 100.29
514.00 506.00 1.00 3.00 194.91
499.00 101.00 0.00 4.00 49.88
511.00 138.00 0.00 4.00 121.38
35.00 78.00 1.00 1.00 164.64
488.00 173.00 0.00 2.00 197.92
277.00 249.00 0.00 5.00 123.55
467.00 308.00 0.00 3.00 195.80
109.00 267.00 0.00 1.00 46.14
128.00 490.00 0.00 1.00 60.60
383.00 59.00 1.00 2.00 119.83
362.00 114.00 0.00 5.00 92.40
227.00 498.00 1.00 3.00 60.58
349.00 488.00 0.00 5.00 132.95
269.00 70.00 0.00 5.00 67.10
505.00 515.00 1.00 2.00 117.93
59.00 363.00 1.00 3.00 127.02
331.00 478.00 0.00 4.00 91.51
516.00 506.00 0.00 3.00 195.60
506.00 501.00 0.00 4.00 44.06
490.00 280.00 0.00 5.00 137.88
502.00 494.00 0.00 5.00 53.64
494.00 505.00 1.00 2.00 93.86
66.00 147.00 0.00 2.00 102.43
70.00 466.00 1.00 1.00 44.17
510.00 451.00 0.00 3.00 86.58
490.00 404.00 1.00 2.00 130.41
332.00 486.00 1.00 4.00 165.02
514.00 501.00 1.00 3.00 41.51
258.00 490.00 0.00 4.00 127.30
511.00 347.00 0.00 2.00 49.34
517.00 509.00 0.00 5.00 45.68
385.00 28.00 0.00 4.00 170.43
288.00 178.00 1.00 5.00 41.39
497.00 506.00 1.00 3.00 149.81
