324.00 20.00 1.00 5.00 51.28
195.00 510.00 0.00 2.00 189.06
44.00 27.00 1.00 5.00 68.51
470.00 494.00 0.00 2.00 141.35
48.00 187.00 1.00 1.00 64.92
36.00 193.00 1.00 5.00 137.14
371.00 25.00 1.00 1.00 133.40
497.00 486.00 1.00 5.00 47.38
357.00 402.00 0.00 4.00 149.79
98.00 197.00 0.00 3.00 73.98
262.00 488.00 0.00 3.00 66.90
491.00 332.00 1.00 2.00 77.84
320.00 55.00 0.00 3.00 95.22
443.00 512.00 0.00 2.00 93.72
35.00 26.00 1.00 4.00 121.05
509.00 77.00 1.00 5.00 129.22
488.00 506.00 0.00 1.00 132.87
516.00 80.00 1.00 1.00 105.92
492.00 499.00 0.00 5.00 83.92
514.00 507.00 1.00 2.00 131.24
499.00 123.00 0.00 4.00 77.55
359.00 511.00 1.00 3.00 172.99
348.00 513.00 1.00 3.00 74.60
40.00 372.00 0.00 3.00 105.94
159.00 511.00 1.00 2.00 88.39
95.00 241.00 1.00 1.00 169.57
105.00 391.00 1.00 5.00 171.26
491.00 186.00 1.00 1.00 150.94
272.00 428.00 1.00 4.00 198.26
487.00 365.00 1.00 2.00 171.34
514.00 502.00 1.00 1.00 179.44
511.00 63.00 1.00 1.00 113.39
515.00 501.00 1.00 1.00 72.56
76.00 301.00 0.00 1.00 144.87
487.00 25.00 0.00 5.00 143.39
503.00 517.00 1.00 4.00 49.06
340.00 39.00 1.00 4.00 166.94
426.00 502.00 0.00 2.00 118.61
252.00 503.00 0.00 2.00 154.74
502.00 6.00 1.00 2.00 115.14
281.00 513.00 0.00 5.00 119.92
515.00 506.00 1.00 2.00 46.21
170.00 506.00 0.00 2.00 197.90
508.00 499.00 1.00 2.00 30.90
497.00 505.00 1.00 2.00 43.40
490.00 514.00 1.00 1.00 186.67
513.00 224.00 1.00 5.00 44.11
415.00 377.00 1.00 2.00 194.22
505.00 377.00 0.00 4.00 41.32
500.00 87.00 0.00 4.00 52.63
425.00 495.00 1.00 4.00 51.12
490.00 285.00 0.00 1.00 138.66
121.00 494.00 1.00 3.00 87.48
89.00 504.00 0.00 5.00 160.16
507.00 92.00 0.00 4.00 70.52
511.00 353.00 1.00 3.00 193.62
211.00 490.00 0.00 4.00 134.89
125.00 410.00 0.00 5.00 121.30
504.00 40.00 1.00 5.00 176.82
400.00 205.00 1.00 4.00 101.01
516.00 343.00 0.00 2.00 122.10
160.00 489.00 0.00 5.00 186.21
311.00 56.00 1.00 4.00 175.09
441.00 492.00 1.00 5.00 126.47
233.00 404.00 0.00 1.00 103.98
141.00 332.00 1.00 5.00 127.45
494.00 242.00 1.00 4.00 171.31
106.00 510.00 0.00 4.00 52.21
245.00 497.00 0.00 3.00 60.54
427.00 464.00 0.00 4.00 108.59
497.00 508.00 0.00 3.00 148.62
457.00 328.00 1.00 1.00 177.58
506.00 491.00 0.00 4.00 44.12
509.00 313.00 1.00 3.00 36.80
513.00 173.00 1.00 2.00 101.96
206.00 511.00 1.00 1.00 148.76
54.00 516.00 1.00 2.00 194.74
491.00 504.00 0.00 2.00 147.59
325.00 507.00 1.00 5.00 85.44
500.00 98.00 0.00 2.00 108.81
18.00 506.00 0.00 3.00 120.21
513.00 438.00 0.00 4.00 38.41
363.00 14.00 1.00 1.00 119.12
493.00 243.00 0.00 3.00 59.28
166.00 510.00 1.00 2.00 81.45
506.00 499.00 1.00 1.00 160.16
506.00 514.00 1.00 5.00 125.25
117.00 491.00 0.00 2.00 53.19
175.00 365.00 0.00 1.00 99.82
500.00 508.00 0.00 4.00 98.52
138.00 299.00 1.00 1.00 96.23
92.00 514.00 1.00 4.00 177.90
504.00 514.00 0.00 5.00 117.53
491.00 497.00 1.00 2.00 74.18
129.00 492.00 0.00 4.00 47.70
384.00 515.00 1.00 4.00 149.15
7.00 507.00 0.00 2.00 177.26
474.00 366.00 0.00 5.00 190.50
215.00 123.00 0.00 1.00 91.16
199.00 507.00 0.00 5.00 68.13
508.00 486.00 1.00 2.00 118.65
228.00 514.00 0.00 3.00 84.63
101.00 496.00 1.00 4.00 92.51
506.00 337.00 0.00 3.00 40.87
502.00 500.00 0.00 2.00 39.68
497.00 317.00 1.00 2.00 144.06
495.00 507.00 1.00 2.00 101.94
468.00 488.00 1.00 1.00 105.33
44.00 444.00 0.00 4.00 158.18
489.00 501.00 0.00 5.00 122.90
498.00 118.00 0.00 2.00 128.93
254.00 339.00 1.00 5.00 116.61
242.00 281.00 0.00 2.00 106.47
491.00 158.00 1.00 5.00 57.00
509.00 495.00 0.00 5.00 95.90
1.00 391.00 0.00 3.00 151.06
282.00 168.00 1.00 4.00 148.11
314.00 363.00 1.00 4.00 91.02
207.00 504.00 1.00 4.00 109.34
494.00 76.00 0.00 4.00 42.69
113.00 506.00 0.00 3.00 188.47
148.00 415.00 0.00 2.00 111.05
511.00 505.00 1.00 2.00 170.86
346.00 300.00 1.00 3.00 107.02
284.00 487.00 0.00 3.00 181.51
283.00 496.00 0.00 3.00 54.76
494.00 500.00 0.00 4.00 61.54
312.00 496.00 1.00 1.00 93.30
314.00 500.00 0.00 5.00 109.70
502.00 514.00 1.00 5.00 143.12
302.00 515.00 0.00 3.00 163.94
91.00 447.00 1.00 2.00 173.00
355.00 325.00 1.00 1.00 95.05
504.00 96.00 1.00 3.00 117.57
517.00 509.00 1.00 1.00 193.76
201.00 497.00 0.00 4.00 171.30
486.00 87.00 1.00 1.00 198.89
309.00 397.00 0.00 3.00 85.80
66.00 319.00 1.00 2.00 160.89
390.00 61.00 1.00 3.00 154.77
496.00 513.00 0.00 5.00 70.01
196.00 201.00 0.00 3.00 43.67
508.00 164.00 0.00 5.00 115.27
493.00 418.00 1.00 1.00 73.41
511.00 488.00 0.00 3.00 56.23
73.00 247.00 0.00 1.00 186.62
515.00 445.00 1.00 2.00 111.47
517.00 398.00 0.00 2.00 167.79
516.00 505.00 0.00 3.00 194.14
500.00 514.00 1.00 4.00 141.20
426.00 491.00 0.00 5.00 156.27
4.00 260.00 1.00 2.00 167.05
388.00 243.00 1.00 3.00 108.87
288.00 502.00 1.00 3.00 125.28
513.00 495.00 1.00 2.00 178.69
376.00 502.00 1.00 5.00 91.41
27.00 347.00 1.00 1.00 165.87
497.00 77.00 1.00 1.00 53.59
505.00 88.00 0.00 4.00 198.86
515.00 84.00 0.00 5.00 140.45
487.00 264.00 0.00 3.00 145.56
458.00 493.00 1.00 2.00 175.72
444.00 501.00 1.00 2.00 196.62
507.00 488.00 1.00 3.00 62.10
514.00 496.00 1.00 5.00 65.82
304.00 506.00 1.00 4.00 63.43
503.00 510.00 0.00 5.00 196.22
344.00 513.00 1.00 5.00 81.62
309.00 494.00 1.00 5.00 190.69
487.00 498.00 0.00 3.00 51.03
514.00 391.00 1.00 1.00 63.59
412.00 488.00 0.00 1.00 92.25
1.00 499.00 0.00 2.00 154.28
462.00 261.00 0.00 4.00 156.02
509.00 490.00 0.00 4.00 36.99
349.00 137.00 0.00 2.00 121.10
328.00 487.00 0.00 2.00 62.21
490.00 215.00 0.00 3.00 103.83
483.00 517.00 1.00 1.00 130.53
503.00 493.00 0.00 3.00 175.88
511.00 399.00 1.00 4.00 117.14
498.00 517.00 0.00 3.00 104.74
508.00 494.00 1.00 2.00 33.64
44.00 475.00 0.00 2.00 197.18
516.00 507.00 1.00 3.00 88.22
290.00 170.00 1.00 2.00 138.88
250.00 503.00 1.00 2.00 167.55
335.00 495.00 0.00 4.00 30.78
490.00 497.00 1.00 5.00 121.01
513.00 378.00 0.00 2.00 94.06
41.00 502.00 1.00 4.00 70.53
514.00 500.00 0.00 3.00 166.99
514.00 506.00 1.00 5.00 148.01
489.00 507.00 0.00 2.00 79.71
497.00 514.00 1.00 4.00 93.14
46.00 490.00 0.00 1.00 94.42
330.00 505.00 1.00 5.00 151.70
381.00 122.00 0.00 2.00 147.74
198.00 514.00 1.00 2.00 35.87
499.00 511.00 1.00 3.00 91.91
343.00 468.00 0.00 5.00 68.52
497.00 243.00 0.00 1.00 118.04
502.00 497.00 0.00 2.00 134.60
284.00 207.00 1.00 1.00 109.10
504.00 490.00 0.00 5.00 126.35
156.00 103.00 0.00 4.00 33.15
507.00 495.00 0.00 2.00 161.71
497.00 213.00 0.00 5.00 65.96
510.00 495.00 1.00 1.00 98.44
325.00 444.00 1.00 4.00 46.32
215.00 454.00 1.00 5.00 126.51
88.00 158.00 0.00 4.00 115.74
373.00 513.00 1.00 1.00 144.22
218.00 498.00 0.00 3.00 33.80
115.00 482.00 1.00 2.00 90.42
510.00 496.00 0.00 3.00 109.70
486.00 245.00 0.00 3.00 63.94
250.00 495.00 1.00 4.00 59.25
345.00 509.00 1.00 1.00 73.88
515.00 499.00 1.00 5.00 157.01
173.00 500.00 1.00 4.00 33.69
403.00 394.00 1.00 2.00 112.36
514.00 493.00 0.00 2.00 197.29
502.00 491.00 0.00 5.00 64.87
494.00 487.00 0.00 3.00 96.03
489.00 215.00 1.00 5.00 59.88
364.00 119.00 1.00 3.00 162.36
498.00 503.00 1.00 5.00 91.61
65.00 426.00 0.00 5.00 31.83
242.00 486.00 1.00 1.00 194.52
496.00 511.00 1.00 3.00 36.99
513.00 507.00 0.00 1.00 109.43
497.00 314.00 1.00 3.00 87.99
323.00 487.00 0.00 5.00 38.07
513.00 429.00 0.00 2.00 69.91
151.00 40.00 1.00 4.00 182.54
282.00 475.00 0.00 2.00 179.03
2.00 501.00 0.00 2.00 101.19
315.00 511.00 0.00 2.00 176.71
299.00 513.00 0.00 4.00 65.35
226.00 458.00 0.00 5.00 70.69
233.00 405.00 0.00 4.00 30.00
453.00 102.00 1.00 4.00 192.25
198.00 164.00 1.00 5.00 115.66
504.00 488.00 0.00 4.00 88.49
285.00 516.00 1.00 3.00 37.05
498.00 510.00 1.00 5.00 177.67
497.00 507.00 1.00 3.00 34.47
50.00 500.00 0.00 1.00 159.15
498.00 487.00 1.00 4.00 49.56
444.00 64.00 1.00 5.00 157.74
284.00 487.00 0.00 4.00 100.42
503.00 451.00 1.00 3.00 164.69
390.00 505.00 0.00 1.00 32.46
516.00 505.00 1.00 5.00 163.34
210.00 194.00 0.00 3.00 79.57
165.00 432.00 1.00 2.00 101.98
515.00 251.00 1.00 5.00 117.84
207.00 233.00 1.00 1.00 93.38
497.00 0.00 0.00 1.00 171.66
488.00 509.00 1.00 5.00 33.06
513.00 277.00 1.00 5.00 65.40
200.00 498.00 0.00 4.00 171.78
326.00 499.00 1.00 4.00 186.48
359.00 42.00 0.00 5.00 109.37
255.00 322.00 1.00 4.00 111.35
301.00 216.00 0.00 5.00 175.67
298.00 495.00 0.00 4.00 31.01
515.00 1.00 1.00 5.00 86.99
189.00 138.00 1.00 2.00 50.11
499.00 170.00 0.00 2.00 98.90
506.00 513.00 0.00 2.00 54.43
487.00 493.00 1.00 4.00 120.21
511.00 517.00 1.00 1.00 78.44
496.00 487.00 1.00 5.00 137.58
377.00 497.00 1.00 4.00 30.19
344.00 493.00 0.00 5.00 102.75
169.00 495.00 0.00 5.00 95.71
512.00 26.00 1.00 1.00 167.25
292.00 486.00 0.00 1.00 199.93
312.00 50.00 0.00 5.00 61.47
499.00 95.00 0.00 3.00 110.11
319.00 242.00 1.00 3.00 114.58
509.00 495.00 0.00 1.00 52.90
258.00 516.00 1.00 2.00 93.10
508.00 114.00 0.00 5.00 87.73
491.00 517.00 1.00 4.00 45.29
187.00 488.00 1.00 4.00 75.78
385.00 489.00 1.00 1.00 100.16
504.00 194.00 0.00 1.00 168.16
503.00 488.00 0.00 2.00 80.59
506.00 437.00 0.00 3.00 128.72
502.00 516.00 0.00 5.00 34.13
351.00 449.00 1.00 3.00 67.41
495.00 507.00 1.00 3.00 139.27
517.00 508.00 0.00 4.00 43.19
403.00 509.00 0.00 2.00 116.97
355.00 492.00 0.00 3.00 69.91
442.00 498.00 1.00 5.00 143.11
515.00 498.00 1.00 2.00 77.85
487.00 63.00 0.00 4.00 77.01
49.00 499.00 1.00 4.00 112.99
491.00 122.00 1.00 5.00 32.07
487.00 439.00 1.00 2.00 167.83
55.00 209.00 0.00 5.00 199.35
487.00 331.00 0.00 5.00 114.76
507.00 500.00 0.00 2.00 112.78
107.00 300.00 0.00 4.00 95.73
351.00 513.00 1.00 3.00 199.43
497.00 490.00 1.00 5.00 60.39
144.00 213.00 0.00 4.00 30.15
493.00 244.00 1.00 2.00 136.60
504.00 517.00 1.00 2.00 143.44
506.00 33.00 1.00 4.00 180.40
503.00 137.00 0.00 1.00 169.44
511.00 487.00 1.00 3.00 94.65
367.00 184.00 1.00 4.00 100.63
400.00 514.00 1.00 5.00 43.98
501.00 340.00 0.00 1.00 185.17
501.00 506.00 0.00 4.00 80.36
511.00 489.00 1.00 5.00 184.61
378.00 140.00 0.00 3.00 137.49
498.00 517.00 1.00 3.00 120.17
74.00 496.00 1.00 5.00 44.08
510.00 210.00 0.00 5.00 184.26
507.00 495.00 0.00 3.00 127.53
5.00 515.00 0.00 2.00 117.50
488.00 513.00 0.00 1.00 165.00
300.00 500.00 1.00 5.00 184.35
302.00 514.00 1.00 4.00 131.46
486.00 279.00 1.00 5.00 110.93
514.00 487.00 1.00 4.00 73.56
107.00 56.00 0.00 2.00 125.76
516.00 276.00 0.00 5.00 148.14
412.00 508.00 0.00 1.00 53.21
425.00 448.00 1.00 2.00 108.26
500.00 514.00 1.00 2.00 180.78
488.00 508.00 1.00 2.00 81.07
492.00 247.00 1.00 1.00 104.22
516.00 502.00 0.00 2.00 122.66
474.00 57.00 0.00 4.00 30.93
128.00 497.00 0.00 5.00 44.86
121.00 511.00 0.00 5.00 82.92
388.00 496.00 0.00 4.00 156.97
486.00 240.00 1.00 1.00 131.18
178.00 503.00 1.00 3.00 165.61
505.00 513.00 0.00 5.00 85.24
409.00 488.00 0.00 3.00 122.69
501.00 495.00 1.00 2.00 162.68
487.00 502.00 0.00 1.00 173.88
509.00 228.00 0.00 1.00 100.02
344.00 415.00 0.00 1.00 99.38
498.00 57.00 0.00 1.00 157.45
213.00 497.00 0.00 2.00 112.08
81.00 349.00 1.00 5.00 117.82
228.00 517.00 1.00 1.00 170.42
159.00 503.00 0.00 4.00 141.99
208.00 367.00 1.00 4.00 188.49
62.00 499.00 0.00 2.00 92.01
516.00 510.00 0.00 2.00 114.49
495.00 187.00 0.00 1.00 52.16
38.00 412.00 0.00 5.00 159.89
503.00 259.00 1.00 5.00 168.97
496.00 0.00 0.00 4.00 90.07
466.00 256.00 1.00 5.00 150.24
496.00 272.00 0.00 4.00 37.66
348.00 493.00 0.00 1.00 144.27
507.00 187.00 0.00 5.00 108.00
355.00 496.00 0.00 5.00 87.72
515.00 256.00 1.00 4.00 192.39
466.00 416.00 0.00 5.00 121.24
495.00 490.00 1.00 5.00 116.69
41.00 512.00 1.00 5.00 112.40
507.00 305.00 1.00 1.00 151.44
123.00 503.00 0.00 3.00 69.57
511.00 487.00 1.00 4.00 197.49
141.00 146.00 0.00 2.00 172.68
500.00 508.00 1.00 1.00 153.64
239.00 517.00 1.00 1.00 195.03
283.00 507.00 1.00 4.00 139.95
492.00 517.00 0.00 4.00 95.49
184.00 496.00 1.00 1.00 176.38
355.00 2.00 0.00 1.00 164.72
491.00 394.00 0.00 3.00 104.62
504.00 280.00 1.00 3.00 188.24
123.00 516.00 1.00 2.00 32.87
505.00 498.00 1.00 3.00 65.52
515.00 502.00 0.00 1.00 146.23
509.00 517.00 0.00 5.00 144.70
333.00 63.00 1.00 4.00 159.21
514.00 272.00 0.00 2.00 96.94
186.00 459.00 1.00 1.00 117.04
489.00 374.00 0.00 2.00 198.32
486.00 0.00 0.00 3.00 198.91
487.00 502.00 1.00 4.00 39.82
511.00 490.00 0.00 1.00 109.21
494.00 489.00 0.00 3.00 49.01
504.00 490.00 1.00 5.00 101.32
488.00 45.00 1.00 5.00 94.01
240.00 490.00 0.00 5.00 83.89
312.00 218.00 1.00 1.00 100.90
498.00 321.00 1.00 2.00 44.26
46.00 356.00 1.00 4.00 69.95
501.00 9.00 0.00 1.00 95.48
114.00 94.00 1.00 3.00 55.42
517.00 59.00 0.00 4.00 93.28
517.00 3.00 0.00 1.00 76.69
517.00 507.00 0.00 5.00 199.08
302.00 291.00 0.00 2.00 65.40
373.00 513.00 1.00 5.00 93.97
242.00 229.00 0.00 1.00 111.31
486.00 498.00 0.00 5.00 183.29
491.00 143.00 1.00 3.00 67.02
67.00 490.00 0.00 3.00 197.75
294.00 346.00 1.00 5.00 171.51
180.00 374.00 1.00 2.00 36.95
142.00 493.00 0.00 2.00 53.58
229.00 492.00 0.00 1.00 138.15
516.00 386.00 0.00 4.00 69.75
41.00 333.00 1.00 4.00 34.40
516.00 504.00 1.00 3.00 36.88
128.00 326.00 1.00 4.00 190.93
176.00 58.00 1.00 2.00 86.41
317.00 123.00 1.00 1.00 195.24
145.00 295.00 1.00 1.00 58.74
498.00 274.00 0.00 5.00 31.65
440.00 502.00 1.00 1.00 80.51
513.00 419.00 1.00 4.00 162.24
272.00 332.00 1.00 2.00 178.03
264.00 490.00 0.00 4.00 81.49
431.00 69.00 0.00 3.00 52.36
491.00 497.00 1.00 5.00 196.57
383.00 492.00 1.00 2.00 88.63
496.00 317.00 1.00 4.00 101.13
250.00 142.00 0.00 2.00 106.91
488.00 401.00 0.00 4.00 69.05
499.00 380.00 0.00 4.00 156.40
505.00 148.00 0.00 1.00 120.50
505.00 216.00 0.00 3.00 46.21
486.00 493.00 1.00 4.00 155.10
57.00 463.00 1.00 3.00 181.96
31.00 502.00 1.00 4.00 146.11
347.00 495.00 0.00 3.00 192.14
146.00 249.00 1.00 3.00 73.20
516.00 226.00 0.00 4.00 113.42
406.00 497.00 1.00 3.00 119.53
500.00 337.00 1.00 5.00 186.42
503.00 490.00 1.00 5.00 145.99
502.00 121.00 0.00 1.00 187.44
513.00 186.00 0.00 5.00 78.34
514.00 434.00 1.00 4.00 42.83
508.00 487.00 0.00 2.00 192.48
55.00 162.00 0.00 1.00 74.13
517.00 487.00 1.00 5.00 120.49
512.00 487.00 0.00 4.00 195.12
503.00 512.00 0.00 1.00 138.63
487.00 315.00 1.00 4.00 176.27
242.00 129.00 0.00 1.00 31.11
516.00 22.00 0.00 2.00 155.97
32.00 473.00 1.00 1.00 72.26
515.00 79.00 0.00 4.00 34.92
473.00 22.00 1.00 5.00 141.56
223.00 515.00 0.00 2.00 182.83
514.00 261.00 1.00 2.00 179.81
75.00 285.00 1.00 1.00 164.93
90.00 237.00 0.00 5.00 49.93
76.00 317.00 0.00 4.00 44.47
503.00 512.00 0.00 4.00 177.91
503.00 17.00 0.00 3.00 146.85
493.00 501.00 1.00 5.00 67.01
488.00 503.00 1.00 5.00 189.32
503.00 512.00 1.00 5.00 75.58
504.00 499.00 1.00 2.00 92.42
311.00 499.00 0.00 3.00 144.09
515.00 499.00 0.00 1.00 140.92
328.00 307.00 1.00 5.00 109.93
508.00 516.00 1.00 1.00 112.05
503.00 491.00 1.00 5.00 166.68
219.00 517.00 1.00 5.00 107.50
285.00 486.00 1.00 4.00 59.68
494.00 488.00 1.00 1.00 170.17
386.00 493.00 1.00 5.00 123.89
120.00 495.00 0.00 2.00 137.79
175.00 49.00 1.00 3.00 144.38
503.00 490.00 0.00 1.00 86.08
157.00 508.00 0.00 1.00 114.48
510.00 208.00 1.00 5.00 65.06
51.00 325.00 0.00 5.00 194.63
511.00 487.00 1.00 5.00 70.02
514.00 381.00 1.00 1.00 63.00
487.00 395.00 1.00 5.00 125.89
279.00 317.00 0.00 4.00 65.41
346.00 111.00 0.00 1.00 90.93
504.00 498.00 1.00 1.00 76.50
403.00 357.00 1.00 4.00 170.34
492.00 486.00 1.00 4.00 127.02
27.00 499.00 0.00 5.00 193.25
508.00 76.00 1.00 4.00 145.74
505.00 310.00 1.00 5.00 45.10
345.00 515.00 1.00 5.00 147.74
514.00 507.00 1.00 5.00 138.89
509.00 502.00 0.00 5.00 133.47
2.00 488.00 0.00 4.00 122.27
326.00 507.00 0.00 1.00 32.78
488.00 421.00 1.00 1.00 161.28
38.00 459.00 1.00 4.00 114.46
504.00 495.00 1.00 3.00 32.31
332.00 457.00 1.00 5.00 125.47
507.00 502.00 1.00 1.00 160.07
434.00 510.00 1.00 1.00 145.69
356.00 286.00 0.00 5.00 153.55
279.00 493.00 0.00 4.00 66.39
507.00 496.00 1.00 2.00 178.74
509.00 14.00 0.00 1.00 82.90
495.00 8.00 0.00 1.00 193.21
181.00 313.00 1.00 5.00 109.92
504.00 191.00 1.00 4.00 91.45
409.00 488.00 0.00 5.00 117.74
511.00 99.00 1.00 2.00 136.47
506.00 437.00 1.00 5.00 118.50
490.00 371.00 1.00 3.00 190.90
378.00 403.00 0.00 1.00 161.58
175.00 491.00 1.00 4.00 98.19
244.00 240.00 1.00 5.00 187.76
41.00 86.00 1.00 2.00 121.43
500.00 152.00 1.00 4.00 129.36
452.00 507.00 1.00 2.00 192.09
493.00 296.00 1.00 1.00 140.31
496.00 515.00 0.00 5.00 57.91
517.00 512.00 0.00 5.00 184.22
123.00 32.00 1.00 4.00 85.86
504.00 511.00 0.00 3.00 91.04
416.00 244.00 0.00 1.00 173.65
487.00 496.00 1.00 5.00 173.80
517.00 500.00 1.00 5.00 80.68
350.00 503.00 0.00 5.00 186.08
331.00 506.00 1.00 2.00 123.20
498.00 487.00 0.00 2.00 198.13
255.00 499.00 0.00 5.00 38.59
283.00 517.00 1.00 4.00 87.51
435.00 512.00 1.00 3.00 120.13
171.00 390.00 1.00 5.00 93.20
502.00 494.00 1.00 3.00 48.44
214.00 510.00 0.00 1.00 160.39
35.00 68.00 1.00 3.00 86.02
508.00 266.00 0.00 1.00 76.01
488.00 515.00 1.00 4.00 115.32
511.00 90.00 0.00 4.00 195.75
495.00 509.00 0.00 1.00 91.81
513.00 341.00 1.00 2.00 139.75
198.00 495.00 0.00 2.00 45.51
63.00 515.00 0.00 5.00 194.89
460.00 68.00 0.00 3.00 170.96
488.00 497.00 0.00 2.00 119.26
109.00 498.00 1.00 1.00 87.83
134.00 510.00 1.00 5.00 152.05
508.00 340.00 0.00 4.00 185.90
202.00 507.00 1.00 2.00 152.88
499.00 112.00 0.00 3.00 65.47
512.00 517.00 0.00 2.00 117.40
235.00 263.00 0.00 1.00 92.52
516.00 131.00 1.00 5.00 158.60
44.00 491.00 1.00 1.00 181.63
515.00 400.00 0.00 1.00 121.43
508.00 84.00 0.00 2.00 88.28
458.00 440.00 1.00 4.00 78.88
489.00 502.00 1.00 2.00 106.14
509.00 295.00 1.00 3.00 55.06
398.00 514.00 1.00 4.00 119.73
70.00 61.00 0.00 1.00 55.57
502.00 515.00 1.00 1.00 45.21
24.00 477.00 1.00 4.00 69.22
508.00 501.00 0.00 5.00 161.87
477.00 500.00 1.00 1.00 53.41
492.00 206.00 0.00 4.00 41.69
450.00 7.00 1.00 3.00 50.35
249.00 243.00 1.00 2.00 126.49
499.00 167.00 1.00 4.00 178.56
502.00 515.00 1.00 5.00 151.77
286.00 149.00 1.00 2.00 33.45
486.00 154.00 1.00 3.00 143.51
487.00 498.00 0.00 3.00 33.85
97.00 509.00 1.00 3.00 89.98
515.00 505.00 0.00 3.00 88.32
516.00 64.00 1.00 5.00 193.52
173.00 466.00 1.00 1.00 114.58
141.00 365.00 1.00 1.00 147.68
488.00 211.00 0.00 1.00 150.56
491.00 222.00 0.00 5.00 172.31
438.00 113.00 0.00 5.00 74.78
26.00 425.00 1.00 1.00 162.00
210.00 515.00 1.00 4.00 62.23
513.00 310.00 0.00 3.00 143.69
496.00 139.00 1.00 2.00 64.64
489.00 514.00 1.00 3.00 178.22
345.00 494.00 0.00 1.00 31.06
493.00 511.00 1.00 1.00 121.56
442.00 236.00 0.00 5.00 168.53
393.00 511.00 0.00 5.00 33.11
341.00 514.00 0.00 2.00 80.35
489.00 455.00 1.00 5.00 161.43
385.00 503.00 1.00 1.00 163.61
428.00 229.00 0.00 2.00 82.91
512.00 434.00 1.00 5.00 43.79
501.00 195.00 1.00 5.00 123.83
248.00 491.00 1.00 5.00 88.20
398.00 493.00 1.00 1.00 88.59
408.00 510.00 1.00 4.00 172.97
166.00 352.00 1.00 2.00 41.40
501.00 247.00 0.00 3.00 35.21
357.00 511.00 1.00 1.00 69.33
488.00 73.00 0.00 5.00 160.05
151.00 504.00 0.00 2.00 127.72
70.00 487.00 1.00 5.00 65.90
92.00 491.00 1.00 3.00 146.93
101.00 504.00 0.00 5.00 131.35
509.00 435.00 1.00 4.00 160.98
65.00 509.00 0.00 3.00 87.75
513.00 96.00 1.00 5.00 72.41
469.00 232.00 1.00 3.00 43.31
288.00 490.00 1.00 2.00 104.21
516.00 330.00 0.00 3.00 146.07
100.00 423.00 0.00 4.00 87.62
137.00 496.00 0.00 4.00 32.96
498.00 273.00 0.00 4.00 32.24
492.00 513.00 1.00 2.00 181.56
503.00 511.00 0.00 5.00 116.59
506.00 489.00 1.00 5.00 121.72
479.00 496.00 1.00 2.00 44.96
366.00 398.00 0.00 1.00 154.22
315.00 155.00 0.00 4.00 104.16
350.00 490.00 0.00 5.00 173.86
95.00 495.00 0.00 5.00 186.41
494.00 514.00 0.00 5.00 145.42
494.00 330.00 0.00 3.00 70.15
450.00 148.00 1.00 2.00 32.40
52.00 497.00 1.00 1.00 159.61
105.00 254.00 0.00 4.00 60.80
163.00 13.00 1.00 4.00 189.71
494.00 268.00 0.00 5.00 195.26
492.00 500.00 1.00 2.00 130.44
508.00 197.00 1.00 1.00 94.19
517.00 436.00 1.00 2.00 40.22
32.00 517.00 1.00 5.00 40.16
492.00 500.00 0.00 1.00 47.93
280.00 513.00 1.00 5.00 49.74
24.00 458.00 1.00 4.00 171.78
132.00 376.00 1.00 3.00 90.17
491.00 179.00 1.00 4.00 196.25
105.00 514.00 1.00 1.00 32.07
359.00 452.00 1.00 4.00 148.88
360.00 189.00 1.00 2.00 61.53
493.00 516.00 0.00 5.00 195.05
443.00 511.00 1.00 1.00 90.99
286.00 315.00 1.00 2.00 126.93
517.00 488.00 0.00 1.00 42.70
513.00 501.00 0.00 5.00 185.48
495.00 487.00 0.00 5.00 60.92
470.00 504.00 0.00 1.00 175.71
437.00 240.00 1.00 1.00 161.01
504.00 85.00 1.00 3.00 90.03
238.00 470.00 0.00 1.00 169.01
499.00 452.00 0.00 5.00 30.61
488.00 230.00 1.00 5.00 104.91
496.00 515.00 0.00 5.00 156.08
503.00 358.00 0.00 5.00 113.44
366.00 459.00 0.00 1.00 87.96
511.00 516.00 0.00 2.00 96.44
280.00 107.00 0.00 2.00 69.35
494.00 488.00 1.00 5.00 193.39
261.00 517.00 1.00 5.00 189.28
491.00 496.00 1.00 5.00 101.78
509.00 500.00 0.00 5.00 165.66
256.00 490.00 0.00 4.00 69.87
512.00 429.00 0.00 2.00 96.33
253.00 214.00 0.00 5.00 72.47
110.00 514.00 1.00 4.00 83.37
508.00 224.00 0.00 5.00 171.99
144.00 508.00 0.00 5.00 79.18
508.00 122.00 0.00 2.00 126.33
511.00 231.00 0.00 5.00 191.32
309.00 493.00 0.00 2.00 64.22
515.00 383.00 1.00 5.00 157.36
509.00 504.00 1.00 1.00 165.53
503.00 193.00 1.00 1.00 182.78
406.00 516.00 0.00 3.00 77.58
94.00 463.00 1.00 4.00 188.78
495.00 509.00 1.00 3.00 159.45
178.00 516.00 0.00 2.00 31.74
184.00 54.00 1.00 4.00 32.73
169.00 507.00 0.00 2.00 158.64
320.00 343.00 1.00 4.00 196.16
514.00 274.00 1.00 5.00 163.42
260.00 204.00 0.00 5.00 122.71
490.00 105.00 1.00 3.00 124.50
517.00 471.00 0.00 1.00 49.25
487.00 504.00 1.00 4.00 92.18
511.00 506.00 1.00 5.00 34.69
122.00 505.00 1.00 2.00 56.45
509.00 486.00 0.00 3.00 125.29
184.00 421.00 0.00 4.00 186.64
404.00 86.00 1.00 5.00 90.43
499.00 502.00 1.00 2.00 150.97
516.00 106.00 0.00 4.00 48.46
510.00 76.00 0.00 4.00 62.40
71.00 401.00 0.00 3.00 53.05
494.00 512.00 0.00 1.00 131.92
495.00 510.00 1.00 1.00 184.67
513.00 93.00 0.00 3.00 87.34
487.00 492.00 0.00 1.00 150.68
125.00 490.00 1.00 3.00 120.86
473.00 499.00 1.00 4.00 53.10
513.00 309.00 1.00 5.00 193.86
26.00 512.00 0.00 1.00 99.60
160.00 305.00 1.00 5.00 98.76
506.00 516.00 1.00 3.00 198.93
503.00 510.00 0.00 5.00 114.12
509.00 503.00 1.00 2.00 141.61
99.00 312.00 1.00 1.00 148.02
504.00 511.00 1.00 4.00 160.20
498.00 506.00 1.00 3.00 174.24
495.00 490.00 1.00 2.00 192.07
260.00 514.00 1.00 1.00 142.60
234.00 265.00 0.00 4.00 92.63
442.00 8.00 0.00 3.00 68.55
301.00 365.00 1.00 3.00 185.00
382.00 504.00 1.00 3.00 108.23
500.00 511.00 1.00 1.00 67.62
517.00 496.00 1.00 4.00 179.08
502.00 513.00 0.00 4.00 97.50
505.00 500.00 1.00 2.00 68.50
516.00 268.00 0.00 5.00 59.12
408.00 501.00 1.00 5.00 37.73
491.00 201.00 0.00 5.00 188.81
494.00 517.00 0.00 2.00 164.13
500.00 6.00 0.00 5.00 36.33
499.00 407.00 1.00 3.00 98.88
36.00 277.00 0.00 5.00 78.28
9.00 202.00 1.00 2.00 129.48
492.00 501.00 0.00 3.00 68.56
203.00 215.00 1.00 4.00 56.18
58.00 388.00 0.00 2.00 41.89
509.00 486.00 0.00 2.00 68.71
499.00 457.00 0.00 2.00 41.80
504.00 498.00 0.00 3.00 62.11
84.00 509.00 1.00 5.00 66.65
460.00 155.00 0.00 5.00 146.87
377.00 512.00 1.00 4.00 183.08
487.00 508.00 0.00 4.00 168.56
513.00 491.00 0.00 3.00 166.93
501.00 81.00 1.00 5.00 38.25
75.00 146.00 1.00 4.00 72.65
496.00 372.00 1.00 4.00 61.53
171.00 512.00 0.00 1.00 47.43
509.00 489.00 1.00 2.00 75.78
494.00 505.00 1.00 5.00 111.89
97.00 48.00 0.00 3.00 128.96
508.00 487.00 0.00 5.00 175.04
255.00 243.00 0.00 5.00 176.77
427.00 515.00 1.00 2.00 117.11
502.00 334.00 1.00 3.00 103.02
60.00 486.00 1.00 5.00 149.68
494.00 512.00 1.00 3.00 188.88
443.00 496.00 0.00 1.00 100.25
503.00 487.00 0.00 3.00 195.43
135.00 129.00 0.00 1.00 113.33
489.00 270.00 1.00 5.00 60.52
435.00 286.00 1.00 1.00 100.98
410.00 514.00 1.00 4.00 180.32
180.00 157.00 0.00 4.00 79.71
490.00 498.00 1.00 2.00 131.58
499.00 489.00 0.00 1.00 39.74
249.00 43.00 1.00 4.00 103.01
410.00 487.00 0.00 4.00 145.51
494.00 486.00 1.00 2.00 40.85
192.00 495.00 0.00 3.00 119.64
493.00 506.00 0.00 1.00 48.19
404.00 496.00 0.00 3.00 55.14
394.00 70.00 1.00 4.00 108.61
44.00 496.00 0.00 3.00 175.58
376.00 160.00 1.00 5.00 83.03
447.00 517.00 1.00 5.00 125.24
512.00 502.00 0.00 1.00 59.46
32.00 139.00 0.00 5.00 174.33
366.00 16.00 0.00 2.00 96.11
58.00 500.00 1.00 4.00 75.28
460.00 516.00 1.00 4.00 104.31
267.00 497.00 1.00 1.00 120.41
341.00 514.00 0.00 1.00 43.16
515.00 496.00 1.00 2.00 43.07
174.00 513.00 1.00 2.00 38.40
492.00 285.00 0.00 1.00 69.66
19.00 283.00 1.00 4.00 57.53
446.00 515.00 1.00 3.00 168.66
399.00 251.00 1.00 4.00 100.49
285.00 246.00 0.00 4.00 199.23
486.00 84.00 1.00 2.00 92.03
498.00 488.00 0.00 1.00 68.28
486.00 470.00 1.00 4.00 87.49
506.00 156.00 0.00 2.00 111.14
496.00 166.00 1.00 1.00 119.20
512.00 496.00 0.00 3.00 119.41
496.00 320.00 1.00 2.00 163.63
494.00 255.00 1.00 5.00 86.02
25.00 497.00 0.00 4.00 71.18
511.00 214.00 1.00 4.00 63.54
214.00 504.00 0.00 4.00 81.76
516.00 493.00 1.00 2.00 146.12
516.00 282.00 1.00 3.00 34.42
340.00 499.00 1.00 5.00 121.84
498.00 325.00 0.00 3.00 43.76
7.00 377.00 0.00 4.00 122.11
512.00 164.00 1.00 4.00 164.24
108.00 436.00 0.00 2.00 165.98
494.00 516.00 1.00 5.00 173.90
437.00 391.00 1.00 5.00 155.13
487.00 513.00 1.00 5.00 110.86
413.00 101.00 0.00 5.00 168.68
383.00 490.00 0.00 1.00 91.28
498.00 470.00 1.00 2.00 178.86
497.00 502.00 1.00 2.00 133.43
503.00 329.00 1.00 4.00 148.49
307.00 99.00 0.00 5.00 66.87
441.00 498.00 0.00 1.00 98.72
508.00 503.00 1.00 3.00 169.07
488.00 495.00 0.00 2.00 89.36
457.00 512.00 0.00 5.00 73.19
414.00 504.00 1.00 1.00 92.39
496.00 324.00 1.00 3.00 190.71
489.00 344.00 1.00 5.00 86.49
495.00 514.00 0.00 5.00 79.32
220.00 496.00 0.00 4.00 96.77
495.00 504.00 1.00 1.00 53.63
488.00 239.00 1.00 1.00 131.74
493.00 514.00 1.00 2.00 177.93
501.00 517.00 0.00 5.00 122.13
432.00 98.00 1.00 1.00 134.61
501.00 487.00 1.00 1.00 156.21
503.00 488.00 1.00 2.00 88.94
489.00 494.00 1.00 5.00 68.21
54.00 272.00 0.00 3.00 160.20
440.00 180.00 0.00 1.00 83.76
509.00 499.00 1.00 1.00 159.36
498.00 504.00 1.00 3.00 33.93
502.00 500.00 0.00 4.00 155.64
489.00 509.00 0.00 4.00 69.52
499.00 502.00 1.00 5.00 169.57
459.00 127.00 1.00 4.00 105.12
505.00 497.00 1.00 4.00 31.44
491.00 328.00 0.00 1.00 178.72
94.00 121.00 0.00 2.00 152.87
199.00 151.00 0.00 4.00 38.95
515.00 210.00 1.00 2.00 78.28
176.00 220.00 1.00 1.00 104.25
389.00 112.00 1.00 5.00 75.35
196.00 489.00 0.00 5.00 158.00
494.00 207.00 0.00 4.00 142.33
503.00 337.00 1.00 4.00 94.05
500.00 423.00 0.00 2.00 79.79
220.00 25.00 1.00 1.00 33.77
498.00 487.00 1.00 2.00 71.38
513.00 504.00 0.00 3.00 187.29
511.00 63.00 1.00 3.00 140.97
59.00 193.00 1.00 3.00 149.50
257.00 87.00 1.00 3.00 67.23
210.00 501.00 0.00 5.00 55.83
514.00 508.00 1.00 1.00 60.80
260.00 138.00 0.00 5.00 103.27
516.00 112.00 0.00 3.00 129.56
491.00 463.00 0.00 1.00 188.88
496.00 510.00 1.00 3.00 167.57
60.00 505.00 0.00 1.00 97.26
301.00 506.00 1.00 3.00 199.49
342.00 208.00 0.00 2.00 188.22
282.00 309.00 0.00 1.00 179.79
512.00 243.00 1.00 2.00 67.29
437.00 406.00 1.00 1.00 153.40
14.00 333.00 1.00 2.00 44.35
495.00 509.00 1.00 2.00 176.45
517.00 512.00 1.00 2.00 158.58
307.00 241.00 1.00 1.00 59.32
486.00 496.00 0.00 4.00 65.62
50.00 49.00 1.00 2.00 138.71
495.00 511.00 0.00 5.00 163.91
27.00 513.00 0.00 4.00 79.59
312.00 497.00 1.00 4.00 136.85
486.00 15.00 1.00 5.00 129.83
507.00 491.00 0.00 1.00 101.64
333.00 501.00 0.00 3.00 191.39
90.00 122.00 1.00 3.00 165.17
510.00 504.00 1.00 5.00 67.85
413.00 323.00 1.00 4.00 146.24
513.00 487.00 1.00 5.00 195.31
492.00 498.00 0.00 3.00 43.73
461.00 348.00 0.00 3.00 175.68
65.00 517.00 0.00 3.00 40.77
491.00 468.00 1.00 3.00 93.39
484.00 427.00 1.00 1.00 186.01
503.00 68.00 1.00 2.00 50.47
509.00 495.00 1.00 1.00 121.95
193.00 272.00 0.00 1.00 124.06
177.00 290.00 0.00 1.00 188.70
261.00 492.00 1.00 1.00 103.35
366.00 218.00 0.00 4.00 189.23
383.00 206.00 0.00 1.00 167.82
486.00 329.00 1.00 4.00 153.73
42.00 156.00 1.00 3.00 157.42
152.00 255.00 1.00 3.00 109.63
333.00 216.00 1.00 1.00 51.09
489.00 517.00 1.00 4.00 65.25
500.00 517.00 0.00 1.00 78.01
513.00 457.00 0.00 5.00 120.28
327.00 507.00 0.00 5.00 145.90
500.00 208.00 1.00 3.00 175.37
514.00 324.00 0.00 1.00 114.69
493.00 502.00 1.00 4.00 50.99
430.00 501.00 0.00 2.00 58.40
294.00 229.00 1.00 5.00 92.16
493.00 4.00 0.00 2.00 139.81
394.00 320.00 1.00 1.00 97.42
486.00 503.00 1.00 3.00 115.95
505.00 490.00 0.00 5.00 156.96
484.00 1.00 0.00 3.00 189.66
502.00 466.00 0.00 4.00 177.28
418.00 80.00 1.00 3.00 52.19
232.00 497.00 1.00 4.00 193.94
155.00 433.00 1.00 1.00 106.51
503.00 491.00 0.00 2.00 128.70
488.00 505.00 0.00 1.00 117.80
510.00 515.00 1.00 2.00 79.70
467.00 245.00 0.00 5.00 193.29
435.00 99.00 1.00 1.00 162.20
257.00 508.00 1.00 3.00 97.21
488.00 500.00 0.00 1.00 175.83
408.00 27.00 0.00 5.00 129.65
501.00 125.00 1.00 2.00 159.83
24.00 459.00 1.00 2.00 185.91
216.00 488.00 1.00 1.00 184.95
387.00 488.00 1.00 1.00 100.91
372.00 410.00 0.00 1.00 101.66
513.00 346.00 0.00 2.00 144.27
489.00 509.00 1.00 5.00 82.09
506.00 396.00 0.00 1.00 86.16
356.00 445.00 1.00 3.00 56.03
502.00 270.00 0.00 5.00 64.23
387.00 498.00 1.00 3.00 189.62
486.00 504.00 1.00 3.00 184.54
502.00 507.00 1.00 2.00 68.88
514.00 204.00 0.00 1.00 42.25
134.00 506.00 1.00 1.00 171.27
394.00 182.00 1.00 3.00 175.95
489.00 509.00 0.00 2.00 77.61
373.00 172.00 0.00 1.00 58.24
411.00 510.00 1.00 2.00 74.64
499.00 488.00 1.00 1.00 70.10
510.00 486.00 0.00 1.00 30.68
517.00 488.00 1.00 1.00 152.02
495.00 381.00 0.00 2.00 77.84
500.00 234.00 1.00 3.00 96.36
500.00 434.00 1.00 2.00 173.39
108.00 493.00 0.00 4.00 43.79
517.00 414.00 1.00 1.00 60.97
446.00 490.00 0.00 5.00 65.07
510.00 55.00 0.00 5.00 112.57
291.00 283.00 0.00 4.00 82.25
89.00 494.00 1.00 5.00 162.84
503.00 513.00 1.00 3.00 84.01
512.00 500.00 1.00 1.00 123.94
357.00 144.00 0.00 5.00 131.08
498.00 460.00 1.00 2.00 166.07
516.00 74.00 1.00 5.00 120.76
509.00 502.00 1.00 4.00 71.09
467.00 127.00 0.00 1.00 103.30
182.00 486.00 0.00 2.00 72.48
500.00 505.00 0.00 1.00 96.27
500.00 504.00 1.00 2.00 135.94
498.00 503.00 1.00 5.00 103.50
61.00 320.00 0.00 1.00 132.93
510.00 496.00 1.00 5.00 118.04
508.00 411.00 0.00 4.00 109.78
14.00 381.00 1.00 3.00 62.74
244.00 492.00 1.00 2.00 191.64
491.00 15.00 0.00 2.00 185.65
80.00 505.00 0.00 5.00 155.10
181.00 500.00 1.00 3.00 84.97
499.00 350.00 1.00 5.00 150.87
93.00 502.00 1.00 3.00 116.44
501.00 513.00 0.00 2.00 47.91
51.00 444.00 0.00 5.00 124.19
501.00 489.00 1.00 2.00 41.71
497.00 19.00 0.00 1.00 91.44
52.00 512.00 0.00 4.00 150.79
440.00 135.00 0.00 4.00 141.54
508.00 329.00 0.00 3.00 57.56
507.00 502.00 1.00 4.00 121.44
33.00 372.00 0.00 1.00 45.20
429.00 495.00 1.00 4.00 179.10
489.00 344.00 0.00 4.00 97.18
506.00 499.00 0.00 1.00 82.31
348.00 305.00 0.00 3.00 138.71
166.00 355.00 0.00 5.00 134.88
428.00 13.00 1.00 3.00 188.79
79.00 502.00 1.00 3.00 55.51
496.00 82.00 0.00 5.00 151.79
145.00 491.00 0.00 3.00 120.10
128.00 507.00 1.00 3.00 48.48
188.00 486.00 1.00 3.00 149.45
476.00 512.00 1.00 1.00 129.79
106.00 445.00 0.00 1.00 81.17
237.00 131.00 1.00 1.00 136.38
149.00 511.00 1.00 1.00 58.16
500.00 166.00 0.00 2.00 35.31
190.00 497.00 1.00 3.00 119.39
346.00 513.00 1.00 2.00 48.96
506.00 288.00 1.00 3.00 191.86
149.00 491.00 0.00 1.00 57.26
516.00 489.00 1.00 5.00 144.17
511.00 6.00 1.00 3.00 193.19
172.00 44.00 1.00 2.00 51.25
488.00 510.00 0.00 2.00 143.33
21.00 495.00 0.00 5.00 58.99
423.00 451.00 1.00 5.00 54.21
499.00 460.00 1.00 2.00 110.81
503.00 487.00 0.00 4.00 168.36
513.00 504.00 0.00 1.00 165.93
319.00 69.00 1.00 3.00 57.14
495.00 507.00 1.00 4.00 109.99
454.00 62.00 1.00 2.00 156.75
489.00 501.00 1.00 5.00 75.72
499.00 377.00 0.00 3.00 118.54
500.00 504.00 1.00 2.00 164.60
205.00 496.00 0.00 4.00 193.08
185.00 507.00 0.00 4.00 101.96
517.00 509.00 0.00 4.00 37.15
10.00 488.00 1.00 2.00 105.27
75.00 350.00 0.00 4.00 172.63
447.00 330.00 1.00 1.00 164.11
293.00 461.00 1.00 1.00 67.29
487.00 335.00 1.00 1.00 95.04
157.00 507.00 0.00 5.00 123.41
435.00 517.00 1.00 3.00 151.02
292.00 512.00 1.00 4.00 171.97
502.00 403.00 0.00 2.00 157.27
496.00 502.00 0.00 3.00 189.96
512.00 504.00 0.00 1.00 197.25
252.00 492.00 0.00 2.00 102.64
504.00 10.00 1.00 3.00 82.52
160.00 441.00 0.00 4.00 160.30
172.00 155.00 0.00 5.00 53.13
223.00 289.00 1.00 5.00 140.24
516.00 509.00 0.00 1.00 102.61
486.00 500.00 0.00 5.00 64.73
211.00 500.00 1.00 4.00 104.02
171.00 344.00 0.00 4.00 52.58
517.00 505.00 0.00 1.00 145.38
506.00 516.00 0.00 4.00 48.60
516.00 488.00 1.00 3.00 137.13
513.00 352.00 0.00 4.00 194.02
162.00 493.00 1.00 1.00 170.25
124.00 503.00 1.00 2.00 165.27
507.00 498.00 0.00 5.00 108.39
234.00 500.00 0.00 3.00 183.69
489.00 517.00 1.00 5.00 182.24
500.00 336.00 0.00 2.00 199.77
134.00 391.00 1.00 2.00 55.51
508.00 491.00 1.00 5.00 102.49
22.00 488.00 1.00 5.00 153.20
272.00 14.00 1.00 5.00 181.38
497.00 89.00 1.00 5.00 161.40
515.00 1.00 1.00 2.00 156.01
494.00 511.00 0.00 1.00 152.10
515.00 490.00 0.00 4.00 192.48
514.00 467.00 0.00 2.00 192.28
131.00 364.00 1.00 1.00 55.93
274.00 506.00 0.00 1.00 120.09
516.00 487.00 0.00 4.00 92.30
493.00 486.00 1.00 2.00 39.19
502.00 256.00 0.00 1.00 79.61
498.00 185.00 0.00 2.00 50.27
167.00 488.00 0.00 5.00 79.53
5.00 69.00 1.00 4.00 102.32
498.00 491.00 0.00 4.00 78.93
276.00 250.00 1.00 2.00 49.43
240.00 180.00 0.00 2.00 62.48
322.00 490.00 0.00 5.00 133.24
516.00 509.00 0.00 3.00 188.19
462.00 326.00 0.00 4.00 186.17
495.00 113.00 0.00 4.00 63.17
403.00 369.00 0.00 3.00 84.20
343.00 502.00 0.00 5.00 190.70
13.00 505.00 1.00 5.00 89.76
493.00 402.00 0.00 5.00 169.16
2.00 502.00 1.00 4.00 58.13
509.00 438.00 1.00 1.00 71.94
18.00 516.00 1.00 2.00 184.70
499.00 507.00 1.00 5.00 35.81
490.00 153.00 1.00 3.00 73.90
476.00 360.00 0.00 3.00 82.85
393.00 54.00 1.00 3.00 146.25
495.00 145.00 0.00 3.00 85.18
507.00 500.00 0.00 5.00 172.28
229.00 72.00 0.00 1.00 131.49
147.00 514.00 0.00 2.00 59.81
510.00 488.00 0.00 5.00 63.67
113.00 510.00 0.00 5.00 107.90
512.00 401.00 1.00 1.00 194.34
500.00 488.00 1.00 2.00 181.88
499.00 101.00 1.00 5.00 58.70
353.00 506.00 1.00 4.00 164.32
293.00 345.00 1.00 2.00 31.07
354.00 510.00 1.00 4.00 58.03
496.00 516.00 0.00 4.00 194.01
495.00 477.00 0.00 4.00 65.59
507.00 166.00 0.00 2.00 177.13
170.00 509.00 1.00 1.00 50.69
486.00 492.00 1.00 5.00 190.07
66.00 106.00 1.00 5.00 82.36
516.00 486.00 1.00 4.00 116.80
259.00 113.00 1.00 1.00 147.06
517.00 350.00 0.00 4.00 50.57
505.00 500.00 0.00 2.00 67.51
505.00 490.00 0.00 4.00 49.34
418.00 133.00 0.00 1.00 72.87
180.00 504.00 0.00 3.00 112.47
504.00 236.00 1.00 2.00 87.04
490.00 513.00 1.00 3.00 165.56
497.00 467.00 1.00 3.00 71.11
0.00 516.00 1.00 1.00 111.73
127.00 504.00 0.00 2.00 122.23
503.00 486.00 1.00 5.00 176.54
509.00 494.00 1.00 4.00 51.41
510.00 491.00 0.00 2.00 94.01
139.00 382.00 1.00 5.00 86.38
500.00 511.00 0.00 2.00 190.95
357.00 508.00 0.00 5.00 39.02
508.00 34.00 1.00 4.00 187.97
488.00 512.00 1.00 3.00 55.13
505.00 511.00 0.00 4.00 192.15
31.00 517.00 0.00 1.00 143.87
132.00 506.00 0.00 4.00 64.74
248.00 159.00 0.00 5.00 83.68
487.00 511.00 0.00 3.00 85.97
491.00 267.00 0.00 1.00 162.27
173.00 336.00 0.00 1.00 193.25
507.00 209.00 1.00 2.00 105.54
508.00 500.00 1.00 3.00 176.25
502.00 512.00 1.00 3.00 188.80
189.00 34.00 0.00 3.00 99.56
366.00 487.00 0.00 3.00 181.46
488.00 172.00 1.00 3.00 132.36
179.00 506.00 1.00 1.00 162.55
494.00 486.00 1.00 5.00 83.64
498.00 148.00 1.00 4.00 43.50
499.00 256.00 0.00 1.00 76.82
515.00 499.00 0.00 4.00 34.36
399.00 497.00 1.00 5.00 34.67
503.00 255.00 0.00 4.00 45.05
340.00 496.00 1.00 5.00 155.39
495.00 449.00 1.00 2.00 176.29
490.00 295.00 0.00 4.00 54.09
437.00 508.00 1.00 3.00 178.59
510.00 499.00 0.00 5.00 107.70
347.00 504.00 1.00 1.00 35.84
491.00 511.00 1.00 4.00 41.77
60.00 515.00 1.00 3.00 94.34
498.00 274.00 1.00 2.00 35.30
496.00 488.00 0.00 3.00 50.86
490.00 30.00 1.00 4.00 139.47
486.00 492.00 1.00 1.00 190.15
94.00 271.00 0.00 3.00 34.13
454.00 464.00 0.00 3.00 82.12
513.00 500.00 1.00 1.00 37.78
503.00 500.00 1.00 2.00 160.97
411.00 510.00 0.00 3.00 129.83
495.00 325.00 0.00 1.00 99.25
494.00 500.00 0.00 1.00 144.01
517.00 507.00 1.00 5.00 136.42
118.00 517.00 1.00 1.00 108.71
240.00 517.00 0.00 4.00 141.07
117.00 492.00 0.00 1.00 94.88
205.00 489.00 0.00 5.00 165.77
488.00 498.00 0.00 4.00 128.75
499.00 512.00 1.00 1.00 88.99
20.00 513.00 1.00 4.00 164.26
116.00 20.00 1.00 4.00 199.18
506.00 489.00 1.00 4.00 43.58
505.00 488.00 0.00 3.00 145.59
8.00 16.00 0.00 3.00 108.00
123.00 508.00 0.00 1.00 198.37
488.00 496.00 0.00 1.00 117.98
511.00 498.00 1.00 5.00 87.61
495.00 137.00 1.00 2.00 53.83
262.00 484.00 0.00 2.00 76.81
111.00 372.00 1.00 5.00 101.33
304.00 495.00 0.00 1.00 87.62
71.00 514.00 1.00 5.00 185.19
500.00 517.00 1.00 2.00 198.55
463.00 507.00 0.00 5.00 142.28
490.00 500.00 1.00 4.00 137.63
125.00 436.00 1.00 4.00 152.63
