461.00 53.00 0.00 2.00 181.82
125.00 505.00 0.00 1.00 174.09
510.00 501.00 0.00 4.00 88.72
302.00 163.00 0.00 2.00 103.09
228.00 378.00 0.00 3.00 116.91
514.00 229.00 1.00 4.00 111.20
233.00 506.00 0.00 3.00 136.41
132.00 488.00 1.00 2.00 133.38
213.00 492.00 0.00 1.00 170.43
325.00 489.00 1.00 3.00 73.75
512.00 502.00 1.00 3.00 166.89
173.00 490.00 1.00 3.00 138.46
510.00 489.00 1.00 1.00 49.08
9.00 181.00 1.00 3.00 196.34
491.00 396.00 0.00 5.00 195.71
88.00 497.00 0.00 2.00 149.78
492.00 498.00 1.00 4.00 48.19
197.00 121.00 1.00 2.00 109.24
8.00 178.00 0.00 5.00 122.47
454.00 516.00 1.00 4.00 81.15
512.00 493.00 1.00 4.00 191.41
262.00 251.00 1.00 5.00 181.36
508.00 492.00 0.00 3.00 174.37
481.00 405.00 1.00 1.00 99.49
513.00 497.00 1.00 1.00 181.40
496.00 416.00 0.00 5.00 174.86
515.00 264.00 1.00 3.00 82.80
403.00 310.00 0.00 1.00 92.68
507.00 373.00 0.00 3.00 41.52
494.00 503.00 1.00 4.00 43.75
500.00 486.00 1.00 2.00 129.40
503.00 496.00 0.00 4.00 196.56
68.00 275.00 1.00 1.00 37.35
515.00 299.00 1.00 3.00 154.70
159.00 500.00 0.00 5.00 109.65
489.00 201.00 1.00 5.00 57.51
19.00 162.00 0.00 1.00 86.07
484.00 496.00 0.00 1.00 94.67
337.00 495.00 0.00 3.00 76.81
318.00 416.00 0.00 2.00 57.33
514.00 502.00 0.00 5.00 117.22
500.00 488.00 0.00 4.00 131.44
517.00 255.00 1.00 2.00 110.57
391.00 507.00 0.00 2.00 114.87
517.00 500.00 0.00 3.00 121.52
169.00 317.00 0.00 1.00 142.04
495.00 210.00 0.00 5.00 74.31
487.00 517.00 1.00 4.00 123.33
146.00 500.00 0.00 5.00 75.52
495.00 398.00 1.00 1.00 159.96
444.00 72.00 0.00 1.00 118.33
480.00 490.00 0.00 3.00 134.19
504.00 188.00 1.00 1.00 37.50
137.00 123.00 1.00 5.00 159.65
510.00 499.00 0.00 4.00 142.42
492.00 36.00 0.00 5.00 113.41
507.00 322.00 1.00 5.00 107.05
127.00 498.00 1.00 4.00 174.12
280.00 507.00 0.00 2.00 75.95
229.00 511.00 1.00 4.00 104.67
28.00 305.00 1.00 3.00 30.28
335.00 501.00 1.00 4.00 97.64
496.00 212.00 1.00 4.00 105.74
192.00 115.00 1.00 3.00 120.66
153.00 513.00 1.00 3.00 52.49
516.00 222.00 0.00 5.00 64.78
508.00 188.00 0.00 3.00 81.00
507.00 322.00 0.00 1.00 55.25
505.00 193.00 1.00 3.00 174.76
498.00 503.00 1.00 3.00 83.98
500.00 514.00 1.00 2.00 166.74
507.00 493.00 1.00 5.00 80.46
487.00 290.00 1.00 3.00 32.99
497.00 196.00 1.00 5.00 133.71
498.00 509.00 1.00 4.00 189.03
511.00 335.00 1.00 2.00 152.50
339.00 429.00 0.00 2.00 110.87
487.00 504.00 1.00 2.00 73.61
212.00 465.00 1.00 1.00 99.31
268.00 351.00 0.00 3.00 79.94
490.00 75.00 1.00 1.00 102.88
229.00 509.00 0.00 5.00 115.72
331.00 502.00 0.00 5.00 59.35
395.00 510.00 0.00 3.00 85.20
212.00 505.00 0.00 5.00 104.82
506.00 517.00 0.00 5.00 51.13
109.00 237.00 0.00 3.00 114.02
491.00 505.00 0.00 1.00 67.32
438.00 510.00 0.00 2.00 58.10
495.00 461.00 0.00 1.00 35.65
71.00 10.00 1.00 2.00 48.15
379.00 497.00 1.00 2.00 108.69
488.00 113.00 0.00 5.00 141.94
67.00 323.00 1.00 3.00 156.50
267.00 4.00 0.00 5.00 98.37
312.00 513.00 0.00 4.00 123.36
494.00 130.00 0.00 2.00 150.08
516.00 495.00 0.00 2.00 33.64
499.00 0.00 0.00 4.00 64.86
252.00 363.00 1.00 5.00 125.34
361.00 445.00 0.00 2.00 170.61
506.00 407.00 0.00 2.00 114.37
113.00 394.00 0.00 1.00 145.61
493.00 499.00 1.00 5.00 130.56
494.00 484.00 0.00 4.00 78.03
98.00 497.00 1.00 2.00 191.94
334.00 491.00 1.00 5.00 84.76
164.00 292.00 0.00 3.00 83.32
509.00 34.00 0.00 2.00 169.36
508.00 495.00 0.00 5.00 90.28
15.00 505.00 0.00 3.00 77.32
495.00 136.00 0.00 4.00 102.87
502.00 501.00 0.00 5.00 32.81
352.00 128.00 1.00 3.00 138.60
492.00 517.00 0.00 2.00 134.82
252.00 505.00 1.00 2.00 149.16
498.00 509.00 0.00 2.00 180.60
380.00 290.00 0.00 3.00 143.45
509.00 420.00 0.00 5.00 51.41
252.00 503.00 0.00 1.00 31.43
197.00 430.00 0.00 2.00 106.41
501.00 496.00 0.00 4.00 151.12
515.00 490.00 1.00 2.00 115.45
6.00 517.00 1.00 4.00 150.58
97.00 487.00 0.00 1.00 121.10
447.00 511.00 0.00 1.00 87.77
359.00 505.00 1.00 3.00 60.22
516.00 67.00 0.00 2.00 198.11
493.00 77.00 1.00 4.00 183.53
486.00 514.00 0.00 3.00 148.57
99.00 493.00 1.00 2.00 104.05
491.00 220.00 1.00 5.00 129.13
487.00 148.00 0.00 3.00 81.86
494.00 114.00 1.00 3.00 120.63
463.00 427.00 0.00 4.00 48.10
294.00 510.00 1.00 4.00 177.14
193.00 81.00 1.00 4.00 72.32
496.00 29.00 1.00 4.00 107.27
145.00 500.00 0.00 3.00 147.58
45.00 394.00 0.00 2.00 112.60
513.00 99.00 1.00 3.00 127.63
48.00 187.00 1.00 5.00 157.85
420.00 429.00 1.00 5.00 146.94
359.00 342.00 0.00 5.00 126.58
517.00 182.00 0.00 1.00 149.87
360.00 53.00 1.00 3.00 195.17
90.00 279.00 0.00 5.00 32.65
494.00 440.00 1.00 1.00 84.32
513.00 56.00 1.00 1.00 162.44
126.00 251.00 0.00 2.00 72.77
498.00 357.00 1.00 2.00 181.20
495.00 486.00 0.00 3.00 49.76
333.00 512.00 1.00 4.00 128.72
499.00 67.00 1.00 5.00 173.65
385.00 513.00 0.00 5.00 135.55
486.00 160.00 1.00 3.00 40.81
514.00 502.00 0.00 3.00 134.72
512.00 500.00 0.00 5.00 195.58
92.00 494.00 1.00 3.00 146.26
39.00 499.00 0.00 3.00 85.75
510.00 504.00 1.00 4.00 150.51
236.00 72.00 0.00 1.00 43.95
510.00 500.00 0.00 3.00 191.06
259.00 488.00 1.00 1.00 69.29
493.00 505.00 0.00 5.00 138.08
506.00 127.00 1.00 3.00 39.55
311.00 360.00 0.00 3.00 136.69
467.00 164.00 1.00 2.00 123.67
75.00 517.00 1.00 4.00 64.76
500.00 489.00 0.00 1.00 99.79
494.00 274.00 1.00 4.00 184.20
487.00 509.00 0.00 5.00 186.85
499.00 492.00 0.00 5.00 106.03
36.00 436.00 0.00 3.00 158.39
514.00 71.00 0.00 3.00 75.11
494.00 161.00 0.00 4.00 132.65
515.00 494.00 1.00 5.00 161.70
506.00 496.00 1.00 3.00 128.16
379.00 505.00 0.00 1.00 187.65
494.00 98.00 1.00 1.00 177.82
287.00 512.00 0.00 4.00 51.21
349.00 507.00 1.00 2.00 75.52
335.00 503.00 1.00 1.00 198.29
506.00 238.00 1.00 3.00 85.25
513.00 218.00 0.00 5.00 146.18
43.00 278.00 0.00 4.00 94.53
497.00 232.00 0.00 3.00 177.04
494.00 10.00 1.00 1.00 72.47
328.00 73.00 1.00 5.00 30.43
486.00 504.00 0.00 2.00 174.95
373.00 25.00 1.00 5.00 58.67
475.00 455.00 1.00 3.00 63.79
486.00 505.00 1.00 3.00 90.08
244.00 468.00 1.00 1.00 44.11
499.00 339.00 1.00 5.00 122.28
239.00 490.00 1.00 5.00 97.83
438.00 505.00 0.00 2.00 59.96
515.00 469.00 0.00 1.00 82.76
509.00 135.00 1.00 2.00 32.19
491.00 336.00 1.00 2.00 180.55
322.00 237.00 1.00 1.00 143.57
48.00 159.00 0.00 3.00 92.58
131.00 498.00 0.00 4.00 70.47
478.00 279.00 1.00 4.00 196.07
339.00 459.00 1.00 2.00 166.83
496.00 392.00 1.00 1.00 114.61
516.00 323.00 1.00 2.00 98.80
255.00 405.00 1.00 5.00 74.92
504.00 407.00 0.00 1.00 33.55
453.00 489.00 0.00 2.00 134.01
14.00 143.00 1.00 2.00 112.23
129.00 500.00 1.00 5.00 152.05
304.00 500.00 0.00 4.00 119.75
385.00 490.00 0.00 5.00 140.79
492.00 99.00 1.00 4.00 132.21
496.00 196.00 1.00 2.00 195.39
362.00 244.00 1.00 1.00 78.69
493.00 2.00 1.00 4.00 53.82
498.00 463.00 1.00 2.00 89.67
487.00 504.00 0.00 1.00 170.24
500.00 197.00 1.00 3.00 44.57
424.00 508.00 1.00 3.00 50.31
394.00 308.00 0.00 5.00 31.89
278.00 269.00 0.00 4.00 135.67
508.00 167.00 0.00 3.00 99.72
487.00 359.00 1.00 3.00 163.96
48.00 260.00 0.00 3.00 107.07
380.00 298.00 0.00 4.00 83.12
240.00 513.00 1.00 5.00 188.53
288.00 449.00 0.00 2.00 40.08
465.00 126.00 1.00 3.00 184.61
61.00 503.00 0.00 2.00 66.04
516.00 309.00 0.00 5.00 123.98
190.00 399.00 0.00 5.00 46.47
493.00 487.00 1.00 3.00 137.21
183.00 450.00 1.00 5.00 98.75
494.00 452.00 1.00 4.00 178.56
494.00 92.00 1.00 2.00 192.37
377.00 167.00 0.00 4.00 174.68
496.00 54.00 1.00 2.00 117.55
496.00 161.00 1.00 5.00 199.62
510.00 187.00 1.00 2.00 197.90
20.00 489.00 0.00 3.00 164.95
500.00 90.00 1.00 4.00 182.79
54.00 5.00 1.00 3.00 156.39
449.00 282.00 1.00 4.00 131.92
497.00 515.00 0.00 3.00 112.02
383.00 63.00 1.00 3.00 113.92
513.00 495.00 1.00 2.00 160.80
312.00 505.00 1.00 4.00 84.22
496.00 103.00 1.00 4.00 194.47
27.00 418.00 0.00 5.00 56.63
459.00 52.00 0.00 2.00 186.39
371.00 486.00 0.00 1.00 76.03
489.00 80.00 0.00 1.00 70.81
486.00 503.00 0.00 1.00 170.38
490.00 363.00 0.00 3.00 147.29
458.00 273.00 0.00 3.00 96.53
488.00 9.00 1.00 5.00 174.06
512.00 517.00 1.00 5.00 105.85
155.00 500.00 0.00 5.00 197.07
494.00 505.00 1.00 5.00 61.78
512.00 495.00 1.00 4.00 191.77
509.00 175.00 0.00 1.00 60.73
505.00 147.00 1.00 4.00 106.31
486.00 327.00 0.00 1.00 167.61
507.00 13.00 0.00 4.00 98.65
449.00 3.00 0.00 4.00 149.94
22.00 512.00 1.00 3.00 181.19
229.00 517.00 1.00 5.00 117.98
118.00 515.00 1.00 1.00 68.85
489.00 77.00 0.00 1.00 91.58
400.00 516.00 0.00 1.00 68.37
514.00 231.00 1.00 1.00 123.54
321.00 498.00 0.00 1.00 77.68
389.00 493.00 0.00 1.00 197.23
238.00 511.00 1.00 3.00 192.17
319.00 517.00 0.00 1.00 197.60
79.00 514.00 1.00 2.00 108.92
496.00 501.00 1.00 5.00 36.63
490.00 183.00 1.00 5.00 85.14
468.00 298.00 0.00 1.00 170.35
507.00 490.00 0.00 3.00 108.78
487.00 493.00 0.00 4.00 194.87
420.00 25.00 1.00 4.00 96.86
101.00 488.00 0.00 4.00 164.34
486.00 501.00 0.00 4.00 48.12
503.00 493.00 0.00 5.00 35.16
273.00 454.00 0.00 2.00 133.24
472.00 420.00 0.00 2.00 85.78
513.00 492.00 0.00 5.00 197.18
310.00 263.00 1.00 5.00 153.77
468.00 455.00 0.00 4.00 141.13
513.00 403.00 0.00 1.00 169.84
330.00 517.00 0.00 1.00 154.33
508.00 515.00 1.00 2.00 77.75
279.00 93.00 0.00 3.00 109.10
17.00 505.00 1.00 1.00 142.10
431.00 479.00 1.00 3.00 104.34
279.00 495.00 1.00 2.00 125.15
290.00 516.00 1.00 3.00 191.68
419.00 30.00 0.00 1.00 45.64
109.00 514.00 1.00 2.00 94.05
495.00 490.00 1.00 3.00 34.39
488.00 452.00 0.00 2.00 110.97
511.00 466.00 0.00 3.00 74.03
391.00 500.00 0.00 3.00 86.51
513.00 504.00 0.00 5.00 114.76
494.00 34.00 1.00 5.00 112.82
93.00 360.00 0.00 5.00 82.05
154.00 316.00 1.00 3.00 111.93
503.00 513.00 1.00 5.00 61.05
217.00 420.00 0.00 5.00 137.18
475.00 517.00 1.00 4.00 76.85
488.00 142.00 1.00 3.00 36.33
120.00 9.00 0.00 3.00 182.56
506.00 515.00 0.00 3.00 183.74
492.00 316.00 1.00 4.00 90.68
505.00 98.00 0.00 4.00 146.37
517.00 121.00 1.00 3.00 32.53
20.00 509.00 1.00 1.00 103.89
517.00 322.00 0.00 2.00 126.81
494.00 115.00 1.00 4.00 160.07
512.00 506.00 1.00 4.00 57.24
287.00 76.00 1.00 4.00 124.20
242.00 91.00 1.00 4.00 137.94
125.00 357.00 0.00 5.00 121.37
204.00 181.00 1.00 4.00 41.56
512.00 479.00 1.00 4.00 180.62
319.00 508.00 0.00 3.00 171.46
346.00 438.00 0.00 1.00 55.00
210.00 516.00 0.00 3.00 58.91
495.00 317.00 0.00 1.00 95.63
468.00 502.00 1.00 2.00 188.05
481.00 491.00 0.00 4.00 107.34
276.00 515.00 0.00 4.00 94.77
510.00 503.00 0.00 3.00 159.81
152.00 337.00 1.00 5.00 120.65
443.00 170.00 1.00 3.00 104.17
228.00 35.00 1.00 4.00 133.87
511.00 261.00 0.00 2.00 44.83
495.00 515.00 1.00 2.00 43.95
51.00 514.00 0.00 1.00 197.52
505.00 312.00 0.00 2.00 123.61
406.00 372.00 0.00 2.00 91.76
100.00 465.00 1.00 2.00 132.37
513.00 490.00 0.00 2.00 82.02
505.00 510.00 0.00 2.00 194.80
483.00 285.00 1.00 3.00 115.35
499.00 516.00 0.00 2.00 84.78
486.00 499.00 0.00 5.00 53.43
466.00 348.00 0.00 2.00 198.89
222.00 502.00 0.00 1.00 127.81
501.00 486.00 1.00 5.00 108.76
498.00 207.00 1.00 2.00 155.06
433.00 40.00 0.00 1.00 178.51
492.00 443.00 0.00 5.00 133.09
162.00 425.00 0.00 2.00 191.73
486.00 501.00 1.00 1.00 30.06
59.00 385.00 1.00 3.00 151.69
487.00 511.00 0.00 1.00 53.37
488.00 511.00 0.00 1.00 34.53
509.00 486.00 1.00 1.00 126.92
212.00 44.00 0.00 5.00 58.77
197.00 491.00 0.00 4.00 150.26
515.00 232.00 0.00 3.00 102.21
354.00 511.00 1.00 3.00 53.73
494.00 508.00 0.00 4.00 153.04
500.00 490.00 1.00 2.00 160.83
515.00 507.00 0.00 2.00 138.25
311.00 500.00 1.00 5.00 101.51
121.00 509.00 0.00 1.00 36.81
446.00 494.00 1.00 2.00 178.11
194.00 503.00 1.00 2.00 107.99
501.00 511.00 1.00 5.00 52.04
437.00 210.00 1.00 2.00 129.88
146.00 347.00 0.00 1.00 169.95
513.00 328.00 1.00 2.00 160.06
228.00 459.00 1.00 3.00 87.19
83.00 454.00 0.00 4.00 182.26
33.00 171.00 1.00 1.00 177.54
467.00 498.00 0.00 1.00 128.10
484.00 493.00 1.00 2.00 122.03
493.00 513.00 0.00 5.00 131.36
289.00 493.00 0.00 3.00 70.45
516.00 508.00 0.00 1.00 69.86
465.00 317.00 1.00 5.00 199.37
510.00 502.00 0.00 3.00 89.04
120.00 94.00 0.00 4.00 102.31
503.00 499.00 0.00 4.00 80.59
175.00 35.00 0.00 3.00 83.35
90.00 128.00 0.00 4.00 80.04
172.00 509.00 1.00 1.00 99.14
423.00 495.00 1.00 5.00 122.08
486.00 333.00 0.00 4.00 49.45
491.00 504.00 0.00 1.00 173.47
513.00 497.00 0.00 5.00 122.67
494.00 119.00 1.00 5.00 63.88
226.00 490.00 1.00 1.00 111.00
495.00 86.00 0.00 1.00 46.45
511.00 305.00 0.00 4.00 95.41
487.00 430.00 0.00 4.00 116.22
27.00 126.00 0.00 5.00 65.40
517.00 5.00 0.00 5.00 55.83
515.00 507.00 0.00 3.00 40.59
487.00 315.00 1.00 3.00 38.24
404.00 45.00 0.00 5.00 121.64
517.00 364.00 0.00 3.00 124.22
129.00 426.00 1.00 5.00 186.21
103.00 488.00 1.00 3.00 155.90
515.00 18.00 1.00 3.00 102.61
293.00 513.00 0.00 5.00 143.53
107.00 509.00 0.00 3.00 63.62
176.00 491.00 0.00 2.00 75.26
76.00 271.00 0.00 4.00 199.16
500.00 511.00 1.00 3.00 162.56
515.00 260.00 1.00 4.00 130.36
489.00 136.00 1.00 4.00 180.11
162.00 433.00 0.00 1.00 196.86
446.00 493.00 1.00 2.00 153.44
508.00 500.00 0.00 3.00 188.44
499.00 104.00 0.00 2.00 153.07
505.00 453.00 1.00 1.00 85.56
379.00 196.00 0.00 2.00 184.95
501.00 490.00 1.00 5.00 125.09
488.00 509.00 0.00 2.00 147.23
188.00 499.00 1.00 4.00 67.20
502.00 320.00 1.00 4.00 92.21
20.00 492.00 1.00 5.00 123.83
103.00 331.00 0.00 4.00 143.42
1.00 514.00 1.00 1.00 147.60
25.00 489.00 0.00 4.00 39.63
92.00 226.00 0.00 1.00 66.43
508.00 489.00 0.00 2.00 79.16
282.00 18.00 1.00 2.00 42.19
490.00 501.00 0.00 1.00 143.38
442.00 365.00 0.00 1.00 145.49
495.00 503.00 0.00 4.00 151.01
502.00 106.00 1.00 4.00 76.07
179.00 503.00 1.00 5.00 114.70
491.00 510.00 0.00 1.00 84.65
326.00 252.00 1.00 4.00 162.23
500.00 495.00 0.00 5.00 155.37
515.00 510.00 0.00 4.00 35.96
266.00 184.00 0.00 1.00 84.03
475.00 461.00 1.00 1.00 104.23
508.00 268.00 1.00 5.00 31.99
350.00 317.00 1.00 5.00 140.27
189.00 491.00 1.00 2.00 88.14
411.00 506.00 1.00 3.00 44.11
494.00 500.00 0.00 2.00 157.40
300.00 344.00 0.00 5.00 117.40
477.00 510.00 0.00 5.00 121.81
486.00 216.00 0.00 1.00 143.26
517.00 296.00 1.00 3.00 184.88
291.00 494.00 1.00 1.00 103.32
284.00 490.00 1.00 1.00 104.38
512.00 503.00 0.00 4.00 162.23
491.00 510.00 0.00 5.00 152.49
509.00 489.00 0.00 3.00 121.40
501.00 430.00 0.00 3.00 193.05
496.00 175.00 0.00 4.00 111.17
157.00 301.00 1.00 1.00 94.17
493.00 15.00 1.00 1.00 160.51
516.00 427.00 0.00 4.00 62.99
514.00 498.00 0.00 4.00 188.07
501.00 508.00 1.00 3.00 136.76
76.00 392.00 1.00 1.00 187.56
347.00 516.00 1.00 2.00 65.24
507.00 498.00 0.00 3.00 173.03
516.00 507.00 0.00 4.00 142.39
493.00 106.00 0.00 3.00 87.15
512.00 498.00 1.00 1.00 129.72
338.00 499.00 1.00 5.00 109.69
511.00 501.00 1.00 5.00 169.04
510.00 316.00 1.00 3.00 174.50
273.00 151.00 0.00 2.00 96.10
491.00 513.00 1.00 1.00 97.98
487.00 514.00 1.00 2.00 125.99
114.00 82.00 1.00 5.00 185.35
517.00 313.00 1.00 5.00 159.90
517.00 495.00 0.00 3.00 45.28
492.00 376.00 0.00 1.00 108.09
517.00 111.00 0.00 4.00 188.55
496.00 451.00 1.00 2.00 82.22
497.00 98.00 1.00 3.00 116.59
451.00 299.00 0.00 5.00 167.48
78.00 512.00 0.00 5.00 132.71
172.00 34.00 1.00 2.00 62.93
428.00 510.00 1.00 1.00 58.08
66.00 357.00 1.00 2.00 123.17
510.00 145.00 1.00 3.00 76.05
87.00 376.00 0.00 4.00 157.12
300.00 496.00 1.00 4.00 151.40
491.00 400.00 0.00 4.00 97.27
492.00 78.00 1.00 2.00 116.66
490.00 378.00 1.00 4.00 147.81
486.00 498.00 0.00 5.00 131.19
257.00 513.00 1.00 5.00 90.65
501.00 160.00 1.00 5.00 34.30
500.00 24.00 0.00 2.00 36.80
97.00 237.00 0.00 2.00 91.61
504.00 397.00 0.00 4.00 73.01
184.00 497.00 1.00 5.00 39.02
502.00 243.00 0.00 2.00 32.05
493.00 506.00 0.00 2.00 65.96
495.00 509.00 1.00 1.00 122.86
467.00 79.00 1.00 1.00 97.43
499.00 508.00 1.00 2.00 162.42
42.00 508.00 0.00 5.00 45.98
512.00 29.00 1.00 5.00 154.10
509.00 360.00 0.00 5.00 174.22
497.00 505.00 1.00 3.00 156.09
486.00 415.00 0.00 5.00 146.69
427.00 489.00 1.00 1.00 124.68
245.00 517.00 1.00 3.00 62.67
515.00 506.00 0.00 4.00 50.79
503.00 160.00 1.00 5.00 102.62
240.00 515.00 0.00 2.00 108.26
378.00 333.00 0.00 2.00 105.46
512.00 503.00 0.00 5.00 149.11
466.00 511.00 1.00 5.00 199.39
492.00 497.00 1.00 3.00 199.01
168.00 368.00 1.00 5.00 103.85
279.00 508.00 0.00 3.00 31.47
512.00 182.00 0.00 4.00 32.52
511.00 368.00 0.00 2.00 170.52
154.00 514.00 0.00 3.00 164.62
39.00 511.00 0.00 2.00 145.51
233.00 503.00 1.00 5.00 186.92
487.00 73.00 1.00 3.00 33.67
197.00 516.00 0.00 2.00 148.37
491.00 165.00 0.00 1.00 166.02
514.00 491.00 1.00 4.00 55.26
98.00 45.00 0.00 2.00 139.28
495.00 140.00 0.00 3.00 136.34
492.00 498.00 0.00 3.00 73.19
491.00 81.00 1.00 4.00 79.79
503.00 511.00 1.00 4.00 123.14
127.00 493.00 0.00 4.00 103.28
507.00 491.00 0.00 3.00 62.46
301.00 333.00 1.00 3.00 87.99
144.00 125.00 0.00 2.00 44.97
18.00 170.00 0.00 1.00 100.74
515.00 491.00 0.00 1.00 74.68
509.00 40.00 1.00 1.00 100.25
223.00 491.00 1.00 2.00 91.18
516.00 509.00 1.00 4.00 74.78
512.00 503.00 1.00 5.00 91.54
517.00 503.00 0.00 2.00 142.45
493.00 347.00 0.00 4.00 119.23
504.00 497.00 1.00 1.00 61.84
195.00 489.00 0.00 4.00 188.14
57.00 513.00 1.00 5.00 85.26
501.00 514.00 0.00 5.00 76.95
511.00 498.00 1.00 3.00 103.35
77.00 516.00 1.00 3.00 172.71
510.00 516.00 1.00 1.00 103.64
454.00 190.00 0.00 1.00 86.66
98.00 499.00 0.00 5.00 196.78
500.00 491.00 1.00 1.00 132.94
498.00 492.00 0.00 4.00 142.30
212.00 505.00 0.00 2.00 132.03
513.00 495.00 1.00 5.00 94.54
509.00 499.00 1.00 1.00 35.62
493.00 232.00 0.00 5.00 137.15
101.00 201.00 1.00 4.00 89.92
173.00 296.00 0.00 2.00 137.57
392.00 417.00 1.00 4.00 129.52
491.00 308.00 0.00 5.00 115.69
495.00 172.00 1.00 3.00 78.20
412.00 489.00 1.00 2.00 105.64
514.00 486.00 1.00 4.00 159.12
400.00 378.00 0.00 5.00 36.47
406.00 489.00 0.00 2.00 105.76
490.00 511.00 1.00 5.00 122.47
503.00 276.00 1.00 4.00 68.67
502.00 14.00 1.00 1.00 165.89
182.00 510.00 1.00 2.00 180.54
486.00 506.00 1.00 2.00 130.74
461.00 78.00 1.00 2.00 174.61
502.00 191.00 1.00 3.00 115.57
501.00 492.00 1.00 1.00 111.66
488.00 509.00 0.00 5.00 65.05
263.00 514.00 1.00 3.00 170.79
431.00 505.00 1.00 3.00 69.50
512.00 149.00 0.00 2.00 81.88
510.00 248.00 1.00 3.00 52.49
492.00 219.00 1.00 2.00 133.24
31.00 495.00 1.00 4.00 199.83
363.00 510.00 1.00 3.00 142.79
249.00 514.00 0.00 1.00 129.77
491.00 503.00 1.00 4.00 191.90
502.00 125.00 1.00 2.00 88.11
517.00 224.00 0.00 2.00 88.39
512.00 370.00 1.00 3.00 149.02
16.00 515.00 1.00 5.00 84.36
513.00 486.00 0.00 3.00 160.97
291.00 513.00 1.00 3.00 138.63
64.00 492.00 1.00 4.00 176.46
496.00 510.00 1.00 1.00 91.67
516.00 489.00 1.00 1.00 163.25
491.00 78.00 1.00 5.00 44.49
481.00 435.00 0.00 1.00 122.30
504.00 439.00 0.00 5.00 133.64
162.00 233.00 1.00 3.00 122.89
350.00 244.00 1.00 3.00 116.25
516.00 496.00 1.00 5.00 135.58
352.00 432.00 0.00 4.00 32.64
304.00 515.00 1.00 4.00 77.01
156.00 495.00 0.00 2.00 86.67
503.00 509.00 1.00 1.00 60.24
513.00 490.00 0.00 4.00 46.52
232.00 163.00 0.00 3.00 94.62
173.00 487.00 0.00 5.00 108.24
436.00 116.00 0.00 5.00 168.38
490.00 270.00 0.00 5.00 97.89
145.00 47.00 1.00 5.00 40.97
507.00 517.00 0.00 3.00 97.61
502.00 274.00 0.00 4.00 65.09
335.00 41.00 0.00 3.00 175.66
509.00 490.00 0.00 1.00 191.27
20.00 65.00 1.00 1.00 179.05
47.00 260.00 0.00 5.00 139.48
509.00 145.00 1.00 4.00 169.10
15.00 502.00 0.00 2.00 106.01
148.00 499.00 1.00 2.00 126.23
498.00 18.00 0.00 3.00 61.72
298.00 117.00 0.00 1.00 189.27
512.00 490.00 1.00 2.00 52.32
494.00 482.00 0.00 3.00 181.80
140.00 488.00 1.00 5.00 40.04
511.00 487.00 0.00 2.00 94.79
495.00 399.00 0.00 1.00 99.14
82.00 334.00 1.00 4.00 36.81
174.00 511.00 0.00 1.00 135.57
268.00 501.00 0.00 5.00 107.69
517.00 10.00 1.00 2.00 136.54
250.00 504.00 0.00 1.00 140.56
145.00 76.00 1.00 1.00 124.54
119.00 511.00 0.00 2.00 99.91
489.00 154.00 0.00 2.00 54.42
498.00 506.00 1.00 3.00 179.12
70.00 486.00 0.00 1.00 199.93
491.00 130.00 1.00 5.00 114.23
328.00 365.00 1.00 2.00 176.73
253.00 488.00 0.00 3.00 53.87
96.00 292.00 1.00 5.00 140.64
493.00 517.00 1.00 3.00 194.71
497.00 503.00 1.00 1.00 84.92
494.00 226.00 0.00 4.00 185.42
517.00 496.00 1.00 2.00 187.52
9.00 168.00 0.00 4.00 196.28
515.00 377.00 1.00 5.00 168.27
348.00 334.00 0.00 3.00 42.26
421.00 501.00 0.00 1.00 172.83
489.00 30.00 0.00 1.00 145.84
490.00 221.00 1.00 4.00 52.11
512.00 506.00 0.00 2.00 165.25
346.00 501.00 0.00 2.00 108.36
254.00 293.00 0.00 1.00 72.80
108.00 498.00 0.00 2.00 196.23
499.00 502.00 1.00 5.00 129.98
377.00 105.00 0.00 4.00 172.61
488.00 357.00 0.00 1.00 69.01
370.00 167.00 0.00 2.00 63.90
516.00 511.00 0.00 4.00 44.86
489.00 258.00 1.00 5.00 179.98
494.00 71.00 0.00 4.00 135.72
489.00 479.00 1.00 1.00 193.51
513.00 291.00 1.00 5.00 94.47
82.00 503.00 1.00 5.00 35.00
494.00 500.00 1.00 4.00 35.96
7.00 507.00 0.00 2.00 62.58
155.00 496.00 0.00 3.00 196.37
503.00 349.00 1.00 3.00 140.00
128.00 457.00 0.00 4.00 72.96
511.00 495.00 1.00 3.00 177.19
210.00 43.00 1.00 3.00 31.38
360.00 102.00 0.00 4.00 182.85
328.00 292.00 0.00 1.00 126.17
508.00 492.00 0.00 1.00 132.19
140.00 98.00 1.00 4.00 172.19
510.00 489.00 1.00 2.00 186.66
497.00 489.00 0.00 5.00 182.99
492.00 118.00 1.00 3.00 157.53
87.00 128.00 1.00 1.00 163.22
502.00 501.00 1.00 5.00 180.97
432.00 155.00 1.00 4.00 161.94
509.00 21.00 1.00 3.00 113.09
45.00 500.00 0.00 2.00 188.40
173.00 511.00 1.00 3.00 96.85
26.00 503.00 1.00 5.00 196.69
144.00 85.00 0.00 2.00 176.87
6.00 486.00 1.00 1.00 82.43
378.00 394.00 1.00 3.00 30.31
447.00 500.00 0.00 4.00 175.85
308.00 510.00 0.00 5.00 127.10
516.00 362.00 0.00 4.00 66.46
209.00 491.00 1.00 1.00 39.27
499.00 515.00 0.00 2.00 116.08
505.00 486.00 1.00 3.00 192.52
432.00 510.00 0.00 4.00 71.63
493.00 5.00 0.00 2.00 137.19
515.00 397.00 1.00 3.00 155.36
496.00 507.00 1.00 3.00 91.75
489.00 511.00 0.00 4.00 75.45
192.00 511.00 0.00 4.00 191.41
505.00 288.00 0.00 5.00 147.56
491.00 508.00 1.00 3.00 132.82
493.00 513.00 1.00 3.00 48.80
57.00 500.00 1.00 3.00 158.37
349.00 513.00 0.00 1.00 142.91
497.00 313.00 1.00 1.00 76.15
498.00 451.00 1.00 1.00 99.14
387.00 26.00 1.00 2.00 121.43
59.00 97.00 1.00 1.00 165.57
322.00 280.00 0.00 3.00 198.51
369.00 503.00 1.00 2.00 160.26
413.00 503.00 1.00 3.00 67.53
348.00 513.00 1.00 3.00 172.18
498.00 502.00 1.00 4.00 196.55
491.00 385.00 1.00 5.00 93.43
491.00 507.00 1.00 5.00 44.54
507.00 516.00 0.00 2.00 172.47
506.00 514.00 1.00 5.00 60.31
461.00 500.00 0.00 2.00 76.82
9.00 158.00 1.00 2.00 78.79
512.00 517.00 0.00 2.00 119.54
495.00 86.00 1.00 2.00 101.88
425.00 132.00 0.00 4.00 157.56
496.00 502.00 1.00 1.00 157.99
244.00 448.00 0.00 1.00 108.45
515.00 109.00 1.00 1.00 182.07
145.00 507.00 0.00 5.00 137.83
512.00 498.00 1.00 1.00 71.70
357.00 512.00 0.00 5.00 64.97
231.00 285.00 0.00 1.00 153.46
486.00 420.00 1.00 4.00 148.23
510.00 491.00 0.00 1.00 183.53
489.00 499.00 1.00 5.00 115.96
315.00 412.00 1.00 5.00 121.29
253.00 513.00 0.00 5.00 85.41
491.00 147.00 1.00 4.00 80.36
381.00 167.00 1.00 3.00 63.56
422.00 509.00 0.00 2.00 142.30
515.00 510.00 1.00 2.00 62.57
153.00 512.00 0.00 5.00 64.09
294.00 510.00 0.00 3.00 159.24
508.00 135.00 0.00 1.00 179.98
510.00 332.00 0.00 2.00 83.76
513.00 496.00 1.00 5.00 30.76
497.00 511.00 1.00 1.00 124.31
504.00 303.00 0.00 3.00 102.24
488.00 436.00 0.00 3.00 192.77
72.00 206.00 1.00 1.00 115.31
495.00 512.00 0.00 3.00 125.93
504.00 453.00 1.00 5.00 33.87
512.00 263.00 1.00 5.00 182.37
513.00 489.00 1.00 4.00 116.64
513.00 491.00 0.00 1.00 43.31
499.00 89.00 1.00 2.00 111.81
62.00 193.00 0.00 2.00 196.36
486.00 501.00 1.00 2.00 91.38
303.00 33.00 0.00 3.00 86.07
381.00 151.00 1.00 3.00 141.83
496.00 57.00 1.00 2.00 190.97
395.00 144.00 0.00 1.00 73.55
161.00 135.00 0.00 1.00 43.37
514.00 320.00 0.00 1.00 56.21
343.00 232.00 1.00 5.00 183.57
487.00 496.00 1.00 5.00 67.22
511.00 220.00 0.00 4.00 106.95
516.00 511.00 0.00 4.00 126.22
504.00 496.00 1.00 5.00 118.21
500.00 373.00 1.00 4.00 39.49
501.00 490.00 0.00 2.00 199.04
499.00 132.00 0.00 2.00 145.85
492.00 512.00 1.00 4.00 37.43
12.00 469.00 1.00 2.00 107.06
128.00 500.00 0.00 1.00 189.22
241.00 251.00 0.00 5.00 155.62
514.00 429.00 0.00 4.00 98.65
444.00 101.00 0.00 5.00 122.59
501.00 489.00 1.00 4.00 194.61
502.00 500.00 0.00 3.00 90.48
498.00 513.00 1.00 3.00 102.90
492.00 442.00 0.00 1.00 45.45
507.00 24.00 0.00 3.00 123.41
493.00 502.00 1.00 1.00 126.12
145.00 500.00 0.00 1.00 105.03
500.00 342.00 1.00 3.00 125.03
498.00 491.00 0.00 1.00 70.53
283.00 347.00 0.00 5.00 98.08
493.00 506.00 0.00 5.00 164.38
488.00 495.00 0.00 2.00 106.31
508.00 46.00 1.00 5.00 53.07
432.00 487.00 1.00 1.00 196.79
4.00 492.00 0.00 1.00 134.03
490.00 500.00 0.00 4.00 184.01
490.00 121.00 1.00 4.00 69.10
486.00 374.00 1.00 3.00 89.19
248.00 490.00 0.00 4.00 44.32
513.00 373.00 1.00 2.00 39.83
486.00 506.00 0.00 3.00 46.73
137.00 498.00 0.00 1.00 174.54
417.00 506.00 1.00 5.00 49.72
498.00 487.00 0.00 3.00 66.66
504.00 381.00 1.00 2.00 133.83
496.00 127.00 1.00 3.00 62.64
516.00 380.00 1.00 5.00 99.98
512.00 517.00 1.00 1.00 186.50
507.00 83.00 1.00 1.00 69.54
501.00 502.00 1.00 5.00 100.72
504.00 513.00 1.00 5.00 86.82
500.00 514.00 1.00 3.00 149.44
494.00 516.00 0.00 4.00 171.77
103.00 496.00 0.00 4.00 151.60
68.00 494.00 0.00 2.00 74.97
222.00 121.00 0.00 3.00 164.01
516.00 418.00 1.00 5.00 110.80
104.00 376.00 1.00 4.00 48.31
199.00 510.00 1.00 1.00 41.60
490.00 163.00 0.00 2.00 197.08
184.00 516.00 1.00 1.00 84.45
506.00 500.00 0.00 1.00 186.41
34.00 516.00 0.00 3.00 148.22
141.00 503.00 1.00 2.00 42.74
511.00 503.00 1.00 2.00 62.32
436.00 511.00 1.00 5.00 168.59
125.00 512.00 1.00 2.00 76.43
499.00 479.00 0.00 2.00 156.51
353.00 368.00 0.00 2.00 95.54
499.00 417.00 0.00 3.00 194.85
486.00 501.00 1.00 5.00 167.20
6.00 298.00 1.00 3.00 44.55
325.00 126.00 0.00 3.00 170.49
364.00 110.00 0.00 5.00 78.59
216.00 494.00 1.00 2.00 77.33
505.00 515.00 1.00 4.00 65.32
447.00 512.00 1.00 1.00 166.44
105.00 496.00 1.00 3.00 161.66
233.00 266.00 1.00 4.00 129.65
494.00 51.00 0.00 3.00 130.78
501.00 150.00 0.00 4.00 166.46
509.00 492.00 1.00 1.00 197.92
138.00 261.00 1.00 1.00 97.34
514.00 281.00 1.00 1.00 46.20
508.00 487.00 1.00 5.00 184.03
493.00 195.00 1.00 2.00 197.20
394.00 480.00 0.00 4.00 125.02
185.00 508.00 1.00 2.00 44.05
487.00 493.00 0.00 5.00 149.72
104.00 515.00 1.00 1.00 195.37
511.00 89.00 1.00 5.00 88.13
495.00 273.00 1.00 5.00 190.59
172.00 511.00 0.00 2.00 118.77
517.00 509.00 0.00 2.00 53.92
493.00 514.00 1.00 1.00 38.01
492.00 497.00 0.00 2.00 41.19
509.00 493.00 1.00 4.00 84.82
495.00 1.00 1.00 5.00 49.04
489.00 23.00 0.00 3.00 31.28
508.00 494.00 1.00 1.00 57.08
488.00 21.00 0.00 1.00 74.90
9.00 493.00 1.00 4.00 127.58
486.00 456.00 1.00 2.00 38.93
58.00 183.00 0.00 1.00 125.29
180.00 493.00 0.00 1.00 125.53
368.00 220.00 0.00 3.00 79.74
383.00 389.00 1.00 2.00 196.71
290.00 79.00 0.00 1.00 134.25
503.00 514.00 1.00 4.00 126.92
507.00 502.00 1.00 4.00 57.72
66.00 491.00 1.00 4.00 173.34
511.00 501.00 0.00 3.00 148.89
507.00 497.00 0.00 1.00 123.57
127.00 317.00 0.00 1.00 95.00
0.00 417.00 1.00 2.00 166.56
505.00 510.00 1.00 3.00 129.50
462.00 97.00 0.00 4.00 76.75
501.00 289.00 0.00 3.00 87.02
516.00 126.00 1.00 4.00 162.77
493.00 510.00 0.00 5.00 59.70
345.00 407.00 0.00 5.00 193.49
263.00 507.00 0.00 3.00 185.16
498.00 488.00 1.00 1.00 152.36
183.00 505.00 0.00 4.00 36.72
495.00 364.00 1.00 2.00 115.94
506.00 235.00 0.00 2.00 189.38
515.00 409.00 1.00 3.00 34.37
461.00 514.00 1.00 2.00 128.47
492.00 243.00 0.00 5.00 84.56
85.00 368.00 1.00 5.00 111.61
501.00 45.00 0.00 3.00 95.91
510.00 45.00 1.00 2.00 114.80
28.00 511.00 1.00 4.00 166.85
487.00 285.00 0.00 5.00 188.89
509.00 481.00 1.00 2.00 124.73
493.00 502.00 0.00 5.00 67.72
454.00 484.00 0.00 1.00 67.24
490.00 514.00 0.00 4.00 78.09
490.00 240.00 1.00 1.00 162.18
23.00 503.00 0.00 2.00 70.42
108.00 177.00 1.00 4.00 179.56
104.00 510.00 1.00 4.00 40.09
514.00 506.00 1.00 1.00 161.88
510.00 415.00 1.00 2.00 137.02
82.00 490.00 1.00 3.00 65.39
496.00 513.00 0.00 4.00 146.46
500.00 505.00 0.00 3.00 60.70
183.00 306.00 0.00 5.00 105.07
501.00 506.00 1.00 2.00 79.87
497.00 322.00 0.00 5.00 195.46
495.00 490.00 1.00 2.00 99.50
372.00 50.00 1.00 3.00 30.15
510.00 392.00 0.00 4.00 115.21
489.00 516.00 1.00 5.00 59.95
15.00 474.00 0.00 4.00 52.34
297.00 212.00 0.00 5.00 52.09
250.00 505.00 0.00 3.00 169.64
516.00 56.00 1.00 4.00 164.40
510.00 90.00 0.00 5.00 94.88
512.00 270.00 1.00 2.00 77.66
507.00 353.00 0.00 1.00 195.54
195.00 148.00 1.00 3.00 36.84
235.00 496.00 0.00 2.00 181.24
54.00 356.00 1.00 1.00 158.06
488.00 444.00 1.00 1.00 101.50
393.00 514.00 1.00 1.00 127.81
93.00 500.00 0.00 5.00 79.49
378.00 499.00 1.00 1.00 149.87
331.00 499.00 1.00 3.00 105.13
491.00 513.00 1.00 5.00 178.44
497.00 426.00 0.00 1.00 195.48
45.00 99.00 1.00 2.00 52.57
141.00 205.00 1.00 3.00 189.93
429.00 0.00 1.00 2.00 145.08
45.00 330.00 0.00 5.00 91.49
460.00 490.00 0.00 2.00 181.48
516.00 469.00 1.00 1.00 68.87
515.00 486.00 0.00 5.00 196.98
514.00 496.00 1.00 5.00 61.45
515.00 500.00 1.00 4.00 85.69
295.00 506.00 0.00 5.00 126.06
511.00 488.00 0.00 2.00 89.35
454.00 488.00 1.00 3.00 61.16
491.00 503.00 1.00 5.00 90.86
456.00 498.00 0.00 3.00 86.49
378.00 339.00 1.00 1.00 51.44
498.00 474.00 0.00 5.00 167.19
499.00 96.00 0.00 5.00 183.70
497.00 334.00 0.00 2.00 141.93
503.00 516.00 0.00 3.00 172.28
517.00 240.00 1.00 1.00 57.89
233.00 78.00 0.00 5.00 112.14
148.00 17.00 1.00 5.00 85.00
500.00 494.00 1.00 3.00 35.75
168.00 323.00 1.00 3.00 96.78
187.00 31.00 0.00 1.00 130.91
510.00 496.00 1.00 5.00 134.11
139.00 189.00 1.00 4.00 37.88
22.00 487.00 1.00 4.00 89.43
509.00 234.00 1.00 2.00 30.14
507.00 517.00 0.00 1.00 186.91
517.00 497.00 1.00 1.00 170.79
83.00 92.00 0.00 4.00 138.27
284.00 262.00 1.00 2.00 160.66
346.00 517.00 1.00 5.00 133.49
169.00 507.00 1.00 4.00 157.82
253.00 477.00 0.00 1.00 48.69
302.00 277.00 0.00 3.00 160.88
496.00 486.00 0.00 4.00 102.33
492.00 309.00 1.00 5.00 50.52
507.00 517.00 1.00 4.00 111.57
473.00 509.00 1.00 4.00 119.27
515.00 506.00 0.00 1.00 126.77
508.00 496.00 0.00 2.00 62.54
15.00 407.00 0.00 5.00 120.49
402.00 61.00 0.00 5.00 178.60
495.00 304.00 1.00 3.00 111.31
146.00 502.00 1.00 4.00 193.31
501.00 128.00 0.00 5.00 193.24
489.00 495.00 1.00 2.00 144.74
515.00 495.00 0.00 1.00 157.04
511.00 505.00 1.00 5.00 182.25
423.00 507.00 0.00 3.00 42.67
493.00 501.00 1.00 4.00 97.86
503.00 157.00 0.00 3.00 68.87
498.00 135.00 1.00 1.00 136.82
39.00 64.00 0.00 2.00 67.92
502.00 499.00 1.00 4.00 170.85
62.00 505.00 0.00 3.00 114.14
79.00 267.00 1.00 5.00 74.94
163.00 516.00 0.00 4.00 46.56
416.00 328.00 1.00 1.00 180.24
138.00 295.00 0.00 3.00 153.48
70.00 144.00 1.00 5.00 43.33
325.00 436.00 0.00 5.00 178.24
37.00 510.00 1.00 5.00 46.97
329.00 492.00 1.00 1.00 157.00
508.00 281.00 1.00 1.00 73.52
506.00 311.00 0.00 1.00 46.24
495.00 26.00 0.00 2.00 97.10
514.00 508.00 1.00 5.00 187.35
496.00 215.00 1.00 4.00 128.86
479.00 506.00 0.00 1.00 151.79
488.00 511.00 1.00 1.00 39.72
190.00 503.00 0.00 5.00 192.66
407.00 41.00 0.00 2.00 123.97
510.00 500.00 0.00 3.00 151.30
469.00 502.00 0.00 5.00 191.74
487.00 508.00 1.00 3.00 125.96
234.00 491.00 0.00 3.00 167.15
505.00 498.00 1.00 2.00 150.58
509.00 231.00 0.00 3.00 118.04
501.00 504.00 1.00 5.00 170.49
185.00 37.00 1.00 3.00 189.22
494.00 514.00 0.00 3.00 170.72
241.00 50.00 1.00 3.00 149.91
507.00 364.00 0.00 3.00 111.68
489.00 438.00 1.00 4.00 67.91
208.00 502.00 1.00 4.00 145.53
304.00 385.00 1.00 3.00 116.23
58.00 513.00 0.00 4.00 66.97
202.00 483.00 0.00 1.00 150.96
511.00 506.00 1.00 5.00 79.62
10.00 497.00 1.00 2.00 190.91
284.00 115.00 1.00 2.00 103.10
503.00 496.00 1.00 3.00 139.88
500.00 326.00 0.00 2.00 36.85
178.00 410.00 1.00 1.00 119.78
112.00 11.00 0.00 1.00 45.94
67.00 488.00 0.00 1.00 49.97
497.00 385.00 1.00 1.00 56.92
497.00 516.00 0.00 2.00 95.00
500.00 389.00 1.00 5.00 52.76
516.00 492.00 0.00 1.00 193.09
458.00 117.00 1.00 4.00 102.23
207.00 411.00 0.00 2.00 75.47
509.00 514.00 1.00 2.00 95.52
499.00 317.00 0.00 1.00 30.74
486.00 515.00 0.00 4.00 151.60
273.00 497.00 1.00 2.00 92.38
71.00 424.00 1.00 2.00 189.52
512.00 491.00 1.00 3.00 44.81
507.00 214.00 0.00 1.00 146.08
319.00 487.00 0.00 1.00 157.62
249.00 490.00 1.00 2.00 69.23
316.00 489.00 0.00 3.00 160.59
81.00 460.00 0.00 1.00 52.18
515.00 195.00 1.00 1.00 127.94
513.00 51.00 1.00 2.00 167.23
502.00 516.00 0.00 4.00 57.41
511.00 151.00 0.00 4.00 98.29
491.00 315.00 0.00 1.00 56.47
516.00 504.00 1.00 1.00 34.20
507.00 473.00 1.00 4.00 165.35
261.00 347.00 0.00 4.00 78.06
481.00 496.00 0.00 4.00 175.16
490.00 516.00 1.00 3.00 108.57
318.00 259.00 1.00 4.00 50.41
418.00 487.00 1.00 1.00 170.22
384.00 486.00 0.00 2.00 120.13
503.00 515.00 1.00 5.00 54.88
201.00 488.00 0.00 4.00 44.19
487.00 517.00 0.00 3.00 109.53
249.00 508.00 1.00 1.00 132.35
505.00 500.00 1.00 3.00 36.57
330.00 176.00 1.00 2.00 75.31
135.00 357.00 1.00 2.00 167.96
512.00 188.00 1.00 2.00 121.62
503.00 325.00 0.00 3.00 72.87
502.00 193.00 0.00 3.00 163.80
425.00 491.00 0.00 5.00 147.17
255.00 509.00 1.00 3.00 140.44
501.00 454.00 1.00 3.00 156.69
509.00 493.00 0.00 4.00 34.06
282.00 490.00 1.00 1.00 92.61
172.00 508.00 0.00 4.00 183.84
30.00 51.00 0.00 3.00 190.86
488.00 278.00 1.00 2.00 70.11
486.00 8.00 0.00 2.00 102.40
487.00 85.00 0.00 5.00 168.32
84.00 506.00 0.00 1.00 194.42
512.00 131.00 0.00 2.00 91.71
505.00 265.00 0.00 5.00 33.54
494.00 444.00 1.00 1.00 82.03
491.00 513.00 1.00 3.00 141.41
237.00 2.00 1.00 2.00 141.49
275.00 459.00 0.00 5.00 42.25
343.00 239.00 1.00 5.00 198.94
504.00 387.00 1.00 5.00 31.49
269.00 191.00 1.00 4.00 82.14
39.00 221.00 1.00 4.00 106.81
418.00 239.00 1.00 5.00 57.33
517.00 76.00 1.00 1.00 119.26
489.00 497.00 0.00 5.00 190.68
162.00 499.00 0.00 3.00 88.29
187.00 163.00 0.00 5.00 38.73
430.00 487.00 0.00 3.00 34.16
496.00 258.00 1.00 3.00 48.90
507.00 46.00 1.00 1.00 131.11
273.00 80.00 1.00 2.00 103.21
501.00 490.00 1.00 4.00 144.97
486.00 200.00 1.00 1.00 88.07
506.00 159.00 1.00 3.00 135.00
501.00 440.00 1.00 4.00 105.23
368.00 374.00 0.00 3.00 154.27
494.00 13.00 0.00 5.00 63.52
365.00 489.00 0.00 2.00 56.08
497.00 239.00 0.00 1.00 87.97
515.00 506.00 0.00 4.00 137.23
511.00 494.00 0.00 3.00 91.77
15.00 378.00 0.00 4.00 169.43
97.00 184.00 0.00 2.00 44.43
294.00 497.00 1.00 1.00 174.55
489.00 116.00 1.00 3.00 73.51
509.00 163.00 0.00 5.00 78.84
397.00 227.00 0.00 1.00 117.90
504.00 515.00 0.00 3.00 128.26
511.00 273.00 1.00 2.00 91.27
489.00 396.00 1.00 4.00 126.82
96.00 511.00 0.00 3.00 32.32
116.00 369.00 0.00 3.00 172.13
377.00 514.00 1.00 3.00 39.61
229.00 78.00 0.00 5.00 88.10
511.00 220.00 0.00 2.00 190.33
104.00 487.00 1.00 3.00 40.20
126.00 486.00 1.00 2.00 76.63
514.00 486.00 0.00 1.00 199.81
492.00 463.00 1.00 1.00 96.61
351.00 412.00 1.00 5.00 119.20
507.00 502.00 1.00 4.00 122.95
508.00 66.00 0.00 5.00 148.72
512.00 277.00 0.00 3.00 74.91
488.00 511.00 0.00 1.00 48.26
398.00 493.00 0.00 4.00 124.79
515.00 508.00 1.00 3.00 165.64
504.00 232.00 0.00 3.00 100.45
183.00 149.00 1.00 3.00 199.81
506.00 280.00 0.00 2.00 187.00
494.00 502.00 1.00 1.00 165.25
474.00 336.00 1.00 4.00 180.09
505.00 21.00 0.00 3.00 65.26
339.00 495.00 0.00 3.00 31.23
502.00 59.00 0.00 1.00 173.46
110.00 504.00 0.00 4.00 32.58
488.00 466.00 0.00 2.00 191.38
493.00 433.00 1.00 3.00 199.56
480.00 323.00 0.00 4.00 194.16
503.00 500.00 1.00 1.00 65.06
509.00 298.00 0.00 2.00 195.02
413.00 503.00 1.00 4.00 172.00
493.00 488.00 0.00 5.00 93.39
507.00 512.00 0.00 1.00 90.89
105.00 511.00 1.00 3.00 166.19
505.00 494.00 1.00 5.00 164.04
499.00 249.00 1.00 2.00 187.13
497.00 146.00 0.00 5.00 57.93
511.00 315.00 0.00 4.00 102.39
505.00 488.00 0.00 3.00 96.03
515.00 508.00 0.00 4.00 50.07
454.00 512.00 1.00 2.00 90.69
404.00 362.00 1.00 3.00 87.69
495.00 514.00 1.00 1.00 185.38
361.00 503.00 1.00 1.00 81.87
68.00 206.00 0.00 3.00 151.58
108.00 438.00 1.00 2.00 64.35
486.00 506.00 1.00 3.00 149.77
106.00 210.00 1.00 1.00 133.17
465.00 195.00 1.00 3.00 148.62
97.00 488.00 0.00 1.00 167.76
499.00 509.00 1.00 2.00 117.09
492.00 151.00 1.00 3.00 181.19
152.00 492.00 0.00 3.00 81.49
396.00 499.00 0.00 1.00 170.45
233.00 475.00 1.00 5.00 196.70
220.00 454.00 1.00 1.00 125.04
510.00 487.00 1.00 1.00 121.29
490.00 505.00 0.00 3.00 183.30
506.00 118.00 1.00 3.00 173.41
153.00 511.00 1.00 4.00 116.95
500.00 515.00 0.00 5.00 34.08
512.00 1.00 1.00 4.00 74.46
502.00 498.00 0.00 2.00 125.12
357.00 142.00 1.00 4.00 70.00
240.00 491.00 0.00 5.00 48.20
150.00 497.00 1.00 1.00 150.60
220.00 293.00 1.00 5.00 192.26
129.00 501.00 1.00 4.00 195.19
498.00 502.00 1.00 3.00 145.07
510.00 14.00 0.00 2.00 82.64
492.00 502.00 0.00 3.00 146.08
502.00 25.00 1.00 2.00 182.36
19.00 431.00 1.00 5.00 37.86
506.00 372.00 1.00 5.00 120.34
506.00 474.00 0.00 2.00 49.94
488.00 310.00 0.00 4.00 149.98
506.00 517.00 0.00 2.00 31.03
516.00 105.00 1.00 5.00 90.19
401.00 423.00 1.00 5.00 103.94
512.00 176.00 0.00 1.00 85.22
168.00 234.00 0.00 3.00 85.72
265.00 259.00 1.00 2.00 108.38
60.00 223.00 1.00 1.00 162.75
497.00 78.00 0.00 3.00 197.52
488.00 493.00 1.00 5.00 87.74
183.00 499.00 1.00 4.00 125.64
513.00 293.00 0.00 1.00 35.75
241.00 502.00 0.00 3.00 128.93
205.00 394.00 0.00 1.00 73.44
486.00 507.00 0.00 2.00 63.02
512.00 465.00 0.00 1.00 170.73
339.00 501.00 0.00 4.00 188.83
276.00 447.00 1.00 3.00 184.98
487.00 292.00 0.00 3.00 123.16
276.00 379.00 1.00 4.00 118.15
347.00 488.00 0.00 4.00 103.44
155.00 96.00 0.00 3.00 122.69
446.00 348.00 0.00 1.00 126.83
512.00 488.00 1.00 5.00 171.34
91.00 508.00 1.00 5.00 167.16
506.00 491.00 0.00 1.00 63.73
129.00 214.00 0.00 2.00 189.29
499.00 465.00 1.00 5.00 99.90
229.00 496.00 0.00 2.00 56.70
451.00 227.00 0.00 5.00 194.70
496.00 245.00 0.00 5.00 80.11
507.00 498.00 0.00 3.00 66.51
496.00 507.00 1.00 1.00 182.68
185.00 283.00 0.00 1.00 57.71
492.00 345.00 1.00 5.00 153.60
513.00 360.00 0.00 1.00 124.71
382.00 496.00 1.00 3.00 193.64
310.00 329.00 1.00 5.00 134.22
400.00 487.00 1.00 1.00 127.79
348.00 513.00 0.00 2.00 144.87
490.00 122.00 1.00 4.00 127.04
501.00 465.00 0.00 1.00 116.57
489.00 259.00 0.00 3.00 147.19
495.00 509.00 0.00 2.00 132.33
443.00 499.00 0.00 1.00 38.26
486.00 492.00 1.00 1.00 177.85
517.00 239.00 0.00 5.00 149.79
517.00 12.00 0.00 5.00 36.16
516.00 504.00 1.00 4.00 185.63
501.00 507.00 0.00 3.00 56.71
493.00 512.00 1.00 1.00 151.20
178.00 488.00 1.00 2.00 107.82
