13.00 496.00 1.00 2.00 49.44
465.00 495.00 0.00 2.00 136.43
496.00 486.00 1.00 2.00 146.86
361.00 111.00 1.00 1.00 196.55
428.00 506.00 1.00 5.00 96.17
225.00 361.00 1.00 4.00 42.62
494.00 56.00 0.00 5.00 76.51
504.00 121.00 1.00 3.00 129.69
507.00 492.00 0.00 4.00 68.38
232.00 106.00 0.00 5.00 99.75
455.00 30.00 0.00 5.00 133.13
464.00 159.00 0.00 5.00 101.22
110.00 301.00 0.00 5.00 142.02
397.00 359.00 1.00 5.00 191.38
509.00 366.00 1.00 4.00 183.88
498.00 423.00 1.00 2.00 51.42
509.00 487.00 1.00 3.00 99.58
508.00 486.00 1.00 3.00 72.44
497.00 505.00 0.00 3.00 71.66
446.00 89.00 0.00 3.00 192.53
368.00 177.00 0.00 4.00 78.52
491.00 516.00 0.00 3.00 171.07
187.00 508.00 0.00 3.00 61.10
135.00 504.00 0.00 1.00 84.78
491.00 507.00 0.00 4.00 141.95
493.00 502.00 0.00 3.00 88.77
500.00 490.00 0.00 1.00 188.98
481.00 270.00 1.00 1.00 49.29
513.00 15.00 1.00 3.00 57.26
97.00 1.00 1.00 3.00 76.45
328.00 501.00 1.00 4.00 157.95
504.00 498.00 0.00 4.00 121.63
499.00 487.00 1.00 2.00 191.21
514.00 497.00 1.00 2.00 47.03
147.00 495.00 1.00 3.00 95.50
79.00 436.00 0.00 3.00 129.21
504.00 514.00 1.00 3.00 54.28
274.00 37.00 1.00 4.00 94.28
488.00 83.00 0.00 5.00 32.98
109.00 402.00 0.00 5.00 95.09
493.00 506.00 0.00 3.00 194.00
210.00 95.00 1.00 1.00 52.45
505.00 290.00 0.00 2.00 41.40
28.00 497.00 0.00 4.00 166.73
187.00 183.00 1.00 1.00 162.63
500.00 505.00 0.00 1.00 86.32
97.00 496.00 0.00 4.00 69.73
498.00 491.00 0.00 4.00 62.23
503.00 283.00 0.00 2.00 161.19
512.00 384.00 1.00 4.00 146.21
490.00 505.00 0.00 2.00 116.38
483.00 182.00 1.00 1.00 93.08
503.00 501.00 0.00 1.00 83.58
336.00 504.00 0.00 4.00 135.27
191.00 389.00 1.00 5.00 63.96
17.00 160.00 1.00 2.00 168.31
516.00 193.00 1.00 4.00 112.33
512.00 502.00 0.00 4.00 183.72
173.00 491.00 0.00 4.00 110.25
250.00 513.00 0.00 4.00 42.91
352.00 150.00 1.00 4.00 156.06
38.00 494.00 0.00 4.00 148.42
506.00 517.00 1.00 1.00 116.34
508.00 498.00 0.00 3.00 154.62
458.00 516.00 1.00 4.00 152.55
501.00 66.00 1.00 2.00 79.65
32.00 511.00 0.00 3.00 99.41
70.00 117.00 0.00 2.00 98.97
486.00 312.00 0.00 4.00 187.89
513.00 396.00 0.00 5.00 92.97
147.00 501.00 1.00 2.00 129.11
211.00 489.00 1.00 4.00 89.52
513.00 499.00 1.00 5.00 87.79
171.00 120.00 0.00 4.00 58.06
513.00 226.00 0.00 5.00 168.59
508.00 517.00 0.00 1.00 94.56
490.00 333.00 1.00 2.00 53.76
491.00 504.00 1.00 5.00 149.25
517.00 502.00 0.00 4.00 33.57
515.00 96.00 0.00 3.00 73.64
422.00 516.00 0.00 1.00 38.15
343.00 510.00 1.00 5.00 37.03
515.00 496.00 0.00 5.00 164.56
494.00 500.00 1.00 2.00 185.67
517.00 443.00 1.00 3.00 185.10
493.00 499.00 0.00 4.00 120.22
95.00 2.00 0.00 3.00 155.06
308.00 512.00 0.00 1.00 189.11
389.00 341.00 0.00 3.00 74.40
98.00 497.00 0.00 3.00 94.67
247.00 500.00 0.00 2.00 117.22
297.00 513.00 1.00 1.00 183.31
353.00 434.00 0.00 4.00 196.81
47.00 149.00 0.00 5.00 30.76
371.00 377.00 1.00 2.00 192.30
503.00 124.00 0.00 2.00 172.49
109.00 413.00 0.00 4.00 69.82
106.00 494.00 0.00 4.00 135.63
40.00 131.00 1.00 4.00 40.81
492.00 464.00 1.00 3.00 100.01
490.00 433.00 0.00 2.00 120.18
498.00 203.00 0.00 1.00 146.45
76.00 488.00 1.00 2.00 104.82
467.00 345.00 0.00 2.00 70.96
236.00 264.00 1.00 3.00 33.72
489.00 345.00 0.00 5.00 102.66
337.00 45.00 1.00 2.00 65.25
500.00 486.00 0.00 1.00 89.69
496.00 48.00 1.00 5.00 173.10
514.00 313.00 1.00 1.00 154.48
506.00 370.00 1.00 4.00 47.95
90.00 506.00 0.00 3.00 127.45
509.00 86.00 1.00 4.00 89.94
514.00 350.00 0.00 4.00 188.22
148.00 514.00 1.00 4.00 31.38
263.00 500.00 0.00 2.00 46.10
512.00 502.00 0.00 2.00 97.77
266.00 487.00 0.00 1.00 35.84
443.00 385.00 0.00 1.00 191.23
494.00 326.00 1.00 3.00 52.41
487.00 118.00 0.00 1.00 154.37
247.00 488.00 0.00 2.00 81.45
514.00 118.00 1.00 3.00 77.02
464.00 384.00 1.00 4.00 142.98
441.00 502.00 1.00 4.00 193.19
471.00 494.00 0.00 4.00 142.02
326.00 145.00 0.00 2.00 189.06
505.00 375.00 0.00 1.00 177.80
488.00 507.00 1.00 4.00 172.71
407.00 510.00 0.00 3.00 89.53
498.00 113.00 1.00 4.00 62.35
495.00 206.00 1.00 5.00 157.21
507.00 479.00 1.00 5.00 53.31
510.00 488.00 1.00 4.00 153.64
395.00 498.00 0.00 1.00 55.79
81.00 283.00 1.00 5.00 73.15
461.00 515.00 1.00 4.00 85.92
176.00 513.00 0.00 1.00 186.05
499.00 287.00 1.00 1.00 40.78
340.00 85.00 1.00 3.00 122.08
517.00 353.00 0.00 4.00 31.47
360.00 513.00 0.00 4.00 135.66
42.00 511.00 1.00 1.00 116.53
492.00 190.00 1.00 4.00 173.75
441.00 507.00 0.00 2.00 78.07
503.00 500.00 1.00 2.00 32.87
419.00 507.00 1.00 5.00 94.03
44.00 491.00 0.00 4.00 51.12
255.00 278.00 1.00 4.00 86.18
42.00 513.00 0.00 5.00 102.67
355.00 90.00 0.00 2.00 79.72
21.00 495.00 1.00 5.00 148.05
500.00 509.00 1.00 1.00 63.89
500.00 221.00 0.00 1.00 105.29
169.00 493.00 0.00 5.00 45.86
150.00 255.00 1.00 1.00 124.95
229.00 320.00 1.00 1.00 145.06
503.00 296.00 1.00 4.00 146.81
507.00 517.00 0.00 5.00 158.93
251.00 502.00 0.00 2.00 151.12
492.00 387.00 1.00 5.00 93.54
509.00 517.00 0.00 4.00 80.78
33.00 355.00 1.00 2.00 142.82
337.00 503.00 1.00 4.00 73.03
490.00 129.00 1.00 2.00 99.02
424.00 336.00 0.00 5.00 37.25
233.00 503.00 0.00 2.00 31.47
253.00 510.00 1.00 3.00 76.93
459.00 502.00 0.00 2.00 45.94
506.00 497.00 1.00 2.00 154.13
412.00 128.00 1.00 4.00 133.24
493.00 331.00 1.00 1.00 108.98
493.00 471.00 0.00 2.00 85.99
495.00 500.00 0.00 1.00 145.68
497.00 357.00 1.00 3.00 40.35
299.00 125.00 0.00 1.00 68.63
515.00 155.00 0.00 4.00 50.87
360.00 33.00 0.00 5.00 144.50
258.00 503.00 1.00 3.00 150.14
506.00 48.00 0.00 3.00 173.71
502.00 517.00 1.00 2.00 70.25
514.00 335.00 1.00 4.00 186.77
380.00 490.00 0.00 3.00 198.88
382.00 511.00 0.00 5.00 64.20
491.00 315.00 0.00 1.00 30.64
294.00 255.00 1.00 5.00 191.27
510.00 488.00 1.00 2.00 95.55
490.00 508.00 1.00 4.00 97.86
516.00 317.00 0.00 5.00 106.67
471.00 21.00 1.00 4.00 162.30
508.00 491.00 0.00 4.00 183.08
439.00 22.00 0.00 1.00 144.38
160.00 517.00 0.00 1.00 162.65
313.00 147.00 0.00 1.00 183.15
386.00 499.00 1.00 3.00 106.15
497.00 490.00 1.00 2.00 38.07
52.00 498.00 0.00 1.00 164.48
289.00 500.00 1.00 4.00 36.90
374.00 488.00 1.00 3.00 91.26
503.00 77.00 1.00 2.00 150.48
217.00 407.00 0.00 2.00 168.09
489.00 517.00 1.00 3.00 76.54
442.00 498.00 1.00 4.00 46.67
501.00 265.00 0.00 4.00 73.72
131.00 508.00 1.00 2.00 33.93
514.00 50.00 0.00 1.00 173.71
217.00 495.00 1.00 5.00 102.15
213.00 507.00 1.00 2.00 114.81
506.00 490.00 0.00 5.00 86.06
507.00 151.00 0.00 3.00 78.83
459.00 269.00 1.00 1.00 89.99
494.00 309.00 1.00 4.00 102.28
226.00 506.00 0.00 3.00 89.66
514.00 494.00 0.00 3.00 120.19
150.00 510.00 1.00 1.00 111.16
490.00 505.00 1.00 4.00 126.65
64.00 490.00 1.00 1.00 30.04
492.00 487.00 0.00 4.00 132.01
205.00 502.00 0.00 5.00 67.01
447.00 486.00 0.00 5.00 95.26
406.00 45.00 0.00 2.00 84.14
338.00 492.00 1.00 5.00 183.03
240.00 504.00 1.00 5.00 138.39
489.00 495.00 1.00 4.00 113.62
99.00 488.00 0.00 5.00 150.64
394.00 99.00 0.00 2.00 74.13
496.00 468.00 1.00 3.00 70.21
369.00 517.00 0.00 2.00 146.24
490.00 413.00 0.00 5.00 179.55
340.00 233.00 0.00 5.00 197.20
107.00 458.00 1.00 5.00 186.59
510.00 335.00 1.00 1.00 104.30
508.00 497.00 1.00 1.00 185.43
488.00 505.00 1.00 1.00 147.40
386.00 458.00 1.00 4.00 157.39
141.00 509.00 1.00 4.00 96.00
505.00 494.00 1.00 4.00 76.23
500.00 509.00 0.00 2.00 60.97
501.00 510.00 1.00 1.00 163.57
489.00 371.00 0.00 3.00 194.57
500.00 487.00 1.00 4.00 32.85
370.00 498.00 0.00 2.00 112.55
105.00 510.00 0.00 4.00 69.62
300.00 490.00 1.00 5.00 93.77
30.00 517.00 0.00 4.00 133.35
285.00 498.00 0.00 4.00 114.52
227.00 500.00 0.00 1.00 119.69
494.00 168.00 1.00 5.00 32.30
357.00 488.00 1.00 3.00 72.96
496.00 316.00 1.00 1.00 121.64
472.00 195.00 0.00 5.00 75.70
458.00 390.00 1.00 3.00 161.69
509.00 165.00 0.00 4.00 139.90
356.00 150.00 1.00 1.00 54.73
488.00 175.00 0.00 5.00 177.20
265.00 510.00 1.00 3.00 197.18
486.00 236.00 1.00 5.00 147.33
504.00 487.00 0.00 4.00 176.86
496.00 517.00 1.00 5.00 76.87
123.00 502.00 0.00 5.00 51.81
233.00 488.00 1.00 2.00 79.42
280.00 490.00 1.00 3.00 117.05
210.00 490.00 1.00 4.00 32.11
149.00 507.00 1.00 1.00 34.75
494.00 514.00 1.00 3.00 88.32
495.00 57.00 0.00 2.00 42.41
504.00 500.00 1.00 4.00 115.34
171.00 497.00 1.00 1.00 109.37
512.00 25.00 1.00 5.00 42.11
503.00 268.00 1.00 4.00 144.57
507.00 514.00 1.00 5.00 158.71
242.00 503.00 1.00 1.00 186.35
507.00 513.00 1.00 4.00 143.45
114.00 296.00 1.00 3.00 194.58
500.00 505.00 0.00 2.00 160.14
14.00 488.00 1.00 4.00 34.67
503.00 498.00 1.00 5.00 150.92
488.00 169.00 1.00 2.00 47.67
497.00 462.00 0.00 1.00 44.48
469.00 63.00 1.00 4.00 179.44
382.00 311.00 1.00 5.00 150.55
516.00 488.00 0.00 2.00 66.99
503.00 370.00 1.00 4.00 82.89
416.00 511.00 1.00 4.00 88.78
496.00 210.00 0.00 4.00 83.90
45.00 291.00 0.00 4.00 32.38
193.00 211.00 0.00 4.00 128.38
388.00 90.00 1.00 1.00 186.67
426.00 468.00 1.00 5.00 68.59
448.00 180.00 0.00 1.00 125.66
496.00 272.00 0.00 1.00 91.36
140.00 486.00 1.00 2.00 154.13
208.00 187.00 1.00 3.00 118.08
502.00 514.00 1.00 3.00 53.68
511.00 155.00 1.00 5.00 88.32
180.00 498.00 0.00 1.00 31.03
489.00 494.00 0.00 2.00 166.11
494.00 488.00 0.00 2.00 124.48
461.00 337.00 1.00 3.00 48.76
508.00 501.00 0.00 4.00 125.83
24.00 489.00 1.00 5.00 109.41
517.00 504.00 1.00 2.00 54.66
485.00 498.00 1.00 4.00 131.10
337.00 320.00 0.00 4.00 46.09
508.00 489.00 1.00 5.00 168.38
515.00 422.00 1.00 2.00 168.98
244.00 502.00 1.00 3.00 134.48
510.00 205.00 0.00 3.00 79.42
513.00 388.00 1.00 4.00 197.04
490.00 511.00 0.00 4.00 58.76
495.00 174.00 0.00 5.00 86.69
384.00 510.00 1.00 5.00 95.64
255.00 11.00 0.00 3.00 176.94
404.00 206.00 0.00 3.00 128.96
490.00 503.00 1.00 2.00 54.02
61.00 348.00 0.00 1.00 183.70
202.00 39.00 1.00 1.00 199.51
31.00 486.00 0.00 1.00 101.10
119.00 468.00 0.00 1.00 167.10
461.00 253.00 1.00 1.00 70.23
410.00 230.00 0.00 2.00 44.93
26.00 382.00 0.00 4.00 95.69
487.00 495.00 0.00 2.00 144.61
257.00 292.00 0.00 1.00 124.34
220.00 509.00 1.00 3.00 92.41
447.00 492.00 1.00 3.00 55.43
139.00 501.00 0.00 4.00 159.72
503.00 250.00 1.00 5.00 105.33
502.00 495.00 0.00 2.00 114.97
48.00 502.00 1.00 5.00 70.17
465.00 322.00 1.00 2.00 31.45
508.00 130.00 0.00 2.00 125.75
469.00 494.00 1.00 3.00 149.96
488.00 127.00 0.00 4.00 147.93
215.00 241.00 0.00 3.00 46.00
326.00 45.00 1.00 3.00 149.53
146.00 497.00 1.00 2.00 80.31
501.00 411.00 1.00 3.00 195.56
512.00 363.00 1.00 2.00 102.07
470.00 503.00 0.00 4.00 147.05
195.00 109.00 0.00 2.00 48.54
514.00 331.00 0.00 2.00 183.75
499.00 111.00 0.00 1.00 47.05
503.00 486.00 0.00 4.00 162.58
259.00 499.00 1.00 1.00 68.36
96.00 494.00 0.00 3.00 198.42
502.00 139.00 0.00 3.00 89.59
93.00 130.00 1.00 4.00 88.18
47.00 513.00 1.00 4.00 84.57
130.00 189.00 1.00 1.00 120.78
506.00 501.00 1.00 5.00 97.79
491.00 191.00 0.00 1.00 59.02
490.00 501.00 1.00 1.00 94.37
294.00 110.00 1.00 3.00 91.71
311.00 477.00 1.00 4.00 125.56
491.00 269.00 1.00 3.00 82.42
505.00 264.00 1.00 1.00 164.65
96.00 504.00 1.00 4.00 102.34
514.00 423.00 0.00 4.00 113.89
142.00 496.00 0.00 1.00 89.73
498.00 147.00 0.00 1.00 94.67
515.00 497.00 0.00 5.00 48.92
501.00 489.00 0.00 2.00 150.62
488.00 497.00 0.00 4.00 127.96
495.00 505.00 1.00 3.00 149.39
487.00 517.00 0.00 5.00 109.74
256.00 361.00 0.00 3.00 180.47
488.00 273.00 1.00 5.00 73.70
12.00 176.00 0.00 4.00 183.08
146.00 490.00 0.00 5.00 195.93
500.00 486.00 0.00 4.00 181.22
499.00 183.00 1.00 1.00 178.56
500.00 238.00 0.00 2.00 64.64
450.00 494.00 0.00 1.00 64.74
271.00 448.00 0.00 5.00 59.47
515.00 141.00 1.00 4.00 167.08
175.00 81.00 0.00 3.00 171.60
82.00 183.00 1.00 5.00 134.49
492.00 499.00 0.00 4.00 99.88
307.00 319.00 0.00 1.00 55.25
24.00 76.00 0.00 1.00 126.65
511.00 496.00 0.00 2.00 179.54
487.00 509.00 0.00 3.00 156.31
487.00 395.00 1.00 5.00 152.94
87.00 497.00 0.00 2.00 124.53
506.00 501.00 1.00 4.00 141.53
298.00 510.00 1.00 3.00 131.77
504.00 151.00 0.00 3.00 169.53
112.00 467.00 1.00 4.00 145.50
490.00 428.00 0.00 5.00 167.10
139.00 502.00 0.00 3.00 128.19
438.00 34.00 0.00 4.00 123.74
509.00 501.00 1.00 2.00 198.06
438.00 492.00 0.00 4.00 198.33
63.00 516.00 1.00 2.00 79.51
513.00 496.00 1.00 3.00 40.76
510.00 181.00 0.00 1.00 30.50
251.00 441.00 0.00 3.00 115.99
390.00 516.00 0.00 4.00 33.97
218.00 275.00 1.00 5.00 35.66
513.00 491.00 0.00 4.00 184.52
506.00 499.00 0.00 2.00 97.15
491.00 96.00 1.00 1.00 157.74
508.00 498.00 0.00 1.00 70.65
490.00 278.00 1.00 2.00 42.94
336.00 121.00 0.00 3.00 131.23
510.00 491.00 1.00 2.00 138.71
512.00 128.00 1.00 4.00 151.84
511.00 378.00 0.00 4.00 49.80
274.00 506.00 1.00 2.00 108.69
511.00 109.00 0.00 5.00 95.45
502.00 285.00 1.00 2.00 178.51
37.00 488.00 0.00 1.00 169.03
506.00 466.00 1.00 2.00 142.56
102.00 504.00 0.00 3.00 121.02
392.00 517.00 0.00 3.00 53.42
34.00 496.00 0.00 4.00 116.43
308.00 511.00 0.00 1.00 117.72
267.00 213.00 0.00 1.00 118.93
39.00 503.00 0.00 4.00 56.51
198.00 516.00 1.00 4.00 186.71
507.00 33.00 1.00 4.00 151.85
495.00 490.00 1.00 5.00 163.26
413.00 515.00 0.00 2.00 158.10
491.00 512.00 1.00 5.00 190.02
370.00 482.00 1.00 5.00 31.67
489.00 281.00 0.00 2.00 88.83
392.00 488.00 1.00 3.00 66.27
494.00 216.00 0.00 2.00 95.48
493.00 421.00 1.00 5.00 96.16
344.00 515.00 0.00 1.00 194.46
329.00 174.00 1.00 1.00 144.83
88.00 4.00 1.00 3.00 189.20
416.00 161.00 0.00 4.00 139.15
515.00 486.00 1.00 4.00 83.43
172.00 491.00 1.00 3.00 108.99
498.00 75.00 1.00 1.00 62.89
497.00 138.00 0.00 5.00 90.08
496.00 513.00 0.00 3.00 104.51
412.00 489.00 1.00 1.00 181.08
486.00 498.00 0.00 5.00 181.02
386.00 463.00 0.00 5.00 127.06
494.00 425.00 0.00 2.00 175.20
115.00 191.00 0.00 1.00 125.05
488.00 506.00 1.00 2.00 50.32
12.00 493.00 0.00 3.00 36.08
488.00 494.00 1.00 5.00 181.27
364.00 490.00 1.00 4.00 82.33
490.00 500.00 0.00 5.00 70.46
511.00 55.00 0.00 4.00 173.77
229.00 511.00 1.00 3.00 86.14
301.00 395.00 0.00 1.00 98.93
515.00 7.00 0.00 3.00 37.58
32.00 500.00 1.00 3.00 90.37
503.00 67.00 1.00 1.00 83.34
13.00 511.00 0.00 2.00 164.36
366.00 507.00 1.00 2.00 113.36
231.00 501.00 0.00 5.00 38.55
425.00 35.00 1.00 4.00 52.17
494.00 351.00 1.00 3.00 110.87
500.00 98.00 0.00 4.00 51.48
497.00 491.00 1.00 3.00 73.80
243.00 486.00 1.00 1.00 124.02
515.00 330.00 1.00 1.00 133.65
501.00 509.00 0.00 3.00 85.22
517.00 493.00 1.00 4.00 30.08
511.00 254.00 0.00 1.00 63.23
411.00 433.00 0.00 3.00 111.76
499.00 515.00 1.00 1.00 156.86
286.00 415.00 1.00 4.00 184.37
497.00 486.00 0.00 4.00 64.24
507.00 269.00 1.00 4.00 105.19
487.00 400.00 1.00 4.00 52.21
489.00 496.00 0.00 1.00 120.18
407.00 347.00 1.00 2.00 158.68
204.00 517.00 1.00 3.00 197.15
108.00 502.00 1.00 2.00 161.74
486.00 440.00 0.00 5.00 144.46
511.00 504.00 0.00 3.00 41.97
506.00 493.00 0.00 2.00 67.03
494.00 512.00 0.00 5.00 198.34
320.00 107.00 0.00 1.00 159.79
356.00 396.00 1.00 4.00 175.03
152.00 498.00 1.00 1.00 69.34
503.00 489.00 0.00 1.00 157.23
134.00 118.00 0.00 3.00 191.14
503.00 290.00 1.00 5.00 153.04
452.00 472.00 0.00 2.00 142.75
512.00 412.00 1.00 3.00 60.48
491.00 275.00 0.00 1.00 68.48
487.00 502.00 1.00 4.00 67.91
503.00 389.00 0.00 4.00 169.81
492.00 497.00 1.00 3.00 69.80
57.00 197.00 0.00 1.00 85.28
427.00 467.00 1.00 2.00 168.58
404.00 338.00 0.00 5.00 97.63
512.00 437.00 0.00 5.00 110.33
279.00 149.00 0.00 2.00 68.74
517.00 43.00 1.00 4.00 35.10
514.00 498.00 1.00 5.00 75.90
427.00 389.00 1.00 4.00 74.71
200.00 499.00 1.00 5.00 115.92
499.00 215.00 1.00 2.00 67.26
503.00 176.00 1.00 5.00 99.22
144.00 111.00 0.00 1.00 194.23
509.00 36.00 1.00 3.00 56.40
382.00 286.00 0.00 1.00 121.79
55.00 511.00 1.00 5.00 179.41
229.00 134.00 1.00 3.00 136.44
508.00 489.00 0.00 5.00 135.04
351.00 341.00 0.00 5.00 169.25
517.00 265.00 0.00 5.00 76.89
455.00 180.00 1.00 3.00 116.74
146.00 382.00 0.00 4.00 180.18
514.00 234.00 0.00 1.00 173.76
504.00 421.00 1.00 4.00 35.17
499.00 488.00 0.00 5.00 139.13
295.00 361.00 0.00 5.00 78.28
398.00 513.00 0.00 4.00 117.94
434.00 496.00 1.00 1.00 77.81
513.00 491.00 0.00 3.00 137.59
313.00 512.00 0.00 5.00 191.97
473.00 492.00 0.00 4.00 85.98
365.00 29.00 0.00 1.00 97.52
500.00 237.00 1.00 5.00 165.50
499.00 344.00 1.00 3.00 83.51
490.00 507.00 1.00 1.00 187.73
489.00 181.00 1.00 1.00 57.46
503.00 517.00 1.00 4.00 135.41
512.00 300.00 0.00 5.00 112.51
501.00 421.00 1.00 2.00 83.80
115.00 256.00 0.00 3.00 108.16
517.00 313.00 1.00 5.00 156.08
396.00 511.00 1.00 5.00 91.56
393.00 41.00 0.00 1.00 76.08
486.00 306.00 1.00 5.00 123.20
500.00 488.00 0.00 3.00 192.77
333.00 509.00 1.00 3.00 145.34
124.00 510.00 1.00 4.00 63.75
325.00 494.00 0.00 3.00 40.47
494.00 280.00 0.00 2.00 65.60
211.00 490.00 1.00 2.00 56.34
263.00 510.00 1.00 3.00 94.91
12.00 357.00 1.00 5.00 143.71
501.00 487.00 1.00 2.00 67.03
393.00 372.00 1.00 4.00 92.98
502.00 488.00 0.00 3.00 101.77
224.00 514.00 1.00 2.00 177.68
173.00 495.00 0.00 1.00 192.34
513.00 500.00 0.00 4.00 108.45
414.00 515.00 1.00 1.00 161.65
488.00 516.00 1.00 5.00 108.70
300.00 504.00 1.00 5.00 183.17
505.00 439.00 1.00 4.00 132.72
515.00 498.00 1.00 3.00 34.51
493.00 502.00 1.00 2.00 144.45
500.00 413.00 0.00 2.00 127.29
444.00 495.00 0.00 4.00 115.63
493.00 517.00 0.00 3.00 51.34
340.00 499.00 1.00 4.00 178.39
412.00 493.00 1.00 1.00 62.30
61.00 204.00 0.00 4.00 199.47
493.00 327.00 1.00 2.00 52.88
497.00 516.00 0.00 2.00 167.02
179.00 512.00 0.00 1.00 116.51
295.00 79.00 0.00 5.00 108.82
172.00 396.00 0.00 1.00 182.25
476.00 448.00 1.00 3.00 191.78
489.00 494.00 0.00 5.00 122.13
94.00 493.00 1.00 4.00 91.56
503.00 508.00 1.00 1.00 104.56
29.00 54.00 1.00 1.00 192.15
325.00 312.00 1.00 1.00 155.19
301.00 497.00 0.00 5.00 44.96
423.00 332.00 0.00 2.00 47.94
191.00 490.00 0.00 5.00 172.49
500.00 490.00 1.00 2.00 133.62
231.00 489.00 1.00 3.00 68.17
253.00 476.00 1.00 3.00 37.29
235.00 507.00 0.00 1.00 165.09
497.00 505.00 1.00 5.00 32.02
504.00 500.00 0.00 2.00 152.49
493.00 499.00 1.00 5.00 95.75
252.00 471.00 0.00 1.00 186.67
397.00 491.00 0.00 4.00 184.66
495.00 484.00 1.00 3.00 114.42
487.00 514.00 1.00 1.00 175.52
517.00 510.00 1.00 4.00 92.36
494.00 4.00 0.00 4.00 38.20
509.00 275.00 1.00 1.00 39.04
207.00 507.00 0.00 4.00 113.94
31.00 435.00 0.00 5.00 84.53
501.00 313.00 1.00 3.00 102.22
462.00 497.00 0.00 4.00 77.64
487.00 248.00 1.00 1.00 77.58
497.00 492.00 1.00 4.00 117.64
329.00 489.00 0.00 2.00 165.11
112.00 500.00 0.00 3.00 119.96
360.00 510.00 0.00 2.00 42.56
300.00 497.00 0.00 1.00 101.37
86.00 228.00 1.00 2.00 103.00
81.00 416.00 1.00 3.00 55.12
504.00 490.00 1.00 2.00 192.24
349.00 187.00 0.00 1.00 46.00
94.00 380.00 0.00 3.00 145.08
284.00 497.00 1.00 1.00 73.00
493.00 503.00 1.00 5.00 105.34
503.00 499.00 1.00 5.00 108.55
221.00 294.00 0.00 2.00 54.60
313.00 505.00 1.00 3.00 43.82
414.00 236.00 1.00 5.00 198.17
378.00 515.00 0.00 5.00 133.85
487.00 507.00 1.00 5.00 106.78
111.00 79.00 0.00 5.00 90.60
376.00 358.00 0.00 4.00 169.84
186.00 150.00 0.00 5.00 177.43
499.00 505.00 0.00 4.00 91.91
289.00 495.00 1.00 2.00 184.77
488.00 499.00 0.00 3.00 71.97
474.00 356.00 0.00 3.00 150.19
502.00 487.00 1.00 2.00 52.55
315.00 69.00 1.00 2.00 186.72
283.00 499.00 0.00 2.00 181.42
491.00 232.00 0.00 3.00 72.94
488.00 499.00 0.00 3.00 150.35
311.00 516.00 1.00 5.00 54.27
490.00 515.00 1.00 5.00 185.70
265.00 509.00 1.00 4.00 40.65
63.00 516.00 1.00 1.00 78.86
502.00 497.00 0.00 1.00 105.68
215.00 401.00 1.00 3.00 76.48
395.00 297.00 1.00 4.00 45.33
507.00 175.00 0.00 2.00 86.41
517.00 242.00 1.00 2.00 157.71
366.00 1.00 1.00 5.00 40.29
373.00 101.00 1.00 3.00 143.78
36.00 510.00 1.00 4.00 189.05
42.00 50.00 0.00 4.00 174.71
139.00 493.00 0.00 3.00 92.75
230.00 516.00 0.00 5.00 48.55
326.00 496.00 0.00 2.00 157.60
492.00 507.00 0.00 4.00 31.66
400.00 311.00 0.00 3.00 136.66
72.00 503.00 0.00 2.00 191.38
339.00 203.00 1.00 2.00 129.92
513.00 501.00 0.00 4.00 62.26
32.00 495.00 0.00 4.00 162.45
514.00 390.00 1.00 1.00 71.62
512.00 139.00 0.00 2.00 156.57
488.00 505.00 1.00 1.00 197.48
507.00 380.00 1.00 5.00 132.56
513.00 70.00 0.00 1.00 61.66
281.00 162.00 1.00 2.00 136.17
515.00 489.00 0.00 3.00 80.57
486.00 514.00 1.00 4.00 117.84
54.00 514.00 1.00 3.00 113.19
276.00 508.00 1.00 2.00 50.38
475.00 493.00 1.00 5.00 65.99
496.00 517.00 1.00 4.00 101.41
49.00 362.00 0.00 2.00 118.42
342.00 381.00 1.00 5.00 36.08
97.00 514.00 1.00 2.00 31.44
356.00 137.00 1.00 1.00 166.04
361.00 496.00 1.00 4.00 145.61
511.00 288.00 1.00 1.00 182.64
314.00 488.00 0.00 3.00 37.81
503.00 486.00 0.00 3.00 48.73
453.00 489.00 1.00 2.00 62.53
510.00 498.00 0.00 4.00 104.80
364.00 490.00 1.00 3.00 159.36
512.00 503.00 0.00 2.00 178.44
261.00 510.00 0.00 3.00 65.67
512.00 501.00 1.00 5.00 165.06
250.00 486.00 1.00 2.00 102.59
355.00 492.00 1.00 1.00 169.34
489.00 507.00 0.00 2.00 142.25
179.00 327.00 1.00 5.00 166.20
492.00 512.00 1.00 4.00 143.29
186.00 489.00 0.00 2.00 113.10
496.00 516.00 1.00 5.00 105.62
501.00 416.00 0.00 1.00 196.22
68.00 408.00 0.00 5.00 142.96
440.00 490.00 1.00 4.00 103.82
507.00 515.00 1.00 2.00 109.92
510.00 189.00 1.00 3.00 119.04
410.00 507.00 0.00 3.00 162.38
468.00 514.00 0.00 2.00 127.11
492.00 510.00 1.00 3.00 44.25
496.00 509.00 1.00 1.00 159.58
509.00 185.00 0.00 2.00 113.20
512.00 517.00 1.00 3.00 154.03
301.00 256.00 0.00 3.00 86.06
490.00 323.00 1.00 2.00 54.93
64.00 486.00 0.00 4.00 181.77
114.00 506.00 0.00 1.00 108.21
511.00 502.00 0.00 2.00 177.77
506.00 488.00 1.00 2.00 138.31
513.00 147.00 1.00 3.00 174.06
289.00 515.00 0.00 1.00 100.87
227.00 505.00 0.00 3.00 91.51
135.00 350.00 0.00 3.00 132.81
504.00 499.00 0.00 3.00 178.34
11.00 511.00 1.00 1.00 70.58
231.00 497.00 1.00 4.00 117.56
502.00 388.00 0.00 2.00 118.00
495.00 421.00 1.00 4.00 85.70
488.00 511.00 1.00 3.00 142.41
516.00 141.00 1.00 5.00 74.21
375.00 192.00 0.00 4.00 97.70
498.00 163.00 1.00 3.00 52.93
154.00 508.00 1.00 3.00 129.52
106.00 266.00 0.00 1.00 151.10
491.00 231.00 0.00 2.00 184.68
354.00 392.00 0.00 2.00 109.81
513.00 494.00 0.00 1.00 75.02
448.00 513.00 1.00 5.00 50.86
515.00 446.00 1.00 3.00 110.79
182.00 476.00 1.00 2.00 30.74
465.00 497.00 1.00 4.00 38.94
499.00 210.00 0.00 5.00 123.48
209.00 491.00 0.00 4.00 98.08
493.00 473.00 0.00 1.00 141.46
497.00 489.00 0.00 5.00 139.24
510.00 487.00 1.00 2.00 75.87
269.00 18.00 1.00 1.00 111.28
507.00 386.00 0.00 3.00 70.92
482.00 492.00 1.00 5.00 126.95
507.00 486.00 0.00 5.00 30.19
511.00 502.00 0.00 2.00 128.94
460.00 58.00 0.00 2.00 166.50
401.00 515.00 0.00 3.00 42.20
465.00 500.00 0.00 1.00 42.38
510.00 18.00 0.00 4.00 44.55
503.00 487.00 0.00 3.00 179.27
76.00 487.00 0.00 5.00 136.11
62.00 363.00 1.00 4.00 115.68
335.00 400.00 1.00 5.00 81.70
440.00 505.00 0.00 3.00 80.91
496.00 506.00 1.00 2.00 90.02
72.00 7.00 1.00 2.00 126.19
312.00 328.00 0.00 2.00 120.79
491.00 498.00 0.00 4.00 51.79
500.00 507.00 0.00 3.00 185.14
508.00 488.00 0.00 5.00 78.40
499.00 489.00 0.00 3.00 108.81
357.00 15.00 1.00 3.00 112.41
99.00 318.00 1.00 5.00 106.29
324.00 352.00 1.00 4.00 119.86
498.00 442.00 1.00 2.00 138.05
335.00 22.00 0.00 1.00 179.19
65.00 44.00 0.00 2.00 167.84
510.00 128.00 0.00 4.00 188.56
516.00 503.00 0.00 1.00 178.63
504.00 516.00 1.00 5.00 49.42
511.00 494.00 0.00 4.00 169.78
488.00 381.00 1.00 4.00 84.62
506.00 253.00 0.00 1.00 84.15
193.00 506.00 1.00 1.00 34.99
245.00 494.00 1.00 1.00 50.88
513.00 432.00 1.00 1.00 134.33
514.00 500.00 1.00 3.00 40.44
112.00 299.00 1.00 2.00 79.37
215.00 501.00 0.00 2.00 146.15
85.00 14.00 0.00 5.00 180.19
508.00 517.00 1.00 4.00 184.22
487.00 512.00 1.00 1.00 172.57
509.00 311.00 1.00 2.00 157.52
494.00 260.00 0.00 3.00 127.79
109.00 189.00 1.00 2.00 161.30
8.00 190.00 0.00 2.00 175.80
515.00 499.00 0.00 4.00 141.33
516.00 320.00 0.00 2.00 75.87
495.00 125.00 0.00 3.00 92.97
506.00 486.00 1.00 2.00 186.96
476.00 69.00 1.00 2.00 104.57
491.00 432.00 0.00 4.00 67.38
44.00 506.00 0.00 1.00 142.72
467.00 516.00 1.00 2.00 126.59
159.00 512.00 1.00 4.00 48.59
501.00 356.00 1.00 4.00 96.42
131.00 383.00 0.00 1.00 190.65
515.00 507.00 0.00 1.00 38.49
273.00 504.00 0.00 1.00 66.99
495.00 490.00 1.00 2.00 64.79
493.00 511.00 1.00 4.00 99.78
488.00 510.00 0.00 2.00 96.84
510.00 324.00 0.00 4.00 180.79
408.00 510.00 1.00 2.00 132.38
180.00 499.00 1.00 3.00 193.23
471.00 101.00 1.00 3.00 102.58
494.00 502.00 1.00 3.00 30.13
247.00 501.00 0.00 3.00 108.74
490.00 507.00 0.00 2.00 101.61
494.00 425.00 1.00 2.00 138.60
88.00 514.00 0.00 3.00 163.42
487.00 501.00 0.00 3.00 81.69
489.00 477.00 1.00 2.00 134.71
495.00 385.00 0.00 2.00 73.33
492.00 514.00 1.00 1.00 106.55
515.00 309.00 1.00 3.00 165.86
486.00 501.00 1.00 2.00 192.34
289.00 487.00 0.00 3.00 197.13
511.00 481.00 1.00 3.00 179.09
453.00 359.00 0.00 3.00 168.52
489.00 501.00 0.00 1.00 59.69
407.00 510.00 1.00 5.00 150.59
29.00 503.00 1.00 2.00 149.45
510.00 497.00 1.00 3.00 123.23
508.00 123.00 1.00 4.00 139.94
118.00 490.00 0.00 5.00 168.39
312.00 280.00 1.00 4.00 153.13
508.00 491.00 0.00 3.00 62.39
513.00 313.00 1.00 4.00 89.11
513.00 491.00 0.00 2.00 186.40
494.00 505.00 0.00 1.00 67.87
498.00 255.00 1.00 3.00 50.43
90.00 513.00 0.00 4.00 89.27
31.00 497.00 0.00 1.00 57.15
511.00 492.00 1.00 1.00 177.23
443.00 24.00 0.00 1.00 87.46
446.00 10.00 0.00 1.00 84.24
494.00 430.00 0.00 2.00 47.99
486.00 312.00 1.00 4.00 40.59
178.00 499.00 0.00 3.00 151.23
268.00 345.00 0.00 5.00 73.68
291.00 505.00 0.00 3.00 115.88
508.00 18.00 1.00 2.00 55.47
290.00 8.00 0.00 1.00 88.33
111.00 496.00 0.00 3.00 59.28
276.00 415.00 1.00 5.00 183.75
409.00 504.00 0.00 2.00 121.41
502.00 327.00 1.00 3.00 52.84
503.00 145.00 1.00 3.00 156.47
489.00 365.00 0.00 3.00 185.78
253.00 430.00 0.00 4.00 55.96
347.00 274.00 0.00 2.00 42.03
295.00 487.00 0.00 4.00 116.20
499.00 516.00 0.00 4.00 88.43
496.00 509.00 1.00 2.00 199.77
512.00 180.00 0.00 3.00 109.02
500.00 487.00 0.00 5.00 139.41
496.00 437.00 1.00 5.00 159.95
508.00 243.00 1.00 1.00 94.58
264.00 139.00 0.00 1.00 148.12
85.00 492.00 0.00 2.00 40.55
495.00 489.00 0.00 4.00 43.47
75.00 467.00 0.00 4.00 34.32
498.00 515.00 0.00 1.00 88.39
504.00 153.00 1.00 4.00 82.52
32.00 515.00 1.00 5.00 174.64
509.00 497.00 1.00 1.00 151.72
100.00 439.00 1.00 4.00 132.28
514.00 495.00 1.00 3.00 73.00
493.00 488.00 0.00 3.00 117.74
320.00 502.00 0.00 1.00 165.00
239.00 210.00 0.00 5.00 162.19
491.00 92.00 0.00 2.00 114.28
487.00 512.00 1.00 3.00 148.22
513.00 490.00 0.00 4.00 74.77
509.00 514.00 1.00 1.00 90.87
512.00 140.00 1.00 5.00 111.99
464.00 425.00 1.00 2.00 95.02
498.00 517.00 0.00 2.00 102.39
202.00 509.00 1.00 2.00 40.28
487.00 273.00 0.00 2.00 45.32
508.00 283.00 0.00 1.00 142.13
131.00 161.00 1.00 5.00 81.86
514.00 506.00 0.00 4.00 172.95
86.00 459.00 0.00 3.00 65.08
503.00 489.00 1.00 4.00 76.06
515.00 503.00 1.00 3.00 99.12
293.00 513.00 1.00 3.00 162.28
339.00 38.00 0.00 2.00 44.01
151.00 510.00 0.00 3.00 169.33
24.00 329.00 1.00 1.00 173.23
517.00 1.00 1.00 2.00 63.08
515.00 95.00 1.00 5.00 164.27
499.00 418.00 0.00 5.00 156.72
492.00 513.00 1.00 2.00 68.05
504.00 488.00 1.00 3.00 34.29
174.00 486.00 1.00 5.00 191.89
514.00 504.00 1.00 1.00 191.14
373.00 495.00 0.00 4.00 189.13
497.00 281.00 1.00 1.00 150.04
174.00 509.00 1.00 2.00 118.52
434.00 493.00 1.00 4.00 63.34
494.00 514.00 1.00 4.00 128.33
202.00 506.00 1.00 4.00 87.42
513.00 226.00 1.00 5.00 130.17
90.00 506.00 0.00 1.00 41.79
156.00 415.00 1.00 4.00 60.97
488.00 495.00 0.00 4.00 53.21
135.00 207.00 1.00 5.00 120.34
517.00 338.00 1.00 1.00 35.33
339.00 49.00 1.00 5.00 176.58
298.00 162.00 1.00 1.00 127.73
489.00 510.00 0.00 1.00 88.44
381.00 507.00 1.00 3.00 124.48
248.00 230.00 1.00 5.00 199.44
315.00 498.00 1.00 2.00 101.88
515.00 46.00 0.00 4.00 31.80
504.00 516.00 1.00 5.00 137.62
514.00 251.00 0.00 1.00 93.41
504.00 75.00 0.00 4.00 43.23
505.00 492.00 0.00 3.00 50.33
508.00 63.00 1.00 2.00 60.07
23.00 14.00 0.00 1.00 128.65
509.00 492.00 1.00 4.00 100.07
72.00 492.00 1.00 5.00 139.89
499.00 329.00 0.00 3.00 144.82
473.00 490.00 1.00 5.00 197.14
516.00 497.00 0.00 2.00 104.97
488.00 512.00 0.00 4.00 129.49
516.00 490.00 0.00 2.00 62.56
500.00 355.00 1.00 5.00 131.06
193.00 516.00 1.00 5.00 80.79
513.00 66.00 0.00 3.00 117.79
66.00 270.00 0.00 1.00 97.70
368.00 55.00 0.00 4.00 66.01
341.00 499.00 0.00 2.00 199.06
500.00 491.00 1.00 1.00 158.29
447.00 492.00 0.00 4.00 91.74
511.00 353.00 1.00 5.00 169.28
458.00 316.00 1.00 4.00 145.20
148.00 370.00 1.00 3.00 70.61
493.00 504.00 1.00 3.00 31.49
204.00 488.00 1.00 3.00 65.21
54.00 508.00 1.00 4.00 113.58
495.00 352.00 0.00 4.00 53.19
219.00 509.00 1.00 5.00 137.45
374.00 506.00 1.00 2.00 63.64
84.00 505.00 1.00 2.00 162.67
294.00 494.00 0.00 4.00 106.92
486.00 492.00 1.00 2.00 103.08
399.00 249.00 1.00 1.00 123.74
199.00 488.00 1.00 2.00 46.81
212.00 310.00 1.00 3.00 92.82
150.00 515.00 0.00 1.00 140.43
501.00 433.00 1.00 5.00 64.07
512.00 502.00 1.00 2.00 63.46
281.00 395.00 0.00 5.00 114.09
492.00 505.00 0.00 4.00 40.09
494.00 42.00 1.00 3.00 80.67
67.00 507.00 1.00 4.00 93.84
497.00 444.00 0.00 2.00 159.11
52.00 495.00 1.00 5.00 112.69
486.00 502.00 0.00 5.00 32.05
496.00 178.00 1.00 2.00 139.44
509.00 194.00 0.00 5.00 180.68
486.00 166.00 0.00 4.00 192.31
179.00 496.00 0.00 5.00 196.07
500.00 134.00 0.00 2.00 97.46
283.00 508.00 1.00 4.00 41.23
506.00 415.00 1.00 5.00 174.79
489.00 317.00 1.00 5.00 39.44
489.00 507.00 0.00 5.00 142.81
500.00 100.00 0.00 3.00 151.83
507.00 418.00 1.00 4.00 183.54
499.00 141.00 0.00 3.00 178.22
498.00 515.00 1.00 4.00 76.09
315.00 309.00 0.00 2.00 153.55
488.00 123.00 1.00 5.00 197.63
500.00 118.00 0.00 4.00 97.82
486.00 517.00 1.00 5.00 89.87
298.00 320.00 1.00 2.00 66.33
29.00 503.00 0.00 2.00 112.52
508.00 491.00 1.00 1.00 174.93
515.00 163.00 0.00 4.00 89.34
507.00 498.00 0.00 2.00 91.43
493.00 281.00 0.00 4.00 97.86
507.00 496.00 0.00 5.00 78.44
501.00 502.00 1.00 1.00 145.78
434.00 516.00 0.00 5.00 99.73
74.00 98.00 1.00 1.00 54.33
511.00 486.00 1.00 5.00 165.12
510.00 505.00 0.00 2.00 32.60
115.00 506.00 0.00 3.00 192.70
244.00 417.00 0.00 1.00 156.72
212.00 200.00 1.00 4.00 62.57
159.00 490.00 0.00 4.00 32.07
222.00 502.00 1.00 5.00 38.90
489.00 254.00 0.00 2.00 198.47
501.00 486.00 0.00 5.00 37.30
446.00 512.00 1.00 5.00 30.89
494.00 515.00 1.00 4.00 86.62
498.00 503.00 1.00 2.00 152.26
90.00 488.00 1.00 5.00 54.56
517.00 416.00 1.00 2.00 174.91
495.00 517.00 0.00 2.00 39.75
493.00 515.00 1.00 5.00 115.40
428.00 20.00 0.00 1.00 125.43
38.00 65.00 1.00 5.00 139.17
429.00 198.00 0.00 1.00 193.27
493.00 451.00 0.00 3.00 107.06
168.00 512.00 1.00 2.00 124.52
39.00 12.00 0.00 3.00 88.66
171.00 514.00 0.00 2.00 35.06
441.00 183.00 0.00 4.00 73.80
500.00 440.00 0.00 5.00 114.02
237.00 496.00 0.00 2.00 193.08
488.00 409.00 0.00 3.00 40.46
461.00 18.00 0.00 4.00 146.75
438.00 485.00 0.00 4.00 30.39
177.00 131.00 1.00 2.00 53.12
195.00 24.00 1.00 3.00 139.48
495.00 281.00 1.00 5.00 136.77
488.00 507.00 1.00 1.00 43.08
75.00 509.00 0.00 2.00 92.31
487.00 351.00 1.00 3.00 44.82
192.00 495.00 0.00 3.00 118.98
52.00 352.00 0.00 3.00 59.48
511.00 489.00 1.00 1.00 38.93
500.00 505.00 0.00 5.00 177.77
308.00 32.00 0.00 4.00 108.27
407.00 488.00 0.00 3.00 37.40
376.00 509.00 1.00 5.00 54.81
127.00 420.00 1.00 1.00 158.20
459.00 497.00 0.00 4.00 109.56
113.00 9.00 0.00 3.00 81.33
451.00 497.00 0.00 2.00 117.75
515.00 293.00 0.00 4.00 155.81
513.00 492.00 0.00 3.00 122.29
301.00 497.00 0.00 2.00 89.57
18.00 263.00 0.00 3.00 127.37
513.00 270.00 1.00 2.00 199.64
438.00 493.00 0.00 4.00 49.77
213.00 268.00 0.00 5.00 129.06
502.00 501.00 1.00 1.00 147.68
490.00 515.00 0.00 3.00 81.36
234.00 78.00 1.00 2.00 137.19
210.00 500.00 1.00 1.00 116.65
52.00 511.00 1.00 3.00 145.72
480.00 199.00 1.00 5.00 127.43
235.00 117.00 0.00 2.00 119.49
62.00 78.00 1.00 4.00 179.40
509.00 486.00 1.00 5.00 48.58
490.00 324.00 1.00 2.00 175.54
106.00 391.00 1.00 5.00 150.50
126.00 251.00 0.00 3.00 87.42
498.00 486.00 0.00 2.00 47.82
515.00 48.00 0.00 1.00 88.24
442.00 484.00 1.00 2.00 37.02
63.00 402.00 0.00 4.00 80.37
498.00 492.00 0.00 2.00 109.14
508.00 490.00 0.00 1.00 100.98
509.00 515.00 1.00 3.00 176.94
155.00 349.00 0.00 2.00 150.68
509.00 497.00 1.00 4.00 71.95
499.00 365.00 0.00 1.00 103.81
387.00 505.00 0.00 4.00 152.64
491.00 486.00 1.00 5.00 159.20
101.00 247.00 1.00 2.00 147.26
485.00 495.00 1.00 5.00 147.50
515.00 508.00 0.00 2.00 184.44
395.00 491.00 1.00 4.00 193.33
494.00 488.00 1.00 2.00 59.66
487.00 437.00 0.00 2.00 138.99
493.00 204.00 1.00 2.00 150.73
512.00 489.00 0.00 4.00 132.99
189.00 508.00 0.00 2.00 179.10
507.00 152.00 0.00 5.00 48.92
511.00 516.00 0.00 1.00 76.53
338.00 420.00 0.00 5.00 80.23
241.00 515.00 0.00 4.00 39.15
491.00 517.00 0.00 5.00 45.66
493.00 329.00 1.00 3.00 110.71
495.00 504.00 1.00 3.00 145.62
204.00 137.00 0.00 4.00 131.26
187.00 515.00 1.00 5.00 175.11
509.00 403.00 0.00 5.00 35.24
136.00 300.00 1.00 3.00 149.91
508.00 490.00 0.00 1.00 110.78
489.00 501.00 0.00 5.00 36.86
514.00 271.00 1.00 3.00 50.74
116.00 368.00 1.00 4.00 87.32
287.00 492.00 1.00 3.00 81.39
503.00 494.00 1.00 1.00 64.73
513.00 94.00 1.00 3.00 177.93
494.00 480.00 0.00 4.00 37.38
355.00 416.00 0.00 4.00 57.10
491.00 37.00 0.00 2.00 177.86
516.00 510.00 1.00 3.00 123.60
59.00 506.00 0.00 5.00 66.44
517.00 487.00 0.00 4.00 153.12
175.00 287.00 1.00 4.00 59.54
488.00 495.00 0.00 1.00 149.21
17.00 504.00 1.00 2.00 171.71
498.00 401.00 0.00 1.00 156.87
101.00 489.00 0.00 2.00 123.93
507.00 517.00 1.00 2.00 106.04
487.00 511.00 1.00 1.00 124.45
175.00 65.00 1.00 3.00 69.85
513.00 353.00 1.00 5.00 171.16
85.00 272.00 1.00 4.00 196.54
223.00 516.00 0.00 3.00 99.60
307.00 493.00 0.00 1.00 71.58
517.00 505.00 0.00 3.00 154.71
248.00 36.00 1.00 4.00 198.60
63.00 123.00 1.00 4.00 170.73
506.00 501.00 1.00 4.00 190.27
119.00 504.00 0.00 3.00 115.92
449.00 349.00 0.00 3.00 159.00
493.00 511.00 1.00 5.00 173.79
225.00 56.00 1.00 4.00 93.18
513.00 507.00 0.00 3.00 134.26
506.00 175.00 1.00 5.00 136.84
486.00 494.00 0.00 2.00 186.65
492.00 321.00 0.00 4.00 184.12
489.00 494.00 0.00 2.00 72.34
504.00 516.00 0.00 2.00 89.25
176.00 222.00 0.00 5.00 175.65
287.00 488.00 1.00 2.00 63.39
417.00 511.00 0.00 5.00 50.76
223.00 513.00 1.00 1.00 172.07
496.00 501.00 0.00 5.00 167.31
509.00 294.00 0.00 2.00 117.76
510.00 83.00 0.00 4.00 112.52
60.00 433.00 1.00 5.00 115.56
491.00 512.00 1.00 1.00 189.30
11.00 495.00 0.00 2.00 197.81
416.00 27.00 1.00 5.00 149.18
421.00 509.00 0.00 1.00 72.31
9.00 146.00 0.00 5.00 123.35
160.00 35.00 1.00 5.00 100.10
362.00 491.00 0.00 2.00 75.95
243.00 498.00 0.00 4.00 123.97
513.00 390.00 1.00 2.00 176.08
487.00 417.00 0.00 1.00 183.20
498.00 502.00 0.00 2.00 76.41
496.00 504.00 0.00 1.00 93.17
330.00 506.00 1.00 4.00 84.45
490.00 495.00 0.00 3.00 152.39
492.00 426.00 1.00 2.00 163.90
513.00 491.00 1.00 5.00 65.47
420.00 223.00 1.00 5.00 64.10
382.00 509.00 0.00 2.00 131.17
510.00 502.00 1.00 3.00 156.31
155.00 204.00 1.00 4.00 36.68
452.00 426.00 1.00 1.00 116.39
497.00 486.00 0.00 4.00 83.86
508.00 40.00 0.00 2.00 183.37
486.00 513.00 0.00 1.00 178.94
491.00 393.00 1.00 5.00 132.45
517.00 102.00 1.00 2.00 140.59
517.00 328.00 0.00 1.00 95.06
505.00 469.00 1.00 2.00 77.42
496.00 486.00 0.00 4.00 84.01
25.00 492.00 1.00 2.00 108.15
494.00 70.00 1.00 1.00 138.23
506.00 429.00 0.00 3.00 169.73
506.00 257.00 0.00 3.00 92.29
512.00 487.00 1.00 4.00 148.38
489.00 509.00 1.00 2.00 125.48
490.00 483.00 0.00 4.00 156.29
407.00 515.00 1.00 2.00 108.51
507.00 498.00 0.00 1.00 30.11
499.00 492.00 0.00 2.00 159.22
500.00 255.00 0.00 4.00 62.62
246.00 123.00 0.00 5.00 168.25
504.00 460.00 1.00 2.00 40.71
84.00 503.00 0.00 1.00 117.19
492.00 486.00 1.00 3.00 131.56
414.00 494.00 0.00 4.00 71.63
502.00 488.00 0.00 1.00 103.63
150.00 496.00 1.00 1.00 126.09
41.00 66.00 1.00 4.00 88.76
167.00 373.00 1.00 5.00 114.00
192.00 497.00 0.00 2.00 108.04
490.00 502.00 0.00 1.00 136.92
490.00 510.00 1.00 4.00 94.97
501.00 132.00 1.00 1.00 77.10
131.00 75.00 1.00 3.00 195.35
510.00 494.00 0.00 1.00 184.80
185.00 496.00 0.00 2.00 116.89
511.00 506.00 0.00 2.00 180.04
342.00 188.00 1.00 3.00 113.96
501.00 23.00 1.00 3.00 81.96
516.00 403.00 0.00 1.00 105.04
515.00 508.00 0.00 4.00 92.54
490.00 507.00 1.00 4.00 98.65
489.00 507.00 0.00 3.00 112.10
508.00 371.00 1.00 5.00 77.91
514.00 305.00 1.00 4.00 170.69
492.00 512.00 1.00 1.00 170.75
204.00 515.00 0.00 5.00 66.31
19.00 106.00 1.00 1.00 62.51
513.00 492.00 1.00 1.00 133.12
155.00 102.00 0.00 3.00 123.36
187.00 379.00 0.00 1.00 117.09
45.00 177.00 1.00 1.00 142.76
516.00 93.00 0.00 3.00 108.83
488.00 144.00 0.00 1.00 181.46
517.00 343.00 1.00 2.00 137.77
293.00 409.00 1.00 1.00 175.77
511.00 505.00 0.00 4.00 175.71
490.00 133.00 0.00 4.00 41.83
490.00 444.00 0.00 2.00 66.57
288.00 113.00 1.00 4.00 122.10
487.00 245.00 0.00 3.00 109.55
498.00 505.00 0.00 1.00 130.12
130.00 512.00 1.00 1.00 57.90
501.00 513.00 0.00 5.00 186.21
254.00 507.00 1.00 3.00 67.82
498.00 432.00 1.00 4.00 81.79
88.00 505.00 1.00 1.00 140.27
505.00 326.00 1.00 3.00 196.40
489.00 408.00 0.00 5.00 60.58
262.00 498.00 0.00 4.00 50.15
488.00 408.00 1.00 5.00 90.52
492.00 379.00 1.00 2.00 31.95
503.00 512.00 0.00 4.00 132.36
459.00 40.00 0.00 2.00 117.54
456.00 510.00 0.00 5.00 84.62
498.00 512.00 1.00 4.00 162.28
11.00 496.00 1.00 4.00 85.61
513.00 489.00 0.00 4.00 93.90
494.00 503.00 0.00 5.00 104.98
507.00 268.00 1.00 2.00 114.75
516.00 109.00 0.00 4.00 122.91
499.00 508.00 1.00 1.00 81.70
62.00 486.00 1.00 5.00 46.42
226.00 199.00 1.00 3.00 106.56
487.00 510.00 0.00 2.00 79.77
510.00 207.00 0.00 3.00 56.86
502.00 439.00 1.00 4.00 178.05
508.00 516.00 1.00 3.00 126.36
506.00 68.00 1.00 2.00 49.79
246.00 379.00 1.00 1.00 111.40
412.00 511.00 0.00 4.00 112.46
492.00 486.00 1.00 1.00 94.11
503.00 5.00 0.00 2.00 182.71
506.00 511.00 1.00 3.00 79.33
25.00 515.00 1.00 1.00 121.74
140.00 486.00 1.00 1.00 146.91
511.00 502.00 0.00 3.00 92.28
396.00 514.00 0.00 4.00 103.90
280.00 489.00 1.00 1.00 48.82
162.00 503.00 1.00 2.00 118.31
508.00 500.00 0.00 4.00 159.75
167.00 404.00 0.00 4.00 182.34
492.00 177.00 0.00 4.00 48.23
502.00 87.00 1.00 5.00 165.90
511.00 146.00 0.00 4.00 33.79
497.00 275.00 1.00 2.00 191.91
233.00 282.00 0.00 4.00 104.56
511.00 399.00 1.00 3.00 34.13
516.00 361.00 1.00 5.00 113.62
496.00 5.00 0.00 2.00 166.31
480.00 444.00 1.00 1.00 62.21
500.00 513.00 0.00 2.00 36.41
507.00 498.00 1.00 4.00 78.91
497.00 502.00 0.00 1.00 181.48
506.00 495.00 1.00 4.00 84.96
352.00 514.00 1.00 2.00 148.34
502.00 496.00 1.00 4.00 37.83
500.00 87.00 1.00 1.00 84.05
229.00 108.00 0.00 1.00 175.24
487.00 148.00 0.00 5.00 192.55
499.00 133.00 1.00 4.00 75.15
233.00 317.00 1.00 3.00 58.64
499.00 239.00 0.00 1.00 87.18
495.00 22.00 0.00 2.00 157.85
517.00 488.00 1.00 1.00 136.13
259.00 495.00 1.00 4.00 160.11
493.00 508.00 1.00 1.00 114.38
243.00 116.00 1.00 2.00 43.49
41.00 422.00 0.00 2.00 91.44
226.00 143.00 1.00 3.00 105.48
35.00 293.00 0.00 4.00 81.54
486.00 512.00 0.00 5.00 115.28
240.00 509.00 0.00 3.00 191.23
514.00 495.00 0.00 3.00 62.70
509.00 501.00 1.00 5.00 57.36
509.00 87.00 1.00 1.00 74.61
517.00 416.00 1.00 3.00 158.47
150.00 489.00 1.00 2.00 92.41
286.00 405.00 1.00 3.00 195.35
496.00 346.00 0.00 3.00 105.41
499.00 513.00 0.00 4.00 35.67
493.00 148.00 1.00 4.00 130.62
405.00 20.00 1.00 3.00 139.16
137.00 457.00 1.00 2.00 105.23
515.00 506.00 1.00 5.00 117.50
44.00 503.00 1.00 1.00 163.67
442.00 490.00 1.00 5.00 120.94
514.00 236.00 0.00 4.00 94.84
287.00 492.00 0.00 3.00 178.94
393.00 271.00 1.00 4.00 146.78
178.00 306.00 0.00 5.00 152.54
92.00 458.00 0.00 1.00 78.55
491.00 193.00 1.00 3.00 144.54
514.00 497.00 0.00 1.00 101.58
263.00 24.00 0.00 4.00 45.88
491.00 357.00 1.00 4.00 114.63
460.00 83.00 1.00 2.00 165.56
413.00 277.00 1.00 5.00 138.61
266.00 161.00 0.00 3.00 148.51
180.00 500.00 0.00 2.00 105.58
486.00 88.00 0.00 2.00 34.50
511.00 499.00 0.00 4.00 67.27
