502.00 335.00 0.00 5.00 165.85
118.00 486.00 1.00 4.00 93.38
495.00 52.00 0.00 1.00 74.14
460.00 267.00 0.00 3.00 183.77
508.00 513.00 0.00 3.00 196.73
515.00 499.00 1.00 3.00 163.09
447.00 236.00 1.00 3.00 111.36
501.00 125.00 0.00 3.00 49.10
490.00 495.00 1.00 3.00 138.88
509.00 496.00 1.00 2.00 72.09
515.00 501.00 0.00 3.00 70.26
488.00 29.00 1.00 5.00 162.20
182.00 446.00 0.00 1.00 97.85
113.00 72.00 1.00 3.00 190.52
506.00 309.00 0.00 1.00 168.11
506.00 493.00 1.00 1.00 149.50
508.00 153.00 0.00 3.00 146.01
510.00 28.00 1.00 5.00 167.58
34.00 513.00 1.00 3.00 172.97
503.00 487.00 1.00 3.00 86.23
414.00 248.00 0.00 4.00 142.85
179.00 315.00 0.00 4.00 69.15
157.00 487.00 0.00 5.00 177.29
358.00 494.00 1.00 2.00 133.21
461.00 299.00 0.00 4.00 196.98
498.00 488.00 0.00 2.00 153.71
117.00 510.00 0.00 4.00 194.29
489.00 503.00 1.00 4.00 197.66
498.00 344.00 1.00 4.00 42.16
225.00 500.00 1.00 2.00 72.51
310.00 505.00 0.00 3.00 148.94
513.00 501.00 1.00 3.00 95.59
189.00 496.00 1.00 2.00 34.99
488.00 513.00 0.00 5.00 34.97
498.00 101.00 1.00 3.00 92.56
507.00 489.00 0.00 4.00 168.99
495.00 489.00 1.00 3.00 95.59
149.00 498.00 0.00 3.00 129.96
341.00 491.00 1.00 5.00 97.97
494.00 505.00 1.00 2.00 37.46
502.00 378.00 0.00 4.00 40.29
507.00 500.00 1.00 5.00 84.74
510.00 197.00 1.00 4.00 199.58
249.00 254.00 1.00 4.00 38.62
223.00 476.00 0.00 1.00 174.17
489.00 517.00 0.00 1.00 137.96
323.00 187.00 0.00 2.00 61.39
269.00 376.00 0.00 1.00 132.42
494.00 506.00 1.00 1.00 151.02
500.00 465.00 1.00 1.00 185.76
340.00 495.00 1.00 1.00 186.97
28.00 508.00 0.00 1.00 176.30
516.00 487.00 0.00 5.00 124.29
214.00 496.00 1.00 5.00 83.53
498.00 487.00 1.00 1.00 83.68
239.00 510.00 0.00 4.00 48.82
238.00 376.00 1.00 2.00 191.34
214.00 227.00 1.00 1.00 170.83
504.00 490.00 0.00 1.00 134.47
7.00 517.00 1.00 1.00 182.32
517.00 487.00 0.00 5.00 47.02
18.00 381.00 0.00 4.00 104.55
292.00 308.00 1.00 4.00 49.39
195.00 351.00 0.00 4.00 77.41
476.00 497.00 0.00 5.00 87.02
507.00 500.00 0.00 2.00 144.46
233.00 507.00 0.00 4.00 113.18
495.00 501.00 1.00 4.00 153.09
515.00 400.00 1.00 3.00 197.55
49.00 508.00 1.00 4.00 90.15
509.00 502.00 0.00 1.00 117.66
261.00 316.00 0.00 5.00 106.38
102.00 57.00 1.00 2.00 105.25
500.00 488.00 0.00 1.00 156.42
489.00 517.00 0.00 1.00 96.95
63.00 493.00 1.00 1.00 80.39
497.00 488.00 0.00 4.00 152.03
510.00 483.00 1.00 2.00 71.16
509.00 500.00 0.00 4.00 95.41
489.00 505.00 0.00 1.00 80.58
22.00 501.00 1.00 1.00 174.58
14.00 508.00 0.00 5.00 77.35
58.00 486.00 0.00 1.00 53.75
507.00 515.00 1.00 3.00 109.37
476.00 505.00 1.00 1.00 170.66
494.00 515.00 1.00 3.00 65.76
467.00 18.00 0.00 5.00 72.38
359.00 486.00 0.00 1.00 112.20
493.00 512.00 0.00 3.00 61.61
305.00 497.00 0.00 3.00 42.80
290.00 411.00 1.00 3.00 117.37
173.00 489.00 1.00 2.00 37.31
488.00 495.00 0.00 5.00 197.01
290.00 515.00 1.00 3.00 66.40
33.00 68.00 0.00 4.00 159.24
503.00 384.00 0.00 4.00 108.86
246.00 489.00 0.00 5.00 142.47
288.00 340.00 1.00 4.00 151.14
514.00 310.00 1.00 4.00 82.39
230.00 234.00 1.00 5.00 76.80
406.00 14.00 0.00 3.00 106.93
500.00 247.00 1.00 5.00 68.13
135.00 495.00 1.00 4.00 188.36
515.00 498.00 1.00 4.00 104.77
444.00 368.00 0.00 5.00 37.98
458.00 517.00 0.00 4.00 102.20
134.00 332.00 1.00 1.00 113.66
0.00 345.00 1.00 5.00 176.30
496.00 512.00 1.00 5.00 157.84
492.00 500.00 1.00 5.00 103.43
508.00 70.00 1.00 2.00 185.09
461.00 352.00 0.00 4.00 198.31
131.00 490.00 0.00 2.00 102.67
487.00 511.00 0.00 5.00 156.21
378.00 160.00 0.00 5.00 140.86
496.00 1.00 0.00 3.00 56.48
227.00 209.00 1.00 2.00 122.76
502.00 517.00 1.00 2.00 71.28
406.00 161.00 0.00 4.00 87.32
428.00 226.00 0.00 2.00 64.35
420.00 508.00 1.00 4.00 51.90
338.00 27.00 0.00 1.00 107.85
500.00 513.00 0.00 1.00 61.47
306.00 35.00 1.00 1.00 108.78
114.00 498.00 1.00 1.00 72.01
118.00 102.00 0.00 5.00 64.40
85.00 488.00 0.00 2.00 93.78
502.00 490.00 0.00 1.00 172.76
312.00 56.00 0.00 3.00 174.36
493.00 510.00 0.00 5.00 140.16
169.00 143.00 1.00 3.00 116.70
45.00 30.00 0.00 4.00 103.02
14.00 429.00 0.00 5.00 49.81
504.00 501.00 0.00 3.00 109.40
495.00 501.00 1.00 3.00 126.88
505.00 516.00 0.00 2.00 191.10
510.00 7.00 0.00 5.00 55.54
494.00 513.00 1.00 4.00 174.50
507.00 494.00 0.00 3.00 182.92
510.00 495.00 0.00 1.00 54.53
492.00 509.00 0.00 1.00 112.25
150.00 515.00 1.00 2.00 115.35
501.00 86.00 0.00 3.00 137.50
91.00 280.00 1.00 2.00 103.59
19.00 500.00 0.00 2.00 164.68
486.00 343.00 1.00 3.00 169.38
116.00 178.00 1.00 2.00 64.98
101.00 510.00 0.00 3.00 119.13
514.00 486.00 1.00 2.00 109.40
513.00 297.00 0.00 5.00 55.60
490.00 441.00 1.00 3.00 113.89
511.00 499.00 0.00 1.00 198.70
507.00 413.00 0.00 1.00 132.07
501.00 490.00 1.00 2.00 150.91
514.00 498.00 1.00 1.00 124.93
501.00 506.00 1.00 3.00 84.21
30.00 506.00 1.00 3.00 193.61
506.00 38.00 0.00 5.00 110.74
493.00 332.00 0.00 5.00 168.01
516.00 99.00 1.00 2.00 101.29
496.00 487.00 0.00 3.00 144.06
505.00 438.00 1.00 3.00 87.31
452.00 160.00 0.00 1.00 136.77
261.00 360.00 1.00 3.00 115.60
517.00 506.00 0.00 1.00 115.22
245.00 510.00 1.00 3.00 69.00
514.00 196.00 0.00 4.00 80.79
504.00 17.00 1.00 1.00 93.26
385.00 487.00 1.00 1.00 197.88
201.00 507.00 1.00 4.00 70.33
439.00 514.00 1.00 4.00 106.34
456.00 312.00 1.00 1.00 183.14
497.00 59.00 0.00 1.00 187.21
242.00 514.00 0.00 2.00 146.31
505.00 262.00 0.00 4.00 88.82
508.00 494.00 0.00 4.00 141.51
488.00 187.00 1.00 3.00 60.06
130.00 507.00 0.00 2.00 80.68
417.00 516.00 1.00 4.00 76.80
167.00 504.00 1.00 2.00 187.84
506.00 207.00 0.00 3.00 173.62
332.00 502.00 1.00 2.00 146.21
502.00 246.00 1.00 1.00 190.52
499.00 517.00 0.00 2.00 138.48
510.00 192.00 1.00 2.00 186.05
173.00 189.00 0.00 4.00 134.64
497.00 377.00 0.00 4.00 86.45
60.00 15.00 1.00 2.00 148.27
498.00 486.00 0.00 4.00 66.29
500.00 74.00 0.00 4.00 56.85
69.00 81.00 0.00 3.00 112.93
424.00 491.00 1.00 3.00 138.66
491.00 501.00 1.00 4.00 93.40
18.00 460.00 0.00 5.00 121.50
510.00 499.00 0.00 2.00 134.46
387.00 509.00 1.00 5.00 197.48
125.00 487.00 1.00 1.00 157.26
233.00 504.00 1.00 4.00 38.45
333.00 501.00 0.00 1.00 45.11
511.00 447.00 0.00 5.00 54.97
517.00 508.00 0.00 2.00 90.17
279.00 504.00 0.00 4.00 139.77
489.00 343.00 1.00 5.00 70.83
441.00 486.00 1.00 4.00 31.80
230.00 44.00 1.00 2.00 50.13
72.00 509.00 1.00 4.00 65.76
56.00 15.00 0.00 4.00 183.39
505.00 272.00 0.00 3.00 188.59
488.00 210.00 1.00 3.00 198.27
498.00 488.00 0.00 5.00 64.80
18.00 486.00 1.00 2.00 125.27
426.00 516.00 0.00 2.00 108.61
491.00 459.00 0.00 5.00 98.65
412.00 184.00 1.00 5.00 104.48
55.00 516.00 0.00 2.00 169.96
12.00 161.00 0.00 1.00 109.98
491.00 359.00 1.00 3.00 154.53
492.00 517.00 0.00 3.00 115.57
42.00 500.00 0.00 1.00 165.56
503.00 11.00 1.00 2.00 99.14
508.00 493.00 1.00 2.00 141.45
492.00 504.00 1.00 2.00 110.53
493.00 505.00 0.00 1.00 97.10
366.00 517.00 0.00 3.00 147.42
499.00 435.00 1.00 4.00 39.44
154.00 514.00 0.00 1.00 66.00
491.00 149.00 1.00 5.00 37.71
510.00 496.00 0.00 1.00 178.11
114.00 510.00 1.00 2.00 138.17
397.00 146.00 1.00 2.00 103.42
506.00 515.00 1.00 3.00 63.82
517.00 501.00 0.00 2.00 192.36
255.00 508.00 1.00 4.00 50.28
436.00 44.00 0.00 4.00 196.65
64.00 332.00 1.00 3.00 61.48
512.00 428.00 1.00 2.00 196.80
10.00 52.00 1.00 5.00 69.91
510.00 500.00 1.00 5.00 66.29
429.00 491.00 0.00 4.00 175.55
498.00 493.00 1.00 5.00 51.42
215.00 91.00 0.00 2.00 37.61
507.00 492.00 1.00 5.00 196.57
492.00 405.00 1.00 1.00 41.55
207.00 517.00 0.00 1.00 70.34
486.00 499.00 0.00 2.00 151.10
496.00 517.00 0.00 1.00 52.86
505.00 493.00 0.00 4.00 124.22
179.00 35.00 0.00 2.00 57.60
497.00 214.00 1.00 2.00 73.82
329.00 515.00 0.00 1.00 69.98
15.00 187.00 1.00 2.00 182.73
146.00 206.00 0.00 1.00 193.88
297.00 91.00 1.00 1.00 120.01
500.00 492.00 1.00 2.00 96.82
22.00 206.00 1.00 3.00 150.43
488.00 214.00 0.00 4.00 91.63
223.00 490.00 1.00 5.00 101.73
490.00 409.00 0.00 4.00 116.78
416.00 486.00 0.00 4.00 155.35
8.00 56.00 0.00 4.00 82.92
516.00 460.00 1.00 3.00 97.85
488.00 336.00 0.00 1.00 163.88
489.00 281.00 0.00 2.00 59.42
334.00 514.00 1.00 1.00 30.91
406.00 46.00 1.00 3.00 34.59
403.00 467.00 0.00 3.00 43.99
326.00 61.00 0.00 5.00 137.67
84.00 489.00 1.00 3.00 114.93
204.00 85.00 1.00 1.00 194.78
514.00 486.00 0.00 5.00 128.56
512.00 442.00 0.00 4.00 114.06
507.00 496.00 1.00 3.00 74.48
498.00 100.00 1.00 3.00 75.00
29.00 508.00 0.00 3.00 180.31
491.00 500.00 0.00 4.00 156.78
103.00 503.00 0.00 4.00 41.51
180.00 202.00 0.00 2.00 154.05
516.00 511.00 1.00 1.00 123.59
508.00 422.00 0.00 1.00 38.11
493.00 510.00 0.00 1.00 177.30
478.00 488.00 1.00 1.00 141.16
510.00 267.00 1.00 5.00 37.99
374.00 118.00 0.00 5.00 165.50
119.00 364.00 1.00 1.00 178.67
102.00 507.00 1.00 3.00 143.14
328.00 515.00 0.00 2.00 109.38
196.00 495.00 0.00 1.00 91.68
135.00 513.00 1.00 4.00 106.24
431.00 506.00 0.00 3.00 195.14
492.00 367.00 1.00 1.00 178.33
140.00 516.00 0.00 1.00 186.22
302.00 517.00 0.00 4.00 122.71
181.00 200.00 0.00 3.00 190.98
60.00 510.00 0.00 2.00 110.32
495.00 280.00 0.00 4.00 52.76
509.00 499.00 0.00 3.00 53.23
122.00 510.00 1.00 1.00 150.41
487.00 495.00 0.00 2.00 199.01
434.00 510.00 1.00 5.00 150.48
500.00 512.00 1.00 3.00 194.56
500.00 471.00 1.00 5.00 66.21
499.00 358.00 0.00 3.00 100.59
514.00 503.00 0.00 2.00 199.95
102.00 412.00 1.00 4.00 96.02
507.00 279.00 1.00 1.00 154.53
70.00 491.00 0.00 2.00 165.14
501.00 494.00 1.00 2.00 118.04
454.00 265.00 0.00 5.00 133.13
495.00 508.00 1.00 3.00 144.50
444.00 491.00 1.00 5.00 108.02
498.00 396.00 1.00 2.00 78.51
512.00 326.00 0.00 1.00 69.42
489.00 499.00 1.00 4.00 59.15
491.00 514.00 0.00 5.00 104.97
431.00 498.00 0.00 3.00 141.15
23.00 441.00 0.00 5.00 140.28
287.00 517.00 0.00 2.00 187.06
493.00 413.00 1.00 2.00 95.09
498.00 453.00 0.00 4.00 116.58
516.00 153.00 1.00 3.00 44.68
496.00 92.00 1.00 3.00 133.80
230.00 427.00 1.00 4.00 167.77
508.00 148.00 0.00 1.00 121.97
16.00 508.00 1.00 5.00 116.53
402.00 501.00 1.00 3.00 39.98
505.00 36.00 1.00 2.00 165.40
495.00 516.00 0.00 4.00 89.29
156.00 396.00 0.00 4.00 52.10
516.00 265.00 1.00 5.00 165.07
386.00 482.00 1.00 4.00 183.58
511.00 395.00 0.00 5.00 63.13
128.00 246.00 0.00 2.00 133.39
511.00 427.00 0.00 5.00 47.90
510.00 235.00 1.00 3.00 140.60
497.00 506.00 0.00 5.00 92.97
504.00 428.00 1.00 1.00 90.77
367.00 495.00 1.00 3.00 70.76
55.00 104.00 0.00 3.00 48.75
504.00 184.00 1.00 5.00 170.77
172.00 517.00 0.00 3.00 199.58
398.00 495.00 0.00 3.00 78.93
508.00 475.00 1.00 2.00 135.87
516.00 505.00 1.00 4.00 76.14
494.00 512.00 1.00 4.00 117.54
500.00 515.00 0.00 1.00 55.68
505.00 295.00 0.00 4.00 111.26
89.00 492.00 0.00 4.00 54.72
496.00 5.00 1.00 4.00 84.16
514.00 490.00 0.00 4.00 143.99
499.00 50.00 0.00 1.00 34.47
371.00 231.00 0.00 2.00 159.34
487.00 509.00 0.00 5.00 143.78
178.00 495.00 0.00 3.00 103.15
487.00 386.00 1.00 4.00 104.05
129.00 515.00 1.00 3.00 130.79
281.00 287.00 0.00 4.00 133.42
494.00 115.00 1.00 1.00 51.26
265.00 212.00 1.00 5.00 180.98
428.00 215.00 0.00 5.00 39.08
141.00 395.00 0.00 2.00 157.84
238.00 344.00 1.00 3.00 90.19
23.00 498.00 1.00 3.00 33.68
514.00 507.00 0.00 5.00 140.49
185.00 200.00 1.00 5.00 59.77
463.00 490.00 1.00 2.00 192.63
496.00 18.00 0.00 2.00 110.80
515.00 488.00 0.00 4.00 145.54
79.00 498.00 1.00 4.00 127.22
507.00 355.00 1.00 3.00 168.93
506.00 360.00 1.00 5.00 153.74
516.00 491.00 1.00 1.00 136.45
514.00 490.00 1.00 2.00 151.89
504.00 328.00 1.00 2.00 61.48
499.00 172.00 0.00 1.00 60.38
515.00 342.00 1.00 2.00 63.51
148.00 12.00 0.00 4.00 34.16
331.00 502.00 0.00 4.00 86.93
492.00 517.00 0.00 1.00 125.60
503.00 497.00 1.00 4.00 146.46
374.00 500.00 1.00 4.00 47.38
507.00 487.00 0.00 5.00 182.48
9.00 278.00 0.00 1.00 186.26
204.00 487.00 0.00 5.00 134.35
515.00 486.00 0.00 4.00 36.69
501.00 491.00 0.00 5.00 60.26
363.00 291.00 0.00 3.00 197.91
474.00 302.00 1.00 1.00 154.38
515.00 91.00 1.00 5.00 168.93
513.00 179.00 1.00 5.00 139.34
463.00 430.00 1.00 3.00 138.09
22.00 503.00 0.00 4.00 111.67
506.00 322.00 0.00 1.00 163.17
427.00 487.00 0.00 2.00 58.21
434.00 509.00 0.00 1.00 81.62
510.00 490.00 1.00 2.00 150.18
12.00 498.00 1.00 4.00 194.64
347.00 48.00 0.00 5.00 41.06
396.00 356.00 0.00 5.00 47.59
515.00 505.00 1.00 5.00 46.81
488.00 250.00 1.00 4.00 141.97
501.00 491.00 1.00 3.00 45.45
279.00 506.00 1.00 5.00 39.33
500.00 296.00 1.00 2.00 40.38
510.00 515.00 0.00 1.00 181.31
496.00 487.00 1.00 5.00 74.72
499.00 13.00 1.00 2.00 195.67
515.00 491.00 0.00 1.00 143.18
229.00 496.00 0.00 5.00 189.85
517.00 323.00 0.00 3.00 101.00
365.00 497.00 0.00 2.00 95.55
515.00 497.00 1.00 2.00 68.88
259.00 261.00 1.00 2.00 51.84
515.00 500.00 1.00 4.00 52.76
33.00 443.00 0.00 5.00 67.56
427.00 341.00 1.00 4.00 177.16
102.00 489.00 1.00 1.00 63.21
453.00 496.00 1.00 1.00 160.64
290.00 433.00 0.00 5.00 56.64
516.00 491.00 0.00 5.00 37.98
459.00 73.00 1.00 1.00 176.27
510.00 95.00 1.00 2.00 110.74
497.00 465.00 0.00 2.00 73.00
515.00 217.00 1.00 4.00 102.92
497.00 270.00 0.00 2.00 142.75
387.00 256.00 1.00 4.00 198.43
500.00 472.00 1.00 1.00 165.30
511.00 136.00 1.00 1.00 193.93
301.00 275.00 1.00 1.00 64.24
174.00 511.00 1.00 4.00 119.87
490.00 505.00 0.00 1.00 142.26
367.00 495.00 0.00 2.00 49.17
515.00 502.00 1.00 3.00 102.71
453.00 501.00 1.00 2.00 177.04
505.00 142.00 1.00 5.00 151.70
486.00 292.00 0.00 3.00 133.97
185.00 490.00 1.00 5.00 41.39
406.00 444.00 1.00 3.00 100.73
493.00 390.00 0.00 4.00 189.04
22.00 514.00 1.00 3.00 176.29
387.00 512.00 0.00 3.00 74.91
25.00 512.00 0.00 2.00 158.19
309.00 415.00 0.00 2.00 112.60
515.00 498.00 0.00 2.00 148.25
501.00 459.00 0.00 3.00 138.46
312.00 505.00 1.00 3.00 123.16
496.00 515.00 0.00 2.00 110.70
216.00 154.00 1.00 4.00 150.32
21.00 503.00 1.00 3.00 57.19
246.00 257.00 0.00 4.00 45.33
395.00 489.00 1.00 5.00 35.45
487.00 182.00 1.00 3.00 143.74
512.00 182.00 1.00 2.00 158.64
502.00 488.00 1.00 1.00 124.85
488.00 398.00 1.00 2.00 189.24
502.00 448.00 1.00 3.00 167.22
504.00 491.00 1.00 2.00 101.79
186.00 516.00 1.00 2.00 65.40
150.00 502.00 0.00 1.00 142.49
515.00 298.00 1.00 3.00 72.82
347.00 102.00 0.00 2.00 133.40
492.00 505.00 0.00 4.00 39.35
173.00 279.00 0.00 5.00 173.03
500.00 515.00 1.00 5.00 140.99
224.00 506.00 1.00 5.00 149.98
517.00 453.00 0.00 1.00 187.35
501.00 166.00 1.00 2.00 180.61
515.00 491.00 1.00 3.00 198.94
496.00 502.00 0.00 3.00 59.00
511.00 494.00 1.00 4.00 32.44
153.00 280.00 1.00 4.00 39.15
300.00 511.00 0.00 5.00 160.48
505.00 256.00 1.00 3.00 39.14
101.00 289.00 0.00 1.00 99.11
507.00 90.00 0.00 5.00 106.52
420.00 456.00 0.00 4.00 188.46
109.00 517.00 0.00 3.00 43.70
497.00 458.00 1.00 3.00 167.98
502.00 496.00 1.00 1.00 158.29
500.00 509.00 1.00 4.00 85.49
504.00 313.00 0.00 1.00 134.19
337.00 32.00 0.00 3.00 162.82
513.00 131.00 1.00 5.00 134.30
433.00 359.00 0.00 4.00 175.98
508.00 500.00 0.00 1.00 183.57
113.00 323.00 1.00 2.00 173.15
289.00 505.00 0.00 1.00 39.40
173.00 500.00 0.00 2.00 73.98
291.00 506.00 1.00 1.00 195.30
104.00 132.00 0.00 1.00 111.12
514.00 497.00 1.00 3.00 58.04
503.00 224.00 0.00 1.00 89.33
491.00 517.00 1.00 1.00 76.55
484.00 217.00 1.00 3.00 120.55
514.00 66.00 1.00 3.00 120.62
342.00 504.00 1.00 5.00 62.50
424.00 515.00 0.00 3.00 108.43
488.00 505.00 1.00 2.00 122.84
512.00 504.00 1.00 1.00 197.68
494.00 504.00 0.00 1.00 72.17
495.00 516.00 1.00 4.00 158.48
229.00 505.00 1.00 4.00 181.91
513.00 492.00 0.00 1.00 86.19
488.00 515.00 1.00 3.00 80.59
507.00 500.00 1.00 1.00 60.23
100.00 493.00 1.00 2.00 41.07
506.00 495.00 1.00 5.00 183.50
505.00 517.00 0.00 4.00 47.95
496.00 116.00 1.00 3.00 98.61
500.00 517.00 0.00 1.00 114.43
493.00 504.00 1.00 1.00 77.08
340.00 517.00 0.00 3.00 135.67
331.00 512.00 0.00 5.00 119.99
513.00 124.00 0.00 4.00 192.97
26.00 127.00 1.00 3.00 38.03
40.00 170.00 0.00 4.00 40.97
362.00 500.00 1.00 1.00 184.58
496.00 119.00 0.00 5.00 88.40
501.00 486.00 0.00 5.00 61.47
507.00 155.00 1.00 1.00 90.69
501.00 283.00 1.00 4.00 98.93
503.00 491.00 1.00 1.00 65.99
514.00 192.00 1.00 5.00 106.54
493.00 104.00 1.00 3.00 119.49
273.00 343.00 1.00 5.00 123.95
497.00 424.00 1.00 3.00 83.00
502.00 499.00 0.00 3.00 89.19
223.00 130.00 1.00 1.00 151.54
128.00 490.00 0.00 4.00 130.66
489.00 379.00 1.00 2.00 188.00
493.00 502.00 0.00 5.00 188.69
177.00 428.00 1.00 2.00 143.70
508.00 219.00 1.00 4.00 147.46
516.00 146.00 1.00 3.00 176.83
516.00 418.00 1.00 4.00 94.88
490.00 502.00 0.00 5.00 41.27
351.00 499.00 1.00 2.00 170.40
494.00 75.00 1.00 1.00 153.39
36.00 501.00 0.00 4.00 61.47
41.00 498.00 0.00 5.00 57.31
508.00 58.00 0.00 4.00 102.44
146.00 408.00 0.00 2.00 63.38
129.00 493.00 0.00 2.00 78.32
516.00 104.00 0.00 1.00 195.18
490.00 227.00 0.00 2.00 196.07
116.00 471.00 1.00 3.00 197.75
503.00 289.00 0.00 1.00 93.76
7.00 296.00 0.00 5.00 153.07
111.00 494.00 0.00 5.00 189.20
326.00 503.00 1.00 1.00 114.88
121.00 377.00 1.00 3.00 117.51
511.00 401.00 0.00 1.00 131.69
489.00 496.00 1.00 4.00 189.16
488.00 317.00 0.00 4.00 69.90
278.00 503.00 1.00 1.00 181.29
183.00 325.00 0.00 3.00 167.73
496.00 479.00 0.00 2.00 138.63
243.00 494.00 1.00 2.00 143.53
513.00 395.00 0.00 1.00 108.04
264.00 496.00 1.00 4.00 59.75
502.00 512.00 1.00 1.00 179.82
46.00 497.00 1.00 5.00 51.94
114.00 444.00 1.00 5.00 53.60
503.00 496.00 0.00 3.00 52.11
407.00 501.00 0.00 5.00 188.52
503.00 497.00 1.00 4.00 144.20
509.00 231.00 0.00 3.00 87.76
423.00 359.00 1.00 2.00 196.91
487.00 505.00 1.00 5.00 87.35
507.00 514.00 0.00 5.00 31.70
443.00 142.00 1.00 2.00 88.89
517.00 401.00 0.00 4.00 185.92
95.00 508.00 1.00 4.00 123.91
424.00 64.00 0.00 3.00 40.32
347.00 490.00 1.00 4.00 81.21
499.00 314.00 0.00 3.00 36.05
491.00 81.00 0.00 4.00 191.89
288.00 512.00 0.00 2.00 43.52
516.00 132.00 0.00 3.00 173.74
512.00 289.00 1.00 2.00 164.93
500.00 516.00 0.00 4.00 176.67
488.00 517.00 0.00 5.00 116.98
360.00 517.00 1.00 1.00 82.93
29.00 399.00 0.00 5.00 90.41
501.00 52.00 1.00 2.00 160.95
9.00 516.00 1.00 5.00 173.79
93.00 408.00 0.00 4.00 182.29
505.00 326.00 0.00 3.00 105.54
494.00 398.00 1.00 5.00 152.78
489.00 505.00 1.00 2.00 94.80
398.00 516.00 1.00 5.00 53.90
197.00 510.00 0.00 3.00 82.55
289.00 264.00 1.00 2.00 190.75
510.00 499.00 0.00 1.00 45.12
499.00 230.00 0.00 3.00 48.02
488.00 508.00 0.00 5.00 119.48
511.00 234.00 0.00 1.00 117.34
490.00 249.00 0.00 1.00 157.37
457.00 497.00 1.00 3.00 139.89
109.00 512.00 1.00 4.00 92.41
486.00 516.00 1.00 1.00 49.65
499.00 110.00 1.00 3.00 86.69
384.00 489.00 0.00 1.00 93.59
515.00 486.00 0.00 5.00 64.00
413.00 426.00 1.00 3.00 44.80
40.00 180.00 1.00 2.00 123.90
421.00 500.00 0.00 4.00 64.82
249.00 112.00 1.00 3.00 180.14
348.00 504.00 0.00 2.00 76.89
185.00 365.00 1.00 2.00 144.93
501.00 493.00 0.00 3.00 81.83
181.00 296.00 0.00 4.00 148.35
511.00 343.00 1.00 5.00 95.13
515.00 367.00 0.00 2.00 177.00
211.00 130.00 1.00 2.00 162.04
515.00 498.00 0.00 3.00 79.91
507.00 494.00 1.00 5.00 105.57
505.00 191.00 0.00 3.00 151.34
300.00 82.00 1.00 5.00 90.35
489.00 507.00 0.00 5.00 94.11
498.00 492.00 0.00 1.00 87.30
31.00 55.00 1.00 5.00 37.83
330.00 435.00 0.00 5.00 117.74
164.00 499.00 0.00 4.00 97.90
497.00 505.00 1.00 5.00 64.62
499.00 370.00 1.00 2.00 167.26
248.00 409.00 0.00 3.00 160.20
206.00 496.00 1.00 1.00 151.63
495.00 407.00 0.00 1.00 65.28
507.00 34.00 1.00 4.00 161.78
343.00 515.00 1.00 4.00 199.03
507.00 25.00 0.00 3.00 107.16
88.00 160.00 0.00 2.00 65.03
345.00 492.00 0.00 4.00 61.43
497.00 237.00 1.00 2.00 177.89
508.00 87.00 1.00 1.00 102.09
511.00 498.00 1.00 5.00 91.87
345.00 336.00 1.00 5.00 118.53
503.00 94.00 1.00 2.00 151.96
6.00 503.00 0.00 2.00 33.42
487.00 11.00 1.00 4.00 110.38
54.00 427.00 0.00 5.00 60.95
501.00 251.00 0.00 5.00 37.07
505.00 499.00 0.00 3.00 186.34
517.00 202.00 0.00 3.00 63.65
420.00 502.00 0.00 2.00 78.43
510.00 269.00 1.00 4.00 71.26
433.00 307.00 0.00 5.00 117.15
514.00 496.00 0.00 4.00 182.61
302.00 327.00 0.00 4.00 185.40
475.00 488.00 1.00 2.00 195.06
270.00 257.00 1.00 4.00 37.78
36.00 511.00 1.00 5.00 39.86
493.00 507.00 1.00 1.00 76.89
219.00 343.00 1.00 2.00 65.20
102.00 161.00 1.00 1.00 103.13
487.00 502.00 0.00 1.00 94.18
491.00 509.00 1.00 1.00 158.54
74.00 309.00 0.00 5.00 62.69
496.00 232.00 1.00 1.00 53.83
507.00 502.00 1.00 4.00 191.62
332.00 495.00 0.00 4.00 196.41
447.00 504.00 0.00 3.00 146.42
493.00 514.00 0.00 2.00 34.22
352.00 202.00 1.00 2.00 49.01
498.00 94.00 0.00 3.00 157.49
337.00 506.00 1.00 4.00 168.48
49.00 327.00 1.00 4.00 64.70
499.00 383.00 0.00 5.00 195.57
489.00 499.00 0.00 3.00 97.47
191.00 203.00 0.00 3.00 183.81
81.00 434.00 1.00 5.00 140.45
297.00 517.00 0.00 5.00 79.69
491.00 483.00 1.00 5.00 35.83
292.00 512.00 1.00 2.00 106.93
339.00 95.00 1.00 1.00 122.83
517.00 309.00 1.00 2.00 107.81
409.00 504.00 0.00 2.00 112.18
503.00 291.00 1.00 3.00 177.65
347.00 43.00 0.00 3.00 78.75
130.00 493.00 1.00 2.00 165.58
491.00 509.00 0.00 3.00 129.84
377.00 499.00 0.00 5.00 140.79
516.00 322.00 1.00 2.00 33.73
488.00 494.00 0.00 1.00 79.24
487.00 197.00 1.00 4.00 38.65
492.00 446.00 1.00 3.00 106.69
488.00 504.00 1.00 2.00 180.23
475.00 447.00 1.00 1.00 114.57
509.00 356.00 1.00 4.00 93.52
185.00 413.00 0.00 5.00 64.35
486.00 466.00 1.00 3.00 105.73
369.00 293.00 1.00 5.00 168.24
433.00 157.00 0.00 1.00 124.70
504.00 140.00 0.00 4.00 83.32
273.00 516.00 1.00 1.00 170.22
496.00 299.00 0.00 1.00 62.91
205.00 511.00 0.00 5.00 138.53
489.00 402.00 1.00 3.00 157.28
515.00 28.00 0.00 5.00 47.97
509.00 498.00 1.00 5.00 54.31
237.00 216.00 1.00 5.00 111.38
487.00 302.00 0.00 4.00 188.92
274.00 490.00 1.00 2.00 78.81
500.00 200.00 1.00 2.00 93.98
502.00 128.00 1.00 3.00 126.68
287.00 45.00 0.00 1.00 46.90
224.00 339.00 0.00 2.00 151.93
294.00 497.00 0.00 2.00 43.79
495.00 81.00 0.00 4.00 35.56
235.00 501.00 0.00 1.00 53.65
490.00 502.00 0.00 2.00 141.82
480.00 510.00 0.00 2.00 49.34
318.00 101.00 1.00 3.00 89.02
502.00 113.00 1.00 4.00 122.68
326.00 509.00 1.00 4.00 112.87
509.00 463.00 0.00 5.00 139.25
344.00 496.00 1.00 2.00 69.41
495.00 119.00 0.00 3.00 184.04
89.00 319.00 0.00 5.00 112.61
66.00 259.00 1.00 2.00 112.67
331.00 498.00 0.00 5.00 160.83
142.00 304.00 0.00 1.00 193.60
150.00 100.00 0.00 5.00 112.97
516.00 506.00 0.00 4.00 195.41
447.00 514.00 1.00 2.00 128.82
453.00 513.00 0.00 3.00 149.74
495.00 253.00 0.00 5.00 102.08
493.00 126.00 0.00 1.00 106.54
504.00 510.00 1.00 4.00 151.45
397.00 368.00 0.00 5.00 184.03
304.00 503.00 1.00 4.00 97.92
398.00 517.00 1.00 4.00 189.59
458.00 188.00 0.00 5.00 58.00
482.00 115.00 0.00 1.00 134.60
310.00 80.00 0.00 2.00 94.52
67.00 385.00 0.00 5.00 152.57
384.00 73.00 0.00 5.00 86.52
502.00 515.00 1.00 5.00 53.54
106.00 495.00 0.00 3.00 184.81
105.00 496.00 1.00 4.00 191.88
490.00 516.00 1.00 5.00 56.98
498.00 282.00 1.00 1.00 160.57
366.00 494.00 1.00 3.00 185.22
234.00 332.00 0.00 5.00 175.71
242.00 78.00 0.00 3.00 137.67
129.00 499.00 0.00 4.00 87.96
493.00 501.00 1.00 3.00 147.02
486.00 459.00 1.00 2.00 32.60
507.00 499.00 1.00 5.00 129.82
503.00 496.00 1.00 1.00 86.85
196.00 400.00 1.00 5.00 198.72
298.00 430.00 0.00 1.00 160.19
27.00 188.00 0.00 2.00 137.34
114.00 178.00 1.00 3.00 55.44
488.00 188.00 1.00 1.00 164.38
387.00 126.00 0.00 3.00 167.11
329.00 512.00 1.00 1.00 61.81
381.00 495.00 1.00 1.00 56.89
348.00 504.00 1.00 3.00 70.68
495.00 505.00 0.00 1.00 131.34
309.00 401.00 1.00 1.00 71.76
349.00 73.00 1.00 3.00 152.36
157.00 433.00 0.00 4.00 147.43
511.00 16.00 0.00 4.00 93.81
480.00 509.00 0.00 5.00 165.43
315.00 510.00 0.00 1.00 72.09
315.00 353.00 1.00 1.00 104.22
506.00 27.00 0.00 2.00 118.86
441.00 10.00 1.00 2.00 96.35
514.00 509.00 1.00 5.00 166.47
413.00 507.00 0.00 4.00 103.97
304.00 489.00 0.00 5.00 131.08
17.00 511.00 0.00 1.00 182.13
517.00 510.00 1.00 2.00 149.86
11.00 161.00 0.00 2.00 78.83
192.00 515.00 1.00 4.00 178.63
496.00 503.00 1.00 2.00 123.94
10.00 515.00 1.00 3.00 172.04
510.00 500.00 1.00 5.00 44.89
492.00 509.00 1.00 1.00 114.69
384.00 437.00 0.00 5.00 150.48
499.00 222.00 0.00 3.00 80.08
434.00 509.00 0.00 1.00 181.83
71.00 443.00 1.00 2.00 127.89
510.00 494.00 0.00 5.00 109.59
37.00 190.00 0.00 4.00 90.53
86.00 126.00 1.00 4.00 73.27
483.00 132.00 1.00 4.00 187.12
507.00 330.00 0.00 5.00 69.25
405.00 182.00 0.00 1.00 103.25
432.00 494.00 0.00 5.00 49.74
506.00 99.00 1.00 2.00 173.55
497.00 328.00 1.00 2.00 196.57
517.00 511.00 1.00 4.00 65.15
508.00 177.00 0.00 2.00 130.64
490.00 137.00 1.00 3.00 46.49
491.00 514.00 1.00 5.00 114.20
490.00 38.00 1.00 3.00 186.67
31.00 503.00 1.00 1.00 113.82
489.00 136.00 0.00 1.00 77.07
506.00 124.00 1.00 2.00 195.93
505.00 255.00 1.00 2.00 157.63
504.00 68.00 1.00 1.00 187.05
501.00 229.00 0.00 5.00 70.03
320.00 67.00 0.00 1.00 105.63
471.00 61.00 1.00 1.00 68.29
491.00 506.00 1.00 2.00 112.61
379.00 128.00 1.00 2.00 184.79
508.00 414.00 1.00 5.00 75.17
513.00 209.00 0.00 1.00 64.40
487.00 302.00 0.00 4.00 136.28
72.00 394.00 1.00 3.00 71.15
219.00 339.00 1.00 4.00 92.59
30.00 312.00 0.00 1.00 139.94
351.00 142.00 1.00 3.00 97.97
240.00 512.00 0.00 1.00 198.72
485.00 376.00 0.00 2.00 126.46
484.00 507.00 1.00 1.00 142.10
507.00 496.00 0.00 1.00 62.56
509.00 488.00 1.00 4.00 171.51
508.00 213.00 1.00 5.00 113.56
334.00 39.00 0.00 4.00 73.33
505.00 197.00 0.00 5.00 59.02
481.00 501.00 1.00 5.00 71.20
205.00 290.00 1.00 5.00 165.87
203.00 513.00 1.00 4.00 51.29
514.00 502.00 1.00 3.00 167.99
4.00 516.00 0.00 4.00 176.34
177.00 507.00 0.00 2.00 191.81
447.00 495.00 0.00 3.00 86.62
411.00 500.00 0.00 1.00 128.17
516.00 498.00 1.00 1.00 79.31
86.00 478.00 0.00 5.00 66.60
486.00 509.00 0.00 3.00 138.26
504.00 499.00 0.00 1.00 118.53
504.00 86.00 1.00 2.00 139.82
495.00 257.00 0.00 3.00 152.27
494.00 402.00 0.00 1.00 76.34
69.00 271.00 0.00 1.00 195.36
18.00 512.00 1.00 5.00 134.39
439.00 407.00 1.00 3.00 90.52
128.00 505.00 0.00 2.00 97.40
492.00 4.00 0.00 4.00 80.56
504.00 116.00 0.00 1.00 86.39
206.00 101.00 1.00 1.00 121.59
502.00 500.00 0.00 5.00 197.14
486.00 16.00 1.00 2.00 106.84
454.00 272.00 0.00 4.00 74.48
320.00 233.00 0.00 5.00 193.92
500.00 502.00 1.00 1.00 38.13
515.00 508.00 1.00 1.00 188.55
509.00 496.00 1.00 4.00 53.77
492.00 156.00 1.00 4.00 140.68
328.00 502.00 0.00 3.00 46.89
381.00 517.00 1.00 2.00 52.70
513.00 162.00 1.00 3.00 135.90
507.00 489.00 0.00 2.00 149.51
498.00 261.00 1.00 1.00 168.42
514.00 190.00 1.00 3.00 118.53
233.00 506.00 1.00 3.00 50.96
513.00 492.00 1.00 5.00 188.97
289.00 327.00 1.00 5.00 77.38
96.00 514.00 1.00 2.00 180.23
495.00 501.00 0.00 1.00 192.92
497.00 488.00 0.00 4.00 77.34
511.00 497.00 0.00 2.00 77.86
499.00 455.00 1.00 2.00 38.80
94.00 494.00 1.00 4.00 138.68
151.00 339.00 1.00 2.00 79.07
507.00 221.00 0.00 5.00 105.44
182.00 497.00 0.00 2.00 189.90
500.00 516.00 1.00 5.00 62.19
470.00 69.00 1.00 1.00 103.98
499.00 121.00 0.00 2.00 46.21
401.00 283.00 0.00 5.00 153.16
515.00 510.00 0.00 3.00 38.88
491.00 219.00 0.00 1.00 142.11
148.00 59.00 0.00 1.00 70.47
299.00 163.00 1.00 3.00 114.39
115.00 506.00 1.00 5.00 66.91
499.00 487.00 0.00 3.00 135.54
496.00 507.00 0.00 2.00 130.42
34.00 417.00 0.00 2.00 150.45
488.00 133.00 1.00 1.00 125.22
291.00 464.00 1.00 3.00 84.87
429.00 27.00 0.00 2.00 154.04
500.00 442.00 1.00 5.00 149.37
22.00 500.00 0.00 5.00 188.35
490.00 471.00 0.00 2.00 62.90
172.00 448.00 1.00 2.00 116.08
489.00 505.00 1.00 3.00 138.65
504.00 43.00 0.00 4.00 61.36
491.00 503.00 1.00 1.00 88.74
274.00 90.00 1.00 1.00 80.16
496.00 513.00 0.00 3.00 109.71
497.00 263.00 1.00 2.00 116.35
503.00 514.00 1.00 1.00 51.09
142.00 357.00 1.00 2.00 129.52
454.00 186.00 1.00 5.00 137.01
270.00 55.00 0.00 5.00 185.13
492.00 88.00 1.00 3.00 153.27
498.00 338.00 1.00 2.00 48.57
490.00 517.00 0.00 3.00 82.57
191.00 489.00 1.00 5.00 134.50
491.00 223.00 1.00 2.00 46.71
247.00 511.00 0.00 3.00 181.90
197.00 492.00 0.00 2.00 156.37
137.00 290.00 1.00 4.00 186.28
34.00 198.00 1.00 3.00 121.05
223.00 502.00 1.00 2.00 172.05
331.00 504.00 0.00 4.00 73.04
275.00 148.00 0.00 1.00 76.38
496.00 10.00 0.00 2.00 41.87
425.00 29.00 1.00 3.00 124.88
509.00 182.00 0.00 1.00 157.21
497.00 99.00 0.00 5.00 80.66
317.00 486.00 0.00 5.00 67.90
238.00 494.00 1.00 3.00 129.18
455.00 500.00 1.00 3.00 82.23
511.00 469.00 0.00 1.00 45.62
350.00 325.00 0.00 1.00 145.41
203.00 510.00 0.00 2.00 70.85
379.00 98.00 0.00 4.00 54.90
491.00 510.00 0.00 5.00 132.29
511.00 235.00 0.00 2.00 181.89
234.00 45.00 0.00 3.00 104.84
0.00 515.00 1.00 4.00 177.80
259.00 447.00 1.00 5.00 92.72
127.00 307.00 1.00 3.00 192.28
233.00 506.00 0.00 4.00 55.97
515.00 490.00 1.00 5.00 43.17
406.00 504.00 0.00 5.00 37.89
506.00 407.00 0.00 4.00 173.28
502.00 346.00 1.00 5.00 127.09
323.00 495.00 0.00 4.00 63.72
515.00 254.00 1.00 4.00 78.62
500.00 488.00 0.00 5.00 136.71
493.00 503.00 0.00 5.00 39.65
497.00 128.00 0.00 2.00 128.14
279.00 509.00 0.00 5.00 77.67
487.00 71.00 0.00 1.00 93.22
505.00 226.00 1.00 3.00 173.76
504.00 386.00 1.00 5.00 148.32
37.00 490.00 1.00 5.00 196.87
268.00 207.00 1.00 1.00 46.43
239.00 455.00 0.00 5.00 185.71
501.00 506.00 0.00 2.00 185.03
137.00 504.00 1.00 2.00 87.76
505.00 512.00 0.00 4.00 66.98
263.00 146.00 1.00 4.00 35.86
517.00 373.00 0.00 4.00 82.21
505.00 486.00 0.00 4.00 110.34
400.00 114.00 0.00 2.00 37.19
492.00 516.00 1.00 2.00 120.51
210.00 228.00 1.00 1.00 147.64
497.00 189.00 1.00 1.00 158.61
490.00 301.00 1.00 5.00 39.12
164.00 499.00 1.00 3.00 102.93
517.00 268.00 1.00 4.00 193.42
483.00 381.00 0.00 2.00 101.05
127.00 497.00 0.00 5.00 194.12
207.00 128.00 0.00 5.00 137.28
420.00 500.00 1.00 4.00 147.88
399.00 491.00 1.00 2.00 191.33
91.00 5.00 1.00 2.00 45.37
506.00 179.00 0.00 2.00 118.69
499.00 503.00 1.00 2.00 69.59
251.00 508.00 0.00 4.00 52.32
509.00 34.00 1.00 1.00 37.14
509.00 381.00 0.00 4.00 172.91
440.00 454.00 0.00 3.00 36.91
503.00 422.00 0.00 1.00 170.40
509.00 504.00 1.00 3.00 106.74
140.00 432.00 0.00 1.00 112.34
314.00 284.00 0.00 3.00 94.14
517.00 29.00 0.00 4.00 178.66
67.00 229.00 1.00 5.00 127.90
489.00 497.00 0.00 4.00 48.09
357.00 500.00 0.00 2.00 172.45
119.00 489.00 1.00 2.00 91.11
489.00 439.00 0.00 3.00 137.09
502.00 489.00 1.00 2.00 92.20
154.00 489.00 0.00 3.00 81.13
369.00 516.00 1.00 5.00 123.98
508.00 501.00 1.00 2.00 184.69
409.00 488.00 1.00 5.00 95.13
476.00 342.00 1.00 3.00 151.71
513.00 489.00 1.00 4.00 38.74
515.00 491.00 0.00 1.00 170.04
496.00 289.00 0.00 4.00 137.14
491.00 516.00 1.00 1.00 177.30
30.00 486.00 0.00 3.00 33.97
178.00 511.00 1.00 1.00 39.53
278.00 498.00 0.00 1.00 148.31
385.00 507.00 1.00 2.00 33.22
436.00 490.00 0.00 2.00 74.36
487.00 517.00 1.00 5.00 141.50
316.00 501.00 0.00 4.00 187.12
492.00 420.00 1.00 2.00 119.98
513.00 507.00 0.00 3.00 155.93
494.00 504.00 1.00 2.00 48.54
197.00 511.00 0.00 1.00 62.72
495.00 489.00 1.00 1.00 30.96
202.00 489.00 0.00 3.00 91.36
492.00 395.00 1.00 1.00 103.71
512.00 505.00 1.00 2.00 51.99
272.00 508.00 0.00 4.00 185.52
103.00 98.00 0.00 4.00 195.90
491.00 319.00 1.00 1.00 40.84
239.00 491.00 0.00 5.00 64.53
495.00 500.00 1.00 3.00 40.49
498.00 489.00 1.00 1.00 193.66
114.00 503.00 1.00 2.00 118.80
335.00 505.00 1.00 4.00 120.16
499.00 503.00 1.00 4.00 111.96
493.00 471.00 1.00 2.00 141.57
487.00 507.00 1.00 2.00 37.59
494.00 11.00 1.00 2.00 39.39
494.00 509.00 0.00 1.00 45.38
496.00 236.00 0.00 4.00 162.38
401.00 515.00 0.00 5.00 185.45
505.00 330.00 0.00 5.00 71.10
488.00 508.00 0.00 3.00 103.83
510.00 149.00 0.00 1.00 199.04
492.00 406.00 1.00 4.00 193.25
506.00 492.00 1.00 5.00 124.05
516.00 495.00 0.00 3.00 78.54
415.00 434.00 0.00 5.00 185.98
253.00 509.00 1.00 1.00 64.48
516.00 495.00 1.00 2.00 49.58
507.00 195.00 0.00 4.00 168.33
512.00 498.00 1.00 3.00 95.77
235.00 505.00 1.00 5.00 97.88
141.00 466.00 1.00 5.00 167.59
368.00 220.00 1.00 3.00 70.82
449.00 23.00 0.00 3.00 53.80
506.00 310.00 0.00 1.00 160.63
496.00 501.00 1.00 1.00 87.03
412.00 514.00 0.00 4.00 75.68
490.00 159.00 1.00 5.00 91.89
368.00 121.00 1.00 4.00 74.35
497.00 512.00 1.00 2.00 140.36
246.00 514.00 1.00 5.00 114.08
317.00 493.00 0.00 3.00 120.76
501.00 366.00 0.00 1.00 74.86
501.00 107.00 1.00 2.00 51.75
507.00 515.00 0.00 1.00 167.78
350.00 495.00 1.00 5.00 45.84
397.00 488.00 0.00 3.00 77.34
188.00 499.00 0.00 2.00 73.70
423.00 180.00 1.00 1.00 45.79
497.00 489.00 1.00 5.00 108.42
395.00 44.00 1.00 3.00 142.15
506.00 346.00 1.00 2.00 171.81
508.00 493.00 1.00 5.00 173.68
494.00 499.00 1.00 3.00 57.12
486.00 63.00 1.00 4.00 56.96
503.00 203.00 1.00 3.00 175.79
505.00 169.00 0.00 3.00 52.80
486.00 493.00 1.00 5.00 144.41
136.00 491.00 1.00 4.00 193.24
499.00 486.00 1.00 3.00 140.83
514.00 507.00 1.00 5.00 101.16
505.00 501.00 0.00 2.00 124.07
492.00 500.00 0.00 1.00 75.58
228.00 11.00 0.00 3.00 154.43
29.00 492.00 1.00 1.00 170.96
145.00 497.00 0.00 4.00 167.77
489.00 502.00 1.00 5.00 161.14
512.00 502.00 1.00 3.00 187.47
1.00 67.00 1.00 5.00 73.89
32.00 203.00 1.00 3.00 171.63
418.00 485.00 1.00 2.00 50.27
503.00 44.00 0.00 2.00 95.93
362.00 504.00 1.00 1.00 94.33
154.00 388.00 0.00 5.00 91.10
84.00 491.00 0.00 1.00 87.78
219.00 157.00 1.00 4.00 57.49
138.00 504.00 0.00 2.00 148.27
210.00 392.00 0.00 2.00 96.51
493.00 516.00 1.00 1.00 144.83
499.00 505.00 0.00 5.00 156.57
73.00 505.00 0.00 2.00 31.51
380.00 509.00 0.00 1.00 116.26
18.00 491.00 1.00 4.00 72.01
16.00 493.00 0.00 5.00 83.31
505.00 493.00 0.00 2.00 171.33
244.00 203.00 1.00 5.00 153.59
61.00 296.00 1.00 3.00 75.56
283.00 426.00 1.00 2.00 84.83
231.00 514.00 0.00 3.00 114.03
192.00 489.00 1.00 5.00 136.33
510.00 322.00 0.00 4.00 47.44
503.00 294.00 1.00 3.00 127.32
490.00 500.00 0.00 2.00 183.57
494.00 151.00 1.00 3.00 159.46
495.00 507.00 0.00 4.00 107.76
492.00 500.00 0.00 1.00 50.14
501.00 100.00 1.00 4.00 163.62
506.00 515.00 0.00 4.00 185.79
140.00 250.00 1.00 1.00 70.16
13.00 338.00 1.00 4.00 138.19
283.00 251.00 0.00 3.00 139.93
496.00 175.00 0.00 1.00 89.85
490.00 501.00 0.00 5.00 188.32
517.00 486.00 1.00 2.00 110.04
497.00 373.00 0.00 3.00 106.56
78.00 512.00 0.00 1.00 179.47
515.00 497.00 1.00 2.00 127.09
514.00 68.00 1.00 4.00 141.06
507.00 514.00 1.00 4.00 175.87
120.00 356.00 0.00 5.00 126.14
512.00 386.00 1.00 3.00 190.69
490.00 513.00 1.00 2.00 96.21
387.00 509.00 0.00 1.00 124.97
264.00 507.00 0.00 3.00 160.86
495.00 306.00 1.00 2.00 105.56
496.00 353.00 0.00 2.00 38.15
360.00 256.00 1.00 4.00 159.95
490.00 509.00 1.00 4.00 87.21
494.00 56.00 0.00 5.00 58.10
508.00 517.00 0.00 3.00 50.88
38.00 499.00 1.00 1.00 127.28
234.00 513.00 1.00 5.00 155.47
425.00 156.00 1.00 5.00 174.18
266.00 238.00 0.00 2.00 128.61
22.00 134.00 1.00 5.00 199.85
503.00 41.00 0.00 3.00 110.61
494.00 473.00 1.00 1.00 92.82
39.00 347.00 0.00 2.00 35.85
351.00 433.00 1.00 5.00 119.41
401.00 515.00 1.00 2.00 180.51
8.00 514.00 0.00 2.00 65.20
504.00 492.00 1.00 2.00 142.78
206.00 488.00 0.00 4.00 37.90
517.00 25.00 0.00 5.00 53.82
303.00 266.00 1.00 2.00 168.04
496.00 11.00 0.00 1.00 185.00
498.00 514.00 0.00 1.00 131.48
129.00 275.00 0.00 5.00 188.15
207.00 57.00 0.00 3.00 98.06
509.00 498.00 1.00 4.00 194.58
512.00 345.00 1.00 4.00 112.29
508.00 494.00 0.00 2.00 56.71
124.00 341.00 1.00 4.00 188.27
486.00 174.00 1.00 1.00 168.07
201.00 131.00 0.00 4.00 90.84
462.00 489.00 0.00 1.00 170.92
5.00 504.00 0.00 2.00 77.52
340.00 264.00 1.00 4.00 43.15
417.00 514.00 0.00 5.00 89.61
503.00 364.00 1.00 1.00 95.67
438.00 511.00 1.00 2.00 141.62
493.00 204.00 0.00 3.00 77.74
287.00 489.00 0.00 3.00 89.99
395.00 439.00 0.00 2.00 54.77
508.00 82.00 1.00 3.00 114.08
140.00 493.00 1.00 4.00 74.55
456.00 42.00 1.00 4.00 142.49
73.00 489.00 0.00 4.00 65.72
362.00 406.00 1.00 4.00 122.71
514.00 30.00 0.00 4.00 122.90
418.00 502.00 1.00 1.00 148.59
493.00 507.00 1.00 4.00 96.38
499.00 406.00 1.00 4.00 47.02
39.00 109.00 0.00 5.00 177.00
74.00 159.00 1.00 5.00 178.27
505.00 489.00 1.00 4.00 97.88
5.00 491.00 0.00 2.00 123.39
462.00 4.00 0.00 1.00 195.77
503.00 85.00 0.00 4.00 145.01
145.00 499.00 1.00 3.00 112.48
515.00 6.00 0.00 1.00 81.53
487.00 500.00 0.00 2.00 74.69
499.00 494.00 0.00 1.00 41.08
516.00 295.00 1.00 3.00 164.97
508.00 498.00 0.00 2.00 31.82
68.00 128.00 1.00 2.00 129.73
249.00 207.00 1.00 1.00 49.08
508.00 499.00 0.00 5.00 79.04
183.00 429.00 1.00 2.00 39.19
517.00 409.00 1.00 1.00 50.65
486.00 458.00 0.00 1.00 134.51
511.00 516.00 1.00 2.00 109.61
488.00 281.00 0.00 5.00 74.40
367.00 426.00 1.00 4.00 159.68
169.00 512.00 0.00 4.00 101.29
495.00 505.00 0.00 5.00 66.63
407.00 514.00 1.00 5.00 98.13
500.00 509.00 1.00 4.00 59.91
247.00 500.00 0.00 3.00 167.42
23.00 15.00 0.00 5.00 105.44
275.00 509.00 0.00 5.00 168.65
503.00 509.00 1.00 5.00 54.11
279.00 348.00 1.00 4.00 57.30
489.00 426.00 1.00 2.00 153.51
490.00 201.00 0.00 2.00 55.74
172.00 500.00 1.00 2.00 189.76
491.00 368.00 0.00 2.00 169.13
19.00 515.00 0.00 1.00 173.64
488.00 369.00 1.00 5.00 91.63
414.00 136.00 0.00 4.00 127.96
507.00 515.00 1.00 2.00 144.76
511.00 359.00 0.00 2.00 102.71
147.00 162.00 0.00 3.00 170.74
158.00 508.00 0.00 1.00 109.77
516.00 490.00 0.00 1.00 97.42
169.00 505.00 1.00 5.00 76.99
496.00 166.00 1.00 3.00 143.47
497.00 30.00 1.00 5.00 133.23
261.00 515.00 0.00 3.00 108.74
73.00 508.00 0.00 3.00 141.53
498.00 487.00 0.00 5.00 156.48
503.00 517.00 0.00 3.00 130.83
487.00 321.00 0.00 2.00 54.26
10.00 46.00 1.00 5.00 135.50
488.00 504.00 0.00 3.00 84.75
394.00 494.00 1.00 2.00 168.78
514.00 487.00 0.00 1.00 40.66
4.00 515.00 1.00 3.00 156.55
57.00 502.00 0.00 5.00 187.06
500.00 251.00 0.00 1.00 61.83
213.00 512.00 0.00 4.00 46.06
508.00 500.00 1.00 4.00 151.37
488.00 506.00 0.00 3.00 140.51
373.00 410.00 0.00 5.00 98.09
505.00 137.00 1.00 1.00 50.75
104.00 235.00 1.00 1.00 189.73
487.00 510.00 1.00 5.00 50.12
376.00 505.00 1.00 5.00 42.41
504.00 385.00 1.00 1.00 75.50
174.00 488.00 1.00 2.00 100.36
491.00 257.00 0.00 2.00 117.77
499.00 488.00 0.00 1.00 103.48
504.00 489.00 1.00 5.00 198.08
10.00 336.00 1.00 2.00 86.27
503.00 388.00 0.00 5.00 67.24
375.00 502.00 0.00 4.00 105.07
510.00 488.00 0.00 2.00 196.25
94.00 35.00 0.00 2.00 172.26
504.00 487.00 0.00 3.00 118.72
516.00 486.00 1.00 2.00 139.75
505.00 321.00 0.00 4.00 74.71
489.00 511.00 1.00 4.00 137.72
515.00 301.00 0.00 5.00 125.86
493.00 513.00 0.00 2.00 34.38
51.00 462.00 0.00 1.00 63.04
151.00 382.00 1.00 1.00 34.14
501.00 503.00 0.00 2.00 139.74
501.00 488.00 0.00 2.00 74.56
335.00 59.00 1.00 1.00 182.91
511.00 338.00 0.00 5.00 157.65
487.00 355.00 1.00 5.00 148.41
489.00 509.00 1.00 3.00 196.18
284.00 119.00 1.00 5.00 162.65
490.00 498.00 0.00 3.00 159.59
472.00 125.00 0.00 4.00 133.14
496.00 439.00 1.00 2.00 84.14
488.00 234.00 0.00 1.00 167.01
486.00 500.00 1.00 2.00 154.59
491.00 18.00 1.00 2.00 130.95
459.00 371.00 1.00 5.00 185.46
504.00 138.00 1.00 4.00 110.23
488.00 499.00 0.00 5.00 137.85
246.00 496.00 1.00 1.00 55.88
181.00 488.00 0.00 3.00 182.98
486.00 508.00 1.00 2.00 179.81
44.00 499.00 1.00 2.00 157.49
491.00 27.00 0.00 5.00 32.86
501.00 45.00 0.00 3.00 185.90
497.00 504.00 0.00 3.00 59.63
512.00 147.00 0.00 4.00 164.23
457.00 488.00 1.00 2.00 54.07
506.00 488.00 1.00 5.00 78.60
44.00 499.00 0.00 4.00 53.39
510.00 499.00 1.00 3.00 61.13
255.00 495.00 1.00 5.00 160.45
104.00 205.00 1.00 4.00 165.92
212.00 509.00 0.00 3.00 35.00
177.00 495.00 0.00 3.00 42.32
205.00 494.00 1.00 2.00 174.34
493.00 509.00 1.00 2.00 118.81
54.00 517.00 1.00 1.00 68.97
362.00 17.00 1.00 5.00 84.98
489.00 517.00 1.00 1.00 168.02
209.00 487.00 0.00 5.00 158.03
339.00 488.00 0.00 3.00 120.44
501.00 491.00 0.00 2.00 155.27
1.00 259.00 1.00 4.00 110.85
121.00 501.00 1.00 5.00 131.30
508.00 493.00 0.00 5.00 121.81
323.00 51.00 1.00 2.00 181.47
517.00 87.00 0.00 2.00 83.83
107.00 498.00 0.00 4.00 74.04
500.00 508.00 1.00 5.00 194.18
503.00 487.00 1.00 1.00 83.27
403.00 516.00 0.00 3.00 74.19
474.00 424.00 0.00 5.00 155.23
502.00 232.00 0.00 1.00 88.85
513.00 403.00 1.00 4.00 41.33
203.00 278.00 1.00 4.00 35.94
506.00 71.00 1.00 1.00 96.49
504.00 517.00 1.00 4.00 41.23
137.00 513.00 1.00 2.00 161.49
491.00 313.00 1.00 3.00 126.30
183.00 141.00 1.00 4.00 89.56
199.00 246.00 1.00 5.00 127.32
507.00 483.00 1.00 4.00 65.33
412.00 454.00 0.00 4.00 108.00
16.00 502.00 1.00 1.00 113.98
112.00 403.00 1.00 1.00 45.43
37.00 305.00 0.00 4.00 189.09
193.00 228.00 0.00 1.00 80.51
503.00 442.00 1.00 3.00 192.94
489.00 495.00 1.00 3.00 59.77
303.00 404.00 1.00 1.00 65.42
461.00 507.00 0.00 3.00 148.14
274.00 308.00 1.00 2.00 143.70
344.00 250.00 0.00 5.00 122.35
28.00 398.00 0.00 2.00 37.80
78.00 247.00 1.00 3.00 113.47
101.00 245.00 1.00 4.00 137.35
489.00 183.00 1.00 4.00 160.68
128.00 418.00 1.00 2.00 155.52
487.00 403.00 0.00 5.00 85.52
357.00 81.00 1.00 5.00 68.79
516.00 419.00 0.00 2.00 135.02
507.00 491.00 0.00 3.00 180.98
146.00 344.00 1.00 5.00 96.68
499.00 512.00 1.00 3.00 48.71
93.00 291.00 0.00 4.00 48.44
509.00 435.00 0.00 1.00 180.09
85.00 496.00 1.00 2.00 109.74
125.00 502.00 1.00 3.00 159.41
80.00 153.00 1.00 2.00 157.19
486.00 88.00 1.00 5.00 105.92
152.00 516.00 0.00 2.00 31.45
494.00 487.00 0.00 1.00 162.99
436.00 417.00 1.00 4.00 198.59
423.00 489.00 0.00 2.00 154.71
515.00 510.00 1.00 1.00 191.46
494.00 345.00 1.00 1.00 190.30
492.00 233.00 1.00 4.00 188.52
492.00 502.00 0.00 5.00 39.77
259.00 515.00 0.00 4.00 118.76
405.00 504.00 0.00 3.00 84.69
217.00 473.00 1.00 1.00 186.75
376.00 487.00 1.00 5.00 86.37
273.00 485.00 1.00 5.00 41.61
517.00 497.00 1.00 1.00 162.58
