491.00 500.00 0.00 1.00 149.22
495.00 487.00 0.00 3.00 79.96
177.00 178.00 0.00 1.00 139.22
488.00 161.00 1.00 1.00 188.11
60.00 507.00 0.00 4.00 138.03
437.00 102.00 1.00 3.00 87.12
513.00 475.00 0.00 1.00 31.49
514.00 507.00 1.00 4.00 192.83
481.00 515.00 0.00 1.00 72.21
310.00 6.00 1.00 3.00 184.19
215.00 16.00 1.00 4.00 135.66
494.00 487.00 0.00 5.00 88.16
510.00 500.00 1.00 1.00 143.08
499.00 505.00 1.00 2.00 110.98
511.00 146.00 1.00 4.00 144.83
510.00 503.00 1.00 5.00 102.27
237.00 360.00 0.00 5.00 179.80
512.00 492.00 0.00 4.00 161.24
402.00 501.00 1.00 1.00 53.14
442.00 330.00 1.00 2.00 161.07
515.00 224.00 0.00 1.00 50.11
297.00 373.00 0.00 3.00 38.75
488.00 493.00 1.00 1.00 128.04
169.00 234.00 1.00 4.00 36.17
424.00 497.00 1.00 1.00 102.00
343.00 513.00 0.00 5.00 71.32
494.00 487.00 1.00 3.00 73.56
516.00 192.00 1.00 2.00 183.89
459.00 416.00 0.00 3.00 53.51
487.00 118.00 0.00 3.00 51.58
20.00 517.00 1.00 1.00 93.05
7.00 514.00 1.00 4.00 61.12
20.00 507.00 0.00 2.00 95.41
3.00 112.00 0.00 5.00 43.30
489.00 144.00 1.00 5.00 155.87
502.00 488.00 0.00 5.00 82.87
324.00 489.00 0.00 5.00 112.69
98.00 500.00 1.00 3.00 93.49
436.00 496.00 0.00 1.00 113.32
476.00 494.00 1.00 2.00 195.09
494.00 360.00 1.00 3.00 156.31
160.00 504.00 0.00 1.00 193.83
93.00 503.00 1.00 2.00 129.47
193.00 494.00 1.00 5.00 124.52
513.00 488.00 1.00 1.00 51.69
251.00 489.00 1.00 3.00 112.43
325.00 487.00 0.00 5.00 125.28
158.00 266.00 0.00 4.00 129.82
341.00 498.00 0.00 5.00 125.32
516.00 237.00 0.00 2.00 67.99
491.00 186.00 1.00 3.00 45.18
513.00 475.00 1.00 5.00 158.11
493.00 452.00 1.00 3.00 110.43
507.00 162.00 1.00 1.00 93.46
221.00 206.00 1.00 3.00 46.81
458.00 319.00 1.00 2.00 182.57
116.00 497.00 0.00 4.00 197.76
449.00 239.00 1.00 4.00 67.74
493.00 205.00 1.00 3.00 143.69
497.00 491.00 0.00 5.00 78.12
504.00 490.00 0.00 4.00 79.96
411.00 298.00 1.00 4.00 143.90
498.00 489.00 0.00 1.00 149.00
158.00 461.00 1.00 5.00 58.26
515.00 39.00 1.00 1.00 154.84
346.00 82.00 0.00 5.00 194.09
117.00 488.00 0.00 4.00 142.13
123.00 514.00 1.00 3.00 162.01
509.00 517.00 1.00 5.00 123.37
499.00 489.00 0.00 3.00 163.27
516.00 507.00 1.00 4.00 159.97
516.00 317.00 0.00 2.00 83.42
41.00 209.00 0.00 1.00 139.42
429.00 56.00 1.00 3.00 142.01
398.00 499.00 1.00 3.00 39.18
495.00 503.00 0.00 5.00 38.43
488.00 363.00 1.00 3.00 165.04
510.00 516.00 1.00 5.00 93.21
497.00 435.00 0.00 2.00 44.37
486.00 377.00 0.00 4.00 96.65
500.00 184.00 1.00 1.00 164.16
505.00 499.00 1.00 2.00 74.89
296.00 496.00 0.00 5.00 144.60
320.00 490.00 0.00 3.00 154.18
201.00 505.00 0.00 5.00 173.48
499.00 502.00 1.00 3.00 65.26
458.00 486.00 1.00 5.00 168.33
507.00 308.00 1.00 3.00 165.52
111.00 220.00 1.00 1.00 119.86
490.00 497.00 1.00 2.00 170.21
503.00 366.00 1.00 4.00 38.45
505.00 510.00 1.00 2.00 126.84
515.00 500.00 0.00 2.00 192.51
162.00 488.00 0.00 1.00 117.79
386.00 475.00 0.00 1.00 84.74
281.00 269.00 0.00 5.00 188.34
273.00 490.00 0.00 2.00 44.03
212.00 512.00 1.00 2.00 119.75
513.00 503.00 0.00 4.00 172.38
290.00 487.00 1.00 2.00 147.28
492.00 305.00 1.00 1.00 114.40
489.00 328.00 1.00 4.00 109.63
196.00 515.00 0.00 2.00 37.21
450.00 119.00 0.00 1.00 165.87
517.00 77.00 1.00 5.00 127.77
341.00 509.00 0.00 2.00 98.50
155.00 377.00 0.00 2.00 108.57
489.00 495.00 1.00 5.00 173.76
492.00 81.00 0.00 3.00 71.02
499.00 491.00 1.00 4.00 198.95
487.00 238.00 0.00 5.00 129.03
489.00 433.00 0.00 3.00 62.63
381.00 149.00 0.00 5.00 43.63
512.00 62.00 0.00 3.00 171.27
505.00 150.00 0.00 1.00 32.69
337.00 492.00 0.00 4.00 163.04
335.00 515.00 0.00 2.00 149.34
417.00 387.00 1.00 3.00 80.27
514.00 265.00 0.00 4.00 113.65
503.00 487.00 1.00 1.00 59.32
78.00 357.00 1.00 5.00 141.95
321.00 503.00 0.00 1.00 34.76
512.00 48.00 1.00 2.00 95.46
464.00 488.00 0.00 5.00 41.26
504.00 512.00 1.00 3.00 83.76
511.00 495.00 0.00 2.00 164.63
274.00 110.00 1.00 4.00 107.38
508.00 494.00 1.00 4.00 139.88
84.00 318.00 0.00 1.00 195.99
510.00 18.00 0.00 5.00 188.55
513.00 306.00 0.00 4.00 164.83
500.00 515.00 1.00 1.00 62.80
62.00 302.00 1.00 3.00 116.99
486.00 494.00 0.00 3.00 112.21
500.00 490.00 1.00 3.00 162.54
499.00 405.00 0.00 1.00 82.63
14.00 250.00 1.00 5.00 130.55
516.00 451.00 1.00 2.00 48.37
399.00 514.00 1.00 2.00 102.89
499.00 369.00 0.00 5.00 199.02
498.00 488.00 1.00 2.00 155.73
136.00 9.00 1.00 5.00 102.12
509.00 430.00 0.00 4.00 142.85
496.00 276.00 0.00 3.00 187.93
104.00 501.00 1.00 2.00 174.72
236.00 491.00 1.00 1.00 47.18
59.00 471.00 0.00 2.00 33.23
496.00 392.00 0.00 4.00 115.34
504.00 260.00 0.00 1.00 156.96
346.00 98.00 1.00 2.00 150.53
110.00 312.00 0.00 1.00 196.96
468.00 276.00 1.00 4.00 114.60
494.00 514.00 0.00 1.00 52.67
395.00 281.00 1.00 1.00 177.89
505.00 209.00 1.00 1.00 135.10
489.00 485.00 0.00 5.00 104.24
464.00 336.00 0.00 3.00 97.65
182.00 211.00 1.00 5.00 172.83
504.00 513.00 0.00 5.00 89.18
293.00 508.00 1.00 3.00 59.66
489.00 307.00 0.00 5.00 101.57
413.00 513.00 0.00 1.00 169.11
502.00 439.00 1.00 1.00 141.03
270.00 96.00 1.00 5.00 52.23
488.00 511.00 0.00 4.00 120.92
404.00 340.00 1.00 5.00 162.80
496.00 93.00 1.00 3.00 53.76
409.00 432.00 0.00 4.00 45.04
495.00 138.00 1.00 5.00 96.37
492.00 505.00 0.00 3.00 58.09
156.00 103.00 0.00 4.00 108.34
489.00 251.00 0.00 5.00 88.64
107.00 62.00 1.00 5.00 197.54
231.00 495.00 0.00 2.00 123.13
510.00 487.00 0.00 2.00 47.47
468.00 487.00 1.00 3.00 131.11
503.00 281.00 0.00 1.00 97.29
130.00 516.00 1.00 5.00 134.00
503.00 470.00 0.00 2.00 69.73
487.00 494.00 0.00 2.00 109.30
505.00 493.00 0.00 1.00 111.34
510.00 150.00 0.00 5.00 155.12
322.00 362.00 0.00 2.00 197.43
194.00 493.00 1.00 5.00 74.73
380.00 498.00 1.00 3.00 130.48
471.00 352.00 1.00 2.00 194.60
47.00 496.00 0.00 5.00 165.94
498.00 491.00 1.00 2.00 40.42
497.00 515.00 0.00 4.00 76.76
500.00 506.00 0.00 5.00 168.78
494.00 511.00 0.00 2.00 104.20
446.00 311.00 1.00 5.00 106.72
135.00 307.00 1.00 3.00 125.05
490.00 514.00 1.00 5.00 104.56
354.00 298.00 0.00 4.00 155.05
18.00 230.00 0.00 3.00 108.76
344.00 126.00 0.00 5.00 139.19
293.00 489.00 1.00 3.00 183.31
5.00 370.00 0.00 4.00 67.12
192.00 491.00 0.00 2.00 63.57
503.00 491.00 1.00 4.00 162.37
318.00 491.00 1.00 4.00 170.38
498.00 93.00 1.00 3.00 179.62
514.00 508.00 0.00 1.00 103.38
495.00 23.00 1.00 4.00 186.61
516.00 300.00 0.00 3.00 116.65
347.00 516.00 0.00 5.00 120.04
330.00 114.00 0.00 5.00 44.79
507.00 3.00 1.00 5.00 140.37
508.00 92.00 1.00 5.00 166.29
499.00 76.00 0.00 2.00 38.30
116.00 405.00 1.00 4.00 113.12
513.00 501.00 0.00 2.00 119.70
182.00 506.00 1.00 5.00 101.96
512.00 506.00 0.00 3.00 100.01
495.00 471.00 1.00 3.00 166.61
186.00 302.00 1.00 2.00 193.92
494.00 508.00 0.00 1.00 169.38
489.00 514.00 1.00 3.00 61.75
371.00 505.00 1.00 3.00 142.70
487.00 394.00 0.00 3.00 85.82
370.00 87.00 0.00 2.00 67.55
424.00 279.00 1.00 2.00 61.88
204.00 179.00 1.00 5.00 95.89
458.00 495.00 0.00 2.00 31.69
500.00 216.00 1.00 1.00 57.98
279.00 21.00 1.00 2.00 98.28
7.00 513.00 1.00 5.00 162.18
517.00 128.00 0.00 2.00 47.42
419.00 171.00 1.00 4.00 120.85
409.00 460.00 0.00 3.00 60.90
492.00 500.00 0.00 1.00 136.94
487.00 52.00 0.00 4.00 140.53
500.00 487.00 0.00 1.00 51.30
515.00 17.00 0.00 3.00 123.28
512.00 505.00 0.00 1.00 157.43
328.00 516.00 0.00 5.00 48.57
452.00 370.00 1.00 2.00 159.04
506.00 495.00 1.00 3.00 105.24
493.00 515.00 1.00 3.00 156.32
31.00 491.00 1.00 3.00 196.07
412.00 397.00 1.00 2.00 124.83
98.00 394.00 1.00 3.00 79.93
152.00 334.00 0.00 1.00 133.88
136.00 317.00 1.00 4.00 43.96
496.00 510.00 1.00 4.00 67.12
507.00 325.00 1.00 1.00 100.54
427.00 287.00 0.00 5.00 99.02
151.00 510.00 0.00 4.00 73.99
509.00 150.00 0.00 1.00 40.39
492.00 230.00 0.00 5.00 90.99
505.00 53.00 0.00 1.00 40.02
234.00 509.00 0.00 1.00 46.04
382.00 504.00 1.00 1.00 68.69
123.00 512.00 0.00 4.00 191.60
409.00 250.00 0.00 1.00 130.04
498.00 493.00 1.00 3.00 78.92
497.00 35.00 1.00 5.00 36.17
240.00 471.00 0.00 5.00 33.57
499.00 488.00 0.00 5.00 122.23
155.00 505.00 1.00 1.00 126.58
503.00 508.00 1.00 1.00 191.51
201.00 487.00 0.00 4.00 183.72
486.00 501.00 1.00 5.00 108.78
291.00 59.00 0.00 2.00 125.60
512.00 273.00 1.00 4.00 128.22
475.00 497.00 0.00 1.00 87.38
500.00 490.00 1.00 1.00 168.53
39.00 495.00 0.00 5.00 172.36
292.00 511.00 1.00 1.00 176.49
513.00 368.00 0.00 3.00 180.35
112.00 156.00 0.00 2.00 155.14
486.00 222.00 0.00 2.00 36.69
91.00 149.00 1.00 3.00 122.24
503.00 300.00 0.00 4.00 152.26
513.00 2.00 1.00 4.00 99.67
500.00 504.00 1.00 5.00 110.31
502.00 283.00 0.00 2.00 65.40
508.00 135.00 0.00 4.00 146.68
460.00 127.00 0.00 5.00 105.98
111.00 280.00 1.00 5.00 57.30
437.00 515.00 0.00 1.00 163.93
294.00 512.00 1.00 3.00 63.45
504.00 212.00 0.00 3.00 109.91
434.00 222.00 0.00 5.00 62.46
490.00 509.00 0.00 5.00 164.77
517.00 504.00 0.00 1.00 63.94
489.00 108.00 0.00 1.00 187.69
18.00 167.00 0.00 1.00 51.27
408.00 486.00 0.00 1.00 170.04
516.00 505.00 1.00 1.00 137.54
466.00 417.00 1.00 2.00 184.89
512.00 505.00 0.00 4.00 103.72
476.00 510.00 1.00 2.00 161.20
288.00 48.00 1.00 4.00 143.86
486.00 65.00 0.00 5.00 147.25
497.00 41.00 0.00 4.00 42.94
44.00 109.00 0.00 2.00 37.71
98.00 332.00 1.00 4.00 125.39
7.00 328.00 0.00 3.00 31.11
513.00 493.00 0.00 3.00 155.52
466.00 501.00 1.00 2.00 174.87
498.00 515.00 0.00 3.00 88.88
515.00 509.00 1.00 3.00 77.60
395.00 353.00 1.00 3.00 136.20
35.00 442.00 0.00 3.00 185.24
463.00 496.00 0.00 5.00 82.50
4.00 422.00 0.00 2.00 63.67
320.00 492.00 0.00 4.00 199.76
452.00 516.00 1.00 5.00 186.98
458.00 352.00 1.00 1.00 102.28
493.00 487.00 1.00 5.00 50.36
177.00 117.00 1.00 3.00 62.37
509.00 491.00 1.00 2.00 167.81
468.00 368.00 0.00 2.00 131.71
182.00 498.00 1.00 4.00 46.67
21.00 397.00 0.00 3.00 163.32
261.00 489.00 0.00 3.00 196.39
412.00 244.00 1.00 5.00 67.53
517.00 430.00 0.00 5.00 61.56
206.00 498.00 1.00 3.00 189.03
183.00 494.00 0.00 2.00 77.40
510.00 496.00 1.00 2.00 189.48
510.00 490.00 0.00 1.00 163.26
499.00 515.00 1.00 5.00 182.79
256.00 202.00 1.00 2.00 49.25
490.00 80.00 0.00 2.00 59.10
91.00 183.00 0.00 5.00 103.42
131.00 142.00 0.00 1.00 177.04
130.00 242.00 1.00 4.00 155.16
493.00 433.00 0.00 5.00 166.92
132.00 513.00 0.00 3.00 155.11
508.00 13.00 1.00 2.00 132.60
516.00 497.00 1.00 2.00 83.08
160.00 177.00 0.00 1.00 114.21
174.00 302.00 0.00 2.00 93.58
503.00 487.00 0.00 1.00 76.47
153.00 499.00 0.00 2.00 91.40
498.00 491.00 1.00 4.00 168.67
503.00 136.00 1.00 4.00 110.24
507.00 493.00 1.00 1.00 155.46
97.00 494.00 0.00 1.00 185.24
305.00 220.00 0.00 2.00 140.21
441.00 470.00 0.00 5.00 185.91
248.00 499.00 0.00 4.00 32.20
268.00 378.00 0.00 4.00 107.62
506.00 181.00 0.00 4.00 94.62
160.00 495.00 1.00 2.00 150.27
326.00 24.00 0.00 5.00 30.40
310.00 120.00 1.00 5.00 92.03
503.00 490.00 0.00 5.00 62.17
517.00 487.00 0.00 2.00 45.95
510.00 302.00 0.00 3.00 148.35
351.00 511.00 0.00 5.00 183.25
313.00 187.00 0.00 2.00 33.83
164.00 504.00 0.00 4.00 59.28
486.00 509.00 0.00 5.00 171.43
96.00 500.00 1.00 5.00 133.13
504.00 516.00 0.00 1.00 37.09
497.00 503.00 0.00 1.00 41.17
510.00 95.00 0.00 1.00 138.41
504.00 486.00 1.00 5.00 37.45
492.00 230.00 1.00 2.00 110.56
87.00 368.00 0.00 3.00 83.75
355.00 165.00 0.00 1.00 176.41
162.00 274.00 1.00 2.00 186.90
322.00 490.00 1.00 2.00 34.85
500.00 327.00 0.00 5.00 124.58
432.00 418.00 1.00 4.00 102.17
92.00 488.00 1.00 3.00 83.35
513.00 486.00 0.00 3.00 148.82
500.00 221.00 0.00 2.00 137.34
502.00 400.00 0.00 3.00 97.68
513.00 502.00 0.00 5.00 174.56
43.00 381.00 0.00 5.00 66.23
510.00 505.00 1.00 1.00 75.41
501.00 490.00 1.00 1.00 180.87
224.00 2.00 1.00 2.00 43.53
482.00 176.00 1.00 2.00 168.24
120.00 52.00 0.00 2.00 85.59
514.00 507.00 1.00 3.00 139.99
497.00 517.00 1.00 4.00 174.92
421.00 155.00 0.00 4.00 44.70
515.00 507.00 1.00 4.00 33.86
503.00 12.00 0.00 2.00 181.24
495.00 506.00 0.00 3.00 42.96
180.00 243.00 1.00 1.00 198.18
161.00 511.00 1.00 4.00 116.60
429.00 486.00 1.00 1.00 51.00
56.00 320.00 0.00 5.00 33.81
516.00 487.00 0.00 4.00 130.65
327.00 406.00 0.00 2.00 62.44
503.00 492.00 1.00 5.00 79.70
509.00 489.00 1.00 1.00 104.28
157.00 486.00 1.00 5.00 43.34
4.00 490.00 0.00 1.00 43.31
306.00 513.00 0.00 3.00 184.33
516.00 495.00 1.00 4.00 144.42
511.00 139.00 0.00 2.00 48.91
491.00 517.00 1.00 1.00 85.21
491.00 512.00 1.00 2.00 187.51
87.00 64.00 0.00 3.00 143.38
487.00 203.00 1.00 4.00 180.45
356.00 487.00 0.00 1.00 140.92
507.00 516.00 0.00 4.00 137.78
507.00 294.00 1.00 2.00 132.48
496.00 269.00 1.00 5.00 69.53
253.00 504.00 0.00 2.00 93.64
497.00 511.00 1.00 4.00 67.77
479.00 284.00 0.00 3.00 70.15
508.00 498.00 0.00 1.00 120.36
511.00 504.00 1.00 1.00 31.07
494.00 515.00 1.00 1.00 159.08
498.00 506.00 0.00 4.00 65.55
488.00 147.00 1.00 5.00 92.43
22.00 35.00 1.00 4.00 30.51
259.00 502.00 1.00 3.00 196.17
508.00 513.00 0.00 2.00 177.55
200.00 506.00 0.00 4.00 138.20
475.00 494.00 0.00 4.00 94.24
366.00 510.00 1.00 4.00 53.10
494.00 187.00 0.00 2.00 94.98
178.00 506.00 1.00 1.00 62.40
508.00 496.00 1.00 2.00 138.57
211.00 288.00 1.00 2.00 98.55
490.00 111.00 0.00 2.00 35.06
378.00 389.00 1.00 4.00 102.79
504.00 496.00 1.00 3.00 151.66
517.00 254.00 1.00 1.00 148.96
80.00 489.00 1.00 4.00 50.84
103.00 513.00 1.00 5.00 43.81
224.00 112.00 0.00 1.00 186.69
209.00 270.00 0.00 4.00 175.20
516.00 52.00 0.00 1.00 195.50
269.00 486.00 0.00 1.00 43.74
5.00 474.00 0.00 1.00 130.45
418.00 103.00 0.00 3.00 167.76
268.00 397.00 1.00 4.00 91.21
225.00 505.00 1.00 5.00 173.04
495.00 507.00 0.00 1.00 101.99
407.00 516.00 0.00 1.00 161.06
486.00 311.00 0.00 4.00 54.62
331.00 441.00 1.00 1.00 184.39
93.00 506.00 1.00 1.00 138.45
397.00 515.00 0.00 1.00 192.62
238.00 188.00 0.00 1.00 141.06
204.00 80.00 1.00 1.00 85.54
489.00 43.00 1.00 2.00 42.05
491.00 177.00 1.00 5.00 175.32
82.00 445.00 1.00 1.00 175.93
513.00 438.00 1.00 4.00 170.15
511.00 94.00 1.00 4.00 160.56
436.00 497.00 0.00 2.00 186.13
510.00 445.00 1.00 5.00 111.83
512.00 490.00 0.00 1.00 193.71
501.00 473.00 0.00 4.00 68.80
92.00 48.00 1.00 3.00 122.56
510.00 393.00 1.00 1.00 160.03
180.00 144.00 0.00 5.00 164.90
516.00 497.00 1.00 1.00 71.25
510.00 515.00 1.00 4.00 56.64
482.00 134.00 0.00 2.00 198.72
510.00 486.00 1.00 5.00 120.32
514.00 449.00 1.00 4.00 169.44
508.00 502.00 1.00 4.00 183.33
497.00 363.00 1.00 2.00 186.28
489.00 498.00 0.00 3.00 76.17
500.00 514.00 0.00 4.00 128.92
491.00 507.00 0.00 2.00 108.86
181.00 329.00 0.00 3.00 99.18
505.00 465.00 0.00 4.00 142.47
331.00 501.00 1.00 3.00 77.90
168.00 491.00 1.00 5.00 162.73
489.00 508.00 0.00 5.00 199.97
494.00 510.00 0.00 4.00 33.45
511.00 381.00 0.00 3.00 59.33
411.00 275.00 0.00 1.00 89.98
504.00 11.00 1.00 1.00 80.03
512.00 406.00 1.00 1.00 124.46
229.00 497.00 1.00 2.00 177.73
512.00 94.00 1.00 4.00 195.35
397.00 304.00 1.00 5.00 170.51
238.00 468.00 1.00 1.00 42.98
191.00 91.00 1.00 3.00 139.29
299.00 429.00 0.00 5.00 118.76
495.00 505.00 0.00 3.00 151.02
505.00 517.00 0.00 2.00 55.18
408.00 86.00 1.00 1.00 80.21
513.00 179.00 1.00 1.00 108.45
284.00 305.00 1.00 4.00 193.77
96.00 510.00 1.00 1.00 51.08
511.00 127.00 1.00 1.00 172.06
511.00 489.00 1.00 3.00 138.68
510.00 503.00 0.00 2.00 99.68
257.00 237.00 1.00 4.00 77.19
508.00 498.00 1.00 5.00 78.53
509.00 500.00 0.00 4.00 164.66
305.00 514.00 0.00 2.00 33.63
78.00 517.00 0.00 5.00 66.11
503.00 331.00 0.00 1.00 129.41
503.00 495.00 1.00 5.00 179.21
500.00 147.00 1.00 1.00 56.36
488.00 498.00 0.00 5.00 98.37
496.00 510.00 1.00 4.00 89.90
500.00 105.00 1.00 4.00 100.10
495.00 203.00 0.00 4.00 71.09
287.00 498.00 1.00 1.00 196.87
499.00 489.00 1.00 1.00 172.13
11.00 115.00 1.00 5.00 139.52
508.00 498.00 1.00 4.00 87.68
5.00 512.00 0.00 1.00 55.92
515.00 499.00 1.00 2.00 61.81
491.00 149.00 1.00 3.00 148.19
332.00 470.00 1.00 5.00 199.03
497.00 505.00 0.00 5.00 67.29
511.00 140.00 1.00 3.00 100.80
515.00 432.00 1.00 5.00 110.23
362.00 487.00 0.00 5.00 168.23
48.00 516.00 0.00 1.00 96.24
512.00 162.00 0.00 4.00 92.70
144.00 166.00 1.00 4.00 101.43
498.00 455.00 0.00 2.00 94.64
488.00 113.00 1.00 3.00 93.29
508.00 497.00 1.00 1.00 159.06
515.00 490.00 1.00 1.00 93.15
230.00 489.00 1.00 3.00 135.89
332.00 18.00 0.00 3.00 121.86
166.00 513.00 0.00 1.00 140.16
430.00 330.00 0.00 5.00 176.09
457.00 388.00 1.00 1.00 129.91
491.00 486.00 1.00 1.00 93.64
512.00 502.00 1.00 5.00 30.66
120.00 354.00 1.00 5.00 74.76
488.00 74.00 0.00 4.00 162.26
306.00 506.00 1.00 2.00 107.56
503.00 58.00 1.00 1.00 83.77
350.00 502.00 1.00 4.00 182.21
495.00 305.00 0.00 4.00 166.70
517.00 186.00 1.00 2.00 194.45
118.00 52.00 0.00 3.00 85.06
249.00 493.00 0.00 2.00 129.14
486.00 501.00 0.00 2.00 188.53
504.00 493.00 0.00 4.00 125.99
105.00 77.00 1.00 3.00 83.30
488.00 305.00 0.00 1.00 172.50
516.00 489.00 1.00 5.00 53.47
69.00 318.00 0.00 4.00 107.25
309.00 246.00 0.00 3.00 174.69
500.00 61.00 0.00 4.00 186.83
71.00 507.00 1.00 3.00 33.84
338.00 501.00 0.00 5.00 111.40
301.00 308.00 1.00 4.00 84.22
493.00 505.00 0.00 1.00 73.81
500.00 288.00 0.00 2.00 180.98
508.00 516.00 0.00 2.00 49.59
500.00 257.00 0.00 4.00 31.59
483.00 71.00 0.00 5.00 187.10
510.00 324.00 0.00 4.00 166.73
497.00 510.00 1.00 4.00 53.98
371.00 493.00 1.00 5.00 62.33
314.00 65.00 0.00 3.00 182.83
274.00 506.00 0.00 2.00 52.82
446.00 278.00 0.00 2.00 111.47
488.00 100.00 0.00 2.00 141.36
502.00 491.00 0.00 4.00 141.19
440.00 321.00 1.00 4.00 175.42
507.00 268.00 1.00 4.00 81.95
491.00 172.00 0.00 3.00 146.64
381.00 269.00 1.00 1.00 120.94
430.00 40.00 0.00 5.00 144.08
396.00 312.00 0.00 4.00 185.64
501.00 504.00 0.00 2.00 179.52
456.00 147.00 0.00 1.00 186.70
506.00 494.00 0.00 2.00 175.83
204.00 286.00 1.00 2.00 110.60
500.00 260.00 0.00 3.00 98.09
14.00 496.00 1.00 3.00 149.13
385.00 355.00 1.00 1.00 166.30
495.00 501.00 0.00 3.00 173.87
500.00 490.00 1.00 4.00 148.05
344.00 66.00 1.00 1.00 186.49
493.00 486.00 0.00 1.00 116.16
230.00 207.00 0.00 1.00 47.94
89.00 123.00 0.00 3.00 198.97
507.00 357.00 1.00 1.00 101.58
492.00 515.00 1.00 3.00 71.43
490.00 504.00 0.00 5.00 73.44
512.00 492.00 0.00 4.00 102.41
500.00 516.00 0.00 5.00 64.45
108.00 276.00 1.00 5.00 150.13
516.00 91.00 1.00 1.00 97.25
43.00 107.00 1.00 2.00 182.32
33.00 507.00 1.00 1.00 164.06
329.00 320.00 0.00 1.00 124.44
403.00 490.00 0.00 1.00 131.17
498.00 274.00 0.00 2.00 149.68
194.00 457.00 0.00 2.00 140.99
506.00 494.00 1.00 4.00 50.79
514.00 490.00 1.00 3.00 110.26
8.00 512.00 0.00 4.00 111.57
434.00 318.00 0.00 3.00 115.99
512.00 505.00 1.00 1.00 177.85
32.00 512.00 0.00 4.00 58.97
512.00 101.00 0.00 3.00 101.10
385.00 80.00 1.00 5.00 103.13
372.00 22.00 1.00 1.00 91.93
490.00 223.00 1.00 5.00 114.11
498.00 510.00 0.00 2.00 32.88
6.00 322.00 0.00 2.00 35.01
497.00 195.00 1.00 2.00 58.51
505.00 487.00 1.00 5.00 94.49
236.00 160.00 1.00 2.00 123.84
495.00 490.00 1.00 2.00 188.92
495.00 503.00 1.00 1.00 149.16
219.00 498.00 0.00 3.00 145.43
352.00 249.00 0.00 5.00 39.67
515.00 276.00 0.00 5.00 182.45
505.00 495.00 0.00 2.00 41.60
516.00 510.00 1.00 2.00 186.53
504.00 488.00 1.00 1.00 75.23
24.00 505.00 0.00 4.00 184.95
118.00 506.00 1.00 3.00 161.82
503.00 319.00 1.00 4.00 49.69
23.00 97.00 0.00 4.00 106.56
395.00 513.00 0.00 5.00 35.14
251.00 493.00 1.00 3.00 146.34
515.00 416.00 1.00 3.00 40.50
517.00 186.00 1.00 5.00 90.09
494.00 207.00 1.00 2.00 132.47
83.00 496.00 0.00 1.00 77.87
496.00 432.00 1.00 5.00 196.67
7.00 360.00 0.00 1.00 103.74
207.00 457.00 1.00 5.00 96.13
510.00 498.00 0.00 2.00 169.69
167.00 482.00 0.00 3.00 89.07
233.00 95.00 0.00 1.00 162.15
500.00 420.00 0.00 2.00 44.05
516.00 508.00 1.00 4.00 111.92
513.00 337.00 1.00 5.00 182.86
245.00 504.00 0.00 4.00 116.90
247.00 475.00 0.00 1.00 34.96
494.00 502.00 0.00 1.00 114.90
494.00 155.00 1.00 2.00 139.40
196.00 497.00 1.00 2.00 110.40
372.00 48.00 0.00 4.00 129.50
515.00 343.00 0.00 2.00 85.33
97.00 363.00 0.00 1.00 36.41
504.00 517.00 0.00 1.00 61.12
495.00 78.00 1.00 1.00 136.51
416.00 40.00 1.00 3.00 55.89
506.00 421.00 1.00 3.00 77.05
514.00 146.00 1.00 2.00 35.65
176.00 346.00 1.00 3.00 55.97
511.00 489.00 1.00 4.00 80.65
332.00 512.00 0.00 5.00 91.67
490.00 209.00 0.00 3.00 55.27
18.00 308.00 1.00 5.00 163.08
503.00 491.00 0.00 2.00 125.55
69.00 490.00 1.00 5.00 56.03
70.00 505.00 1.00 2.00 81.11
496.00 85.00 0.00 5.00 123.78
493.00 514.00 0.00 1.00 119.31
505.00 500.00 1.00 3.00 170.82
103.00 511.00 1.00 4.00 99.97
487.00 514.00 1.00 5.00 188.86
486.00 514.00 0.00 1.00 184.82
505.00 511.00 1.00 5.00 99.51
152.00 26.00 1.00 2.00 37.13
277.00 492.00 1.00 1.00 35.98
84.00 488.00 0.00 1.00 54.12
287.00 512.00 1.00 4.00 55.46
25.00 444.00 1.00 2.00 97.05
513.00 340.00 0.00 5.00 79.59
149.00 303.00 0.00 1.00 37.29
504.00 493.00 0.00 5.00 94.35
505.00 143.00 1.00 5.00 150.19
514.00 492.00 0.00 3.00 140.61
517.00 511.00 0.00 1.00 67.84
392.00 497.00 0.00 5.00 139.54
501.00 333.00 0.00 3.00 180.15
505.00 242.00 0.00 5.00 99.39
507.00 492.00 0.00 1.00 42.54
16.00 499.00 1.00 4.00 78.23
39.00 513.00 0.00 2.00 80.84
517.00 492.00 1.00 2.00 139.35
503.00 486.00 1.00 5.00 81.22
49.00 489.00 1.00 2.00 134.36
515.00 509.00 1.00 2.00 153.24
173.00 78.00 1.00 1.00 119.60
293.00 44.00 0.00 4.00 128.53
396.00 234.00 1.00 5.00 116.10
503.00 218.00 0.00 3.00 75.64
147.00 60.00 0.00 3.00 106.93
500.00 507.00 1.00 5.00 81.91
503.00 514.00 0.00 2.00 59.19
501.00 111.00 1.00 5.00 91.40
493.00 508.00 1.00 4.00 85.93
91.00 498.00 1.00 2.00 190.21
487.00 499.00 1.00 4.00 171.39
514.00 493.00 0.00 1.00 125.40
372.00 495.00 1.00 3.00 198.78
496.00 134.00 0.00 5.00 142.71
425.00 501.00 1.00 1.00 180.98
496.00 149.00 0.00 4.00 83.94
353.00 260.00 1.00 4.00 128.83
157.00 509.00 1.00 5.00 74.76
486.00 343.00 1.00 4.00 171.33
66.00 150.00 0.00 3.00 173.51
47.00 489.00 0.00 3.00 141.48
488.00 310.00 0.00 1.00 143.79
409.00 489.00 1.00 3.00 174.61
507.00 82.00 1.00 5.00 185.29
500.00 443.00 0.00 4.00 195.87
513.00 295.00 1.00 5.00 51.12
492.00 435.00 0.00 4.00 51.68
307.00 500.00 0.00 2.00 172.90
37.00 373.00 0.00 4.00 128.12
343.00 498.00 1.00 4.00 194.03
31.00 505.00 1.00 5.00 169.80
491.00 459.00 0.00 2.00 44.91
285.00 501.00 1.00 3.00 129.79
511.00 370.00 0.00 5.00 196.09
503.00 320.00 0.00 5.00 199.49
505.00 487.00 0.00 2.00 65.65
514.00 498.00 1.00 1.00 190.56
406.00 509.00 0.00 1.00 174.67
512.00 270.00 1.00 2.00 177.52
481.00 151.00 1.00 5.00 34.86
504.00 516.00 1.00 5.00 107.03
492.00 80.00 0.00 1.00 50.72
515.00 293.00 1.00 4.00 48.47
493.00 190.00 0.00 3.00 143.52
49.00 276.00 0.00 5.00 164.35
130.00 512.00 0.00 2.00 145.18
125.00 489.00 1.00 2.00 140.70
497.00 508.00 0.00 5.00 158.42
497.00 491.00 1.00 3.00 96.75
499.00 510.00 1.00 1.00 65.45
188.00 281.00 1.00 2.00 122.52
203.00 220.00 0.00 1.00 188.27
210.00 485.00 1.00 4.00 55.01
283.00 516.00 0.00 4.00 152.20
161.00 491.00 1.00 2.00 104.90
508.00 200.00 1.00 4.00 70.73
495.00 365.00 1.00 5.00 161.78
503.00 53.00 1.00 3.00 79.75
118.00 453.00 1.00 5.00 75.34
174.00 515.00 0.00 2.00 97.25
28.00 500.00 0.00 5.00 66.80
493.00 504.00 0.00 5.00 135.44
508.00 501.00 0.00 3.00 130.58
509.00 498.00 1.00 4.00 186.74
283.00 177.00 1.00 3.00 131.01
233.00 501.00 1.00 3.00 48.83
492.00 374.00 0.00 4.00 169.14
489.00 516.00 0.00 2.00 34.66
515.00 356.00 1.00 4.00 76.61
495.00 376.00 0.00 3.00 47.44
492.00 132.00 0.00 5.00 164.01
503.00 488.00 0.00 1.00 152.70
344.00 303.00 0.00 2.00 102.31
44.00 247.00 0.00 2.00 180.44
498.00 125.00 0.00 3.00 70.99
504.00 491.00 1.00 4.00 100.86
508.00 502.00 0.00 3.00 45.38
488.00 125.00 0.00 3.00 168.39
503.00 157.00 1.00 3.00 116.12
495.00 486.00 0.00 2.00 51.89
397.00 514.00 1.00 2.00 88.74
451.00 253.00 0.00 3.00 188.95
75.00 102.00 1.00 4.00 88.81
487.00 54.00 1.00 4.00 143.88
498.00 517.00 0.00 5.00 49.76
155.00 32.00 0.00 2.00 63.92
503.00 498.00 0.00 3.00 87.05
476.00 495.00 0.00 5.00 196.37
17.00 130.00 0.00 4.00 31.64
516.00 505.00 1.00 4.00 50.13
502.00 514.00 0.00 2.00 105.65
487.00 60.00 1.00 4.00 147.97
19.00 511.00 0.00 2.00 147.47
226.00 508.00 1.00 5.00 83.52
510.00 305.00 0.00 4.00 143.83
486.00 342.00 0.00 4.00 47.39
492.00 346.00 1.00 3.00 84.55
505.00 259.00 1.00 4.00 38.38
342.00 251.00 1.00 5.00 41.48
381.00 504.00 0.00 2.00 31.70
487.00 492.00 0.00 5.00 197.32
516.00 500.00 1.00 5.00 107.05
203.00 437.00 0.00 4.00 101.23
491.00 508.00 0.00 5.00 39.04
381.00 403.00 1.00 2.00 83.86
101.00 375.00 1.00 4.00 51.70
490.00 454.00 1.00 1.00 80.28
320.00 364.00 0.00 3.00 118.95
155.00 19.00 0.00 4.00 94.60
490.00 502.00 1.00 5.00 173.07
517.00 391.00 1.00 3.00 71.23
513.00 30.00 1.00 2.00 145.62
390.00 224.00 0.00 4.00 138.80
511.00 486.00 0.00 4.00 148.92
80.00 439.00 1.00 5.00 48.35
499.00 490.00 1.00 2.00 176.41
503.00 490.00 1.00 1.00 79.26
478.00 495.00 1.00 2.00 46.42
498.00 514.00 1.00 4.00 166.89
176.00 151.00 1.00 4.00 142.19
495.00 516.00 0.00 2.00 50.03
512.00 128.00 1.00 4.00 78.51
76.00 505.00 0.00 1.00 113.64
501.00 307.00 1.00 2.00 190.55
407.00 136.00 0.00 4.00 154.61
296.00 1.00 0.00 2.00 38.74
496.00 13.00 1.00 2.00 172.79
273.00 514.00 0.00 2.00 178.16
349.00 491.00 0.00 1.00 197.54
378.00 515.00 0.00 5.00 65.13
243.00 498.00 1.00 5.00 132.09
493.00 218.00 0.00 1.00 53.43
517.00 204.00 1.00 5.00 111.57
516.00 147.00 0.00 3.00 173.49
502.00 230.00 0.00 3.00 72.53
170.00 507.00 0.00 1.00 167.15
505.00 493.00 1.00 2.00 68.74
415.00 332.00 0.00 3.00 75.95
488.00 509.00 1.00 1.00 170.09
509.00 413.00 0.00 4.00 116.46
512.00 501.00 1.00 3.00 197.34
473.00 498.00 0.00 4.00 97.83
11.00 496.00 0.00 2.00 181.39
347.00 463.00 0.00 2.00 57.21
515.00 503.00 0.00 4.00 33.17
396.00 504.00 0.00 5.00 100.72
501.00 432.00 0.00 2.00 83.61
498.00 509.00 1.00 2.00 57.73
418.00 21.00 1.00 5.00 57.36
514.00 487.00 0.00 3.00 95.11
454.00 498.00 1.00 1.00 47.78
511.00 334.00 1.00 5.00 154.53
20.00 115.00 0.00 3.00 110.84
500.00 491.00 1.00 5.00 146.51
489.00 510.00 1.00 5.00 197.72
440.00 361.00 0.00 2.00 95.87
507.00 321.00 0.00 5.00 186.23
493.00 487.00 0.00 3.00 86.17
514.00 494.00 0.00 1.00 142.73
414.00 495.00 0.00 5.00 48.84
457.00 494.00 0.00 5.00 108.67
357.00 505.00 1.00 2.00 197.99
512.00 487.00 0.00 5.00 184.95
516.00 504.00 0.00 5.00 143.54
486.00 458.00 0.00 5.00 165.28
514.00 504.00 1.00 1.00 61.26
494.00 504.00 1.00 1.00 48.02
512.00 177.00 1.00 5.00 93.85
296.00 498.00 0.00 1.00 190.28
243.00 400.00 1.00 5.00 89.46
501.00 512.00 0.00 5.00 95.42
505.00 189.00 0.00 4.00 84.24
187.00 498.00 0.00 4.00 155.54
514.00 494.00 1.00 5.00 112.32
510.00 500.00 0.00 4.00 182.09
494.00 399.00 0.00 2.00 183.82
506.00 516.00 1.00 3.00 179.51
82.00 486.00 0.00 2.00 199.94
361.00 354.00 0.00 4.00 77.49
502.00 508.00 1.00 4.00 151.00
506.00 492.00 0.00 5.00 197.18
489.00 498.00 1.00 1.00 176.68
489.00 494.00 1.00 2.00 146.04
514.00 41.00 1.00 3.00 121.81
117.00 499.00 1.00 3.00 111.67
94.00 123.00 0.00 3.00 77.53
516.00 369.00 0.00 3.00 87.36
490.00 168.00 0.00 4.00 179.80
168.00 222.00 0.00 2.00 176.63
490.00 504.00 0.00 5.00 117.42
400.00 369.00 1.00 4.00 139.57
277.00 515.00 0.00 3.00 132.83
487.00 497.00 1.00 5.00 71.48
488.00 509.00 0.00 2.00 118.85
495.00 514.00 0.00 3.00 138.00
495.00 489.00 1.00 4.00 147.72
163.00 365.00 1.00 5.00 110.75
492.00 94.00 1.00 2.00 102.63
68.00 39.00 1.00 1.00 192.46
505.00 498.00 0.00 5.00 150.33
412.00 204.00 1.00 2.00 186.58
493.00 332.00 1.00 4.00 82.05
486.00 511.00 0.00 3.00 71.97
391.00 517.00 1.00 5.00 139.78
310.00 428.00 0.00 4.00 119.25
498.00 60.00 1.00 2.00 149.28
503.00 332.00 0.00 3.00 79.21
171.00 515.00 1.00 3.00 168.27
503.00 401.00 0.00 1.00 102.02
514.00 198.00 1.00 2.00 130.28
486.00 210.00 1.00 4.00 57.67
487.00 508.00 1.00 5.00 134.24
504.00 368.00 0.00 3.00 189.65
183.00 510.00 0.00 2.00 35.15
496.00 122.00 1.00 5.00 153.15
175.00 491.00 1.00 4.00 129.66
389.00 356.00 0.00 1.00 82.21
132.00 499.00 0.00 5.00 61.17
488.00 434.00 1.00 5.00 80.91
492.00 514.00 0.00 2.00 95.89
509.00 359.00 0.00 3.00 97.61
198.00 330.00 1.00 2.00 51.20
287.00 513.00 1.00 1.00 44.75
157.00 393.00 1.00 3.00 90.98
500.00 516.00 0.00 5.00 54.17
10.00 516.00 1.00 5.00 88.97
114.00 501.00 0.00 2.00 148.80
499.00 84.00 0.00 1.00 61.30
505.00 487.00 0.00 4.00 101.83
348.00 515.00 0.00 1.00 113.91
444.00 514.00 1.00 4.00 116.62
499.00 115.00 1.00 1.00 91.65
477.00 173.00 1.00 2.00 73.44
494.00 226.00 0.00 3.00 89.82
62.00 24.00 1.00 3.00 174.89
506.00 175.00 0.00 3.00 108.32
496.00 503.00 0.00 5.00 130.95
345.00 325.00 0.00 2.00 128.48
491.00 504.00 1.00 5.00 73.19
12.00 506.00 1.00 2.00 107.53
338.00 81.00 1.00 2.00 189.49
490.00 407.00 0.00 1.00 145.43
163.00 499.00 0.00 3.00 85.97
488.00 286.00 1.00 3.00 71.46
510.00 475.00 0.00 1.00 147.37
511.00 354.00 1.00 2.00 153.34
452.00 511.00 0.00 2.00 30.99
217.00 114.00 0.00 4.00 177.67
317.00 500.00 0.00 4.00 173.48
329.00 503.00 0.00 1.00 131.92
517.00 396.00 1.00 5.00 122.69
494.00 3.00 1.00 3.00 70.83
501.00 108.00 1.00 2.00 75.46
517.00 342.00 0.00 5.00 175.35
499.00 411.00 1.00 3.00 67.97
501.00 509.00 0.00 1.00 159.26
312.00 324.00 0.00 2.00 117.14
41.00 453.00 1.00 5.00 177.37
106.00 98.00 0.00 4.00 67.55
505.00 493.00 1.00 1.00 93.10
260.00 486.00 1.00 5.00 82.89
498.00 506.00 1.00 1.00 186.49
501.00 219.00 1.00 2.00 107.88
496.00 480.00 1.00 3.00 65.03
500.00 495.00 0.00 2.00 35.96
293.00 500.00 1.00 5.00 114.62
487.00 387.00 0.00 4.00 187.43
317.00 511.00 0.00 4.00 99.50
502.00 408.00 0.00 2.00 156.94
507.00 492.00 1.00 5.00 111.64
488.00 507.00 0.00 3.00 140.52
72.00 371.00 0.00 4.00 139.12
502.00 273.00 1.00 1.00 32.56
411.00 211.00 1.00 5.00 153.82
18.00 37.00 1.00 2.00 31.85
516.00 502.00 1.00 2.00 67.23
496.00 135.00 1.00 2.00 148.68
192.00 29.00 0.00 4.00 110.51
505.00 279.00 0.00 5.00 111.36
497.00 510.00 1.00 4.00 143.09
515.00 495.00 1.00 3.00 156.22
266.00 294.00 0.00 5.00 127.53
508.00 436.00 0.00 4.00 83.50
324.00 187.00 1.00 1.00 132.63
489.00 499.00 1.00 2.00 113.69
54.00 369.00 1.00 4.00 53.97
487.00 94.00 1.00 1.00 87.70
385.00 495.00 0.00 3.00 43.84
398.00 490.00 0.00 2.00 159.80
496.00 516.00 0.00 4.00 151.80
263.00 486.00 0.00 5.00 115.12
331.00 495.00 0.00 2.00 135.14
96.00 486.00 1.00 1.00 182.27
25.00 223.00 0.00 5.00 131.39
517.00 69.00 0.00 1.00 74.21
448.00 490.00 1.00 5.00 152.57
506.00 487.00 0.00 5.00 78.62
514.00 373.00 1.00 4.00 85.68
268.00 511.00 1.00 2.00 129.23
374.00 0.00 1.00 5.00 157.13
135.00 511.00 0.00 3.00 156.69
43.00 489.00 1.00 3.00 31.46
511.00 196.00 0.00 1.00 83.77
16.00 516.00 0.00 2.00 184.40
472.00 498.00 0.00 1.00 185.91
492.00 426.00 1.00 5.00 65.21
507.00 486.00 1.00 1.00 179.40
508.00 393.00 0.00 1.00 196.53
152.00 6.00 0.00 4.00 49.65
492.00 514.00 1.00 4.00 119.06
495.00 502.00 1.00 4.00 187.10
499.00 175.00 0.00 4.00 163.82
396.00 492.00 1.00 4.00 42.70
144.00 47.00 1.00 3.00 85.30
306.00 501.00 0.00 3.00 130.45
515.00 37.00 1.00 5.00 161.21
310.00 412.00 1.00 3.00 156.74
509.00 321.00 1.00 5.00 180.05
493.00 498.00 1.00 4.00 89.24
494.00 371.00 1.00 5.00 125.49
499.00 221.00 1.00 1.00 56.83
180.00 9.00 0.00 2.00 77.65
209.00 510.00 0.00 2.00 157.68
346.00 93.00 0.00 4.00 58.86
495.00 503.00 0.00 3.00 195.96
407.00 490.00 0.00 1.00 198.80
504.00 58.00 1.00 1.00 142.31
497.00 503.00 0.00 2.00 69.32
496.00 514.00 1.00 5.00 170.26
516.00 313.00 0.00 1.00 179.22
504.00 222.00 0.00 5.00 36.89
162.00 79.00 1.00 5.00 97.59
133.00 498.00 1.00 2.00 154.58
157.00 495.00 0.00 5.00 195.79
512.00 486.00 1.00 1.00 59.46
516.00 366.00 1.00 3.00 151.90
363.00 491.00 0.00 5.00 136.28
512.00 496.00 0.00 4.00 171.74
118.00 492.00 1.00 1.00 46.74
349.00 61.00 0.00 1.00 107.66
510.00 212.00 1.00 3.00 46.51
512.00 496.00 0.00 5.00 124.78
249.00 498.00 1.00 4.00 107.86
498.00 492.00 0.00 4.00 92.66
492.00 516.00 0.00 3.00 30.65
515.00 488.00 1.00 5.00 99.77
34.00 502.00 0.00 3.00 153.92
515.00 500.00 0.00 5.00 73.39
497.00 502.00 1.00 1.00 128.99
366.00 6.00 1.00 4.00 110.33
267.00 301.00 0.00 2.00 155.54
8.00 253.00 1.00 1.00 36.24
501.00 507.00 0.00 1.00 84.81
206.00 419.00 0.00 3.00 190.75
492.00 511.00 1.00 2.00 91.09
510.00 379.00 1.00 5.00 45.24
141.00 487.00 0.00 2.00 31.28
90.00 350.00 1.00 5.00 54.59
503.00 140.00 1.00 3.00 126.00
500.00 338.00 1.00 5.00 67.09
496.00 517.00 1.00 2.00 136.95
516.00 245.00 1.00 1.00 162.18
491.00 508.00 0.00 2.00 49.41
44.00 492.00 0.00 1.00 135.73
502.00 495.00 1.00 5.00 121.84
514.00 497.00 1.00 4.00 109.82
449.00 75.00 1.00 1.00 185.99
327.00 488.00 1.00 5.00 71.32
502.00 515.00 0.00 4.00 60.88
514.00 507.00 0.00 4.00 113.63
493.00 121.00 1.00 3.00 113.27
354.00 178.00 1.00 1.00 110.71
507.00 491.00 1.00 2.00 111.81
500.00 505.00 1.00 2.00 143.08
495.00 503.00 0.00 2.00 162.65
489.00 496.00 0.00 2.00 145.42
489.00 425.00 1.00 1.00 103.46
254.00 493.00 1.00 5.00 59.60
71.00 494.00 0.00 4.00 157.72
325.00 221.00 1.00 3.00 180.98
54.00 489.00 0.00 5.00 154.71
72.00 399.00 1.00 3.00 170.98
504.00 515.00 0.00 4.00 158.91
297.00 8.00 1.00 4.00 178.95
72.00 424.00 1.00 5.00 45.85
492.00 443.00 0.00 1.00 173.73
504.00 171.00 0.00 5.00 140.21
296.00 511.00 0.00 5.00 104.37
512.00 489.00 0.00 2.00 49.45
291.00 16.00 0.00 2.00 142.94
44.00 512.00 1.00 2.00 141.12
282.00 514.00 1.00 5.00 103.50
511.00 490.00 1.00 1.00 99.69
313.00 485.00 1.00 2.00 90.22
275.00 503.00 0.00 4.00 78.65
513.00 123.00 0.00 4.00 90.49
211.00 497.00 0.00 4.00 50.83
190.00 512.00 1.00 3.00 167.78
389.00 108.00 0.00 3.00 111.67
511.00 86.00 0.00 2.00 51.42
492.00 514.00 1.00 1.00 157.04
514.00 324.00 1.00 1.00 103.68
304.00 116.00 1.00 1.00 115.52
89.00 501.00 0.00 1.00 127.53
486.00 164.00 0.00 2.00 48.95
510.00 412.00 1.00 1.00 95.14
44.00 507.00 0.00 1.00 64.58
515.00 489.00 1.00 5.00 73.67
507.00 490.00 0.00 3.00 148.25
489.00 498.00 0.00 4.00 61.87
502.00 516.00 1.00 4.00 158.04
231.00 517.00 0.00 2.00 36.48
30.00 501.00 1.00 2.00 185.59
509.00 502.00 0.00 3.00 160.61
508.00 487.00 1.00 3.00 134.43
488.00 431.00 0.00 1.00 31.95
186.00 490.00 1.00 5.00 199.23
495.00 502.00 0.00 3.00 161.41
511.00 213.00 0.00 5.00 175.68
491.00 425.00 0.00 5.00 54.75
139.00 148.00 0.00 1.00 134.91
117.00 503.00 0.00 3.00 132.68
434.00 512.00 0.00 1.00 104.58
360.00 515.00 0.00 3.00 164.55
340.00 420.00 0.00 2.00 73.15
368.00 202.00 0.00 2.00 65.62
94.00 491.00 1.00 3.00 54.44
491.00 361.00 1.00 5.00 191.67
504.00 7.00 0.00 3.00 97.55
491.00 498.00 0.00 2.00 110.31
222.00 11.00 0.00 4.00 109.55
504.00 74.00 1.00 2.00 54.90
137.00 70.00 0.00 2.00 192.67
98.00 495.00 0.00 5.00 180.48
493.00 510.00 1.00 2.00 142.10
447.00 378.00 0.00 4.00 187.10
505.00 514.00 0.00 4.00 104.70
502.00 510.00 0.00 2.00 104.87
507.00 492.00 0.00 1.00 63.78
240.00 510.00 0.00 4.00 148.50
514.00 505.00 1.00 2.00 42.98
76.00 54.00 1.00 1.00 54.18
306.00 377.00 0.00 4.00 155.28
118.00 503.00 1.00 3.00 195.80
234.00 500.00 0.00 4.00 168.46
502.00 231.00 0.00 3.00 135.45
502.00 316.00 0.00 2.00 170.95
506.00 500.00 0.00 3.00 41.80
488.00 503.00 1.00 1.00 113.76
511.00 15.00 0.00 2.00 77.77
304.00 509.00 0.00 2.00 141.22
176.00 399.00 1.00 5.00 127.37
509.00 515.00 0.00 2.00 165.45
517.00 25.00 1.00 2.00 55.88
512.00 105.00 0.00 3.00 130.85
498.00 502.00 0.00 1.00 91.96
502.00 313.00 0.00 4.00 30.11
339.00 240.00 0.00 3.00 101.70
496.00 167.00 0.00 5.00 106.32
510.00 269.00 1.00 5.00 161.20
487.00 514.00 0.00 3.00 77.87
206.00 507.00 0.00 3.00 38.92
198.00 30.00 1.00 5.00 150.93
33.00 205.00 1.00 2.00 156.28
230.00 163.00 1.00 4.00 93.09
508.00 145.00 1.00 4.00 116.86
493.00 80.00 1.00 5.00 102.85
38.00 512.00 1.00 2.00 80.34
185.00 494.00 0.00 5.00 73.76
511.00 39.00 1.00 5.00 186.33
513.00 490.00 0.00 1.00 124.61
400.00 344.00 1.00 3.00 49.47
512.00 492.00 0.00 4.00 51.28
335.00 516.00 0.00 1.00 192.72
488.00 495.00 1.00 4.00 174.24
215.00 501.00 0.00 2.00 150.70
510.00 502.00 1.00 1.00 47.44
143.00 228.00 1.00 4.00 135.39
93.00 297.00 1.00 1.00 41.60
513.00 506.00 0.00 3.00 162.47
502.00 511.00 1.00 4.00 119.20
514.00 503.00 1.00 5.00 59.82
280.00 142.00 0.00 2.00 127.95
133.00 491.00 0.00 4.00 44.32
494.00 473.00 1.00 1.00 63.71
286.00 501.00 0.00 3.00 78.51
501.00 517.00 1.00 5.00 140.28
167.00 489.00 0.00 4.00 134.35
506.00 353.00 0.00 5.00 133.11
399.00 493.00 1.00 4.00 64.09
491.00 514.00 0.00 4.00 47.09
157.00 515.00 1.00 5.00 161.33
183.00 269.00 1.00 3.00 102.07
306.00 417.00 0.00 2.00 160.65
506.00 517.00 1.00 5.00 155.14
517.00 6.00 0.00 1.00 47.60
498.00 505.00 0.00 1.00 98.49
261.00 122.00 0.00 1.00 42.00
322.00 355.00 0.00 5.00 65.39
453.00 512.00 0.00 5.00 89.97
309.00 493.00 0.00 2.00 69.49
40.00 513.00 0.00 5.00 129.59
490.00 181.00 0.00 1.00 72.25
9.00 317.00 0.00 1.00 136.07
289.00 242.00 0.00 4.00 189.12
28.00 506.00 1.00 5.00 104.84
488.00 49.00 1.00 2.00 98.26
493.00 34.00 1.00 3.00 184.01
441.00 131.00 1.00 4.00 70.77
486.00 499.00 0.00 3.00 106.36
499.00 136.00 0.00 1.00 86.92
494.00 79.00 0.00 1.00 185.83
204.00 488.00 0.00 1.00 191.03
386.00 512.00 1.00 5.00 118.18
176.00 502.00 1.00 1.00 95.34
514.00 257.00 0.00 1.00 78.41
274.00 327.00 0.00 3.00 99.61
430.00 481.00 1.00 1.00 156.65
498.00 370.00 0.00 1.00 150.93
99.00 331.00 1.00 2.00 167.97
505.00 501.00 1.00 5.00 93.05
508.00 369.00 0.00 5.00 191.30
501.00 511.00 1.00 2.00 115.81
511.00 252.00 1.00 1.00 174.02
511.00 482.00 1.00 3.00 44.29
512.00 101.00 0.00 1.00 103.51
369.00 121.00 1.00 2.00 160.89
506.00 499.00 0.00 4.00 127.29
339.00 486.00 0.00 2.00 92.88
334.00 0.00 0.00 1.00 80.28
507.00 7.00 0.00 4.00 35.06
312.00 163.00 1.00 3.00 78.98
61.00 197.00 0.00 4.00 173.89
509.00 270.00 1.00 5.00 71.95
385.00 253.00 1.00 4.00 114.44
422.00 517.00 1.00 5.00 65.11
149.00 438.00 1.00 4.00 189.89
7.00 165.00 1.00 4.00 98.34
491.00 502.00 1.00 1.00 40.88
432.00 88.00 1.00 3.00 31.99
174.00 504.00 1.00 1.00 192.88
129.00 350.00 0.00 5.00 117.60
498.00 489.00 1.00 4.00 41.60
503.00 473.00 1.00 3.00 83.47
514.00 390.00 1.00 2.00 190.45
140.00 497.00 0.00 1.00 134.71
226.00 493.00 0.00 2.00 100.82
248.00 516.00 0.00 5.00 116.08
488.00 55.00 0.00 4.00 153.29
302.00 495.00 0.00 2.00 112.49
517.00 496.00 0.00 5.00 100.30
258.00 501.00 0.00 2.00 104.75
502.00 364.00 1.00 3.00 61.65
384.00 510.00 1.00 5.00 86.36
496.00 267.00 0.00 1.00 49.53
322.00 345.00 0.00 1.00 152.21
490.00 515.00 1.00 2.00 49.30
152.00 493.00 1.00 3.00 100.32
507.00 83.00 1.00 2.00 71.59
410.00 505.00 0.00 5.00 47.98
502.00 466.00 0.00 2.00 131.39
513.00 476.00 0.00 2.00 133.30
388.00 102.00 1.00 4.00 47.60
52.00 422.00 0.00 4.00 187.56
504.00 516.00 0.00 4.00 178.34
492.00 225.00 0.00 2.00 52.02
506.00 512.00 1.00 4.00 46.25
73.00 412.00 0.00 3.00 100.69
392.00 202.00 1.00 1.00 31.01
495.00 294.00 0.00 4.00 53.23
507.00 131.00 1.00 4.00 117.59
38.00 293.00 0.00 2.00 31.52
48.00 319.00 1.00 5.00 46.84
25.00 505.00 0.00 4.00 146.39
493.00 501.00 1.00 5.00 110.75
515.00 314.00 0.00 3.00 189.01
489.00 166.00 0.00 1.00 136.83
494.00 511.00 1.00 3.00 88.86
513.00 368.00 0.00 3.00 169.34
57.00 471.00 1.00 3.00 141.24
492.00 505.00 1.00 1.00 82.02
514.00 303.00 0.00 4.00 133.93
150.00 377.00 1.00 1.00 126.08
287.00 493.00 1.00 5.00 163.67
490.00 495.00 1.00 3.00 169.59
420.00 93.00 0.00 5.00 114.10
486.00 508.00 0.00 2.00 58.04
496.00 516.00 1.00 4.00 148.55
508.00 495.00 0.00 3.00 107.63
512.00 488.00 0.00 5.00 152.40
272.00 290.00 0.00 1.00 153.49
192.00 514.00 1.00 4.00 182.27
507.00 498.00 0.00 2.00 146.13
388.00 516.00 1.00 1.00 42.82
236.00 501.00 1.00 1.00 38.87
462.00 515.00 0.00 2.00 69.76
489.00 495.00 1.00 1.00 106.23
276.00 119.00 1.00 5.00 184.43
445.00 517.00 0.00 4.00 54.39
497.00 492.00 1.00 3.00 43.58
247.00 507.00 1.00 5.00 120.30
490.00 515.00 0.00 2.00 190.58
199.00 516.00 0.00 4.00 161.95
495.00 368.00 0.00 3.00 97.66
491.00 16.00 1.00 4.00 107.39
76.00 487.00 1.00 4.00 168.33
455.00 487.00 1.00 5.00 36.30
436.00 488.00 0.00 1.00 58.86
108.00 507.00 1.00 1.00 62.73
495.00 510.00 1.00 4.00 61.81
500.00 494.00 0.00 4.00 186.38
312.00 83.00 0.00 4.00 56.15
360.00 496.00 0.00 1.00 31.53
98.00 492.00 1.00 2.00 54.36
490.00 175.00 0.00 2.00 82.10
61.00 507.00 0.00 2.00 94.91
493.00 516.00 1.00 5.00 149.97
231.00 486.00 1.00 5.00 58.71
502.00 269.00 1.00 3.00 196.18
509.00 64.00 1.00 5.00 142.71
499.00 506.00 0.00 3.00 66.02
175.00 438.00 1.00 5.00 77.58
487.00 112.00 0.00 5.00 189.24
499.00 353.00 1.00 5.00 170.39
251.00 516.00 0.00 5.00 191.51
60.00 178.00 1.00 2.00 48.00
88.00 363.00 1.00 2.00 166.84
506.00 43.00 0.00 1.00 163.15
502.00 509.00 0.00 1.00 30.29
489.00 415.00 1.00 3.00 100.67
494.00 467.00 1.00 1.00 30.62
453.00 508.00 1.00 4.00 36.58
502.00 447.00 0.00 1.00 176.64
499.00 179.00 1.00 3.00 71.50
492.00 33.00 0.00 1.00 103.05
517.00 497.00 0.00 1.00 161.19
514.00 440.00 1.00 3.00 134.32
514.00 436.00 1.00 4.00 115.83
293.00 498.00 0.00 1.00 32.32
155.00 489.00 0.00 5.00 33.01
79.00 490.00 1.00 5.00 35.81
503.00 384.00 1.00 2.00 61.46
145.00 213.00 0.00 1.00 99.63
500.00 493.00 0.00 3.00 189.33
500.00 109.00 0.00 4.00 103.62
486.00 495.00 0.00 3.00 46.76
506.00 142.00 1.00 4.00 180.10
487.00 517.00 1.00 3.00 61.14
264.00 511.00 1.00 4.00 46.37
98.00 290.00 0.00 1.00 70.29
491.00 509.00 0.00 3.00 142.96
16.00 164.00 1.00 1.00 186.69
504.00 377.00 0.00 1.00 83.47
514.00 506.00 0.00 4.00 43.33
432.00 517.00 1.00 4.00 114.11
268.00 202.00 0.00 3.00 186.15
501.00 502.00 0.00 3.00 30.39
490.00 495.00 0.00 2.00 82.55
501.00 502.00 1.00 3.00 38.06
492.00 509.00 1.00 1.00 133.65
515.00 502.00 1.00 3.00 100.25
158.00 488.00 1.00 2.00 164.47
510.00 489.00 1.00 2.00 120.51
511.00 288.00 0.00 2.00 65.82
130.00 180.00 0.00 1.00 125.39
486.00 312.00 0.00 5.00 183.42
496.00 515.00 1.00 4.00 110.34
502.00 276.00 1.00 2.00 97.13
471.00 502.00 0.00 2.00 169.13
256.00 415.00 1.00 1.00 139.50
253.00 106.00 1.00 4.00 94.92
504.00 420.00 0.00 5.00 130.56
497.00 136.00 1.00 2.00 157.76
490.00 452.00 1.00 1.00 90.18
489.00 513.00 0.00 2.00 195.43
213.00 159.00 0.00 1.00 79.39
512.00 506.00 0.00 2.00 127.46
210.00 473.00 1.00 5.00 98.10
396.00 505.00 0.00 5.00 140.65
340.00 506.00 1.00 1.00 184.93
494.00 17.00 1.00 2.00 121.69
506.00 339.00 0.00 1.00 103.86
513.00 245.00 1.00 2.00 79.08
4.00 408.00 1.00 3.00 68.26
502.00 514.00 0.00 1.00 139.74
477.00 119.00 1.00 2.00 104.12
32.00 331.00 1.00 4.00 100.03
494.00 499.00 1.00 3.00 40.49
511.00 494.00 0.00 4.00 87.01
170.00 399.00 0.00 3.00 70.36
490.00 439.00 0.00 3.00 121.31
505.00 140.00 1.00 4.00 60.33
12.00 282.00 0.00 3.00 188.01
341.00 507.00 1.00 2.00 71.05
493.00 276.00 1.00 4.00 154.31
23.00 28.00 0.00 1.00 123.47
488.00 494.00 0.00 5.00 105.61
513.00 506.00 1.00 1.00 175.40
79.00 296.00 1.00 3.00 82.60
131.00 511.00 0.00 5.00 188.09
97.00 287.00 0.00 4.00 190.77
509.00 494.00 1.00 1.00 196.00
466.00 506.00 1.00 5.00 60.74
502.00 486.00 1.00 5.00 132.75
405.00 107.00 0.00 5.00 198.73
151.00 107.00 0.00 4.00 117.02
375.00 162.00 0.00 4.00 190.35
417.00 515.00 0.00 4.00 75.14
268.00 515.00 0.00 1.00 71.45
419.00 497.00 0.00 5.00 87.12
499.00 503.00 1.00 4.00 83.70
189.00 498.00 1.00 2.00 99.87
