365.00 477.00 0.00 1.00 157.81
442.00 493.00 1.00 3.00 90.18
206.00 391.00 1.00 3.00 42.72
493.00 487.00 0.00 3.00 156.80
497.00 215.00 1.00 1.00 109.05
481.00 248.00 0.00 3.00 81.00
148.00 502.00 0.00 2.00 47.74
489.00 7.00 0.00 5.00 142.12
495.00 466.00 1.00 3.00 193.64
488.00 500.00 1.00 1.00 198.23
412.00 515.00 1.00 5.00 160.86
494.00 486.00 0.00 5.00 128.18
476.00 501.00 1.00 1.00 64.29
325.00 512.00 1.00 5.00 47.82
490.00 507.00 0.00 3.00 110.32
499.00 419.00 0.00 1.00 184.93
149.00 506.00 1.00 1.00 192.99
500.00 42.00 1.00 4.00 44.73
8.00 488.00 1.00 4.00 44.72
463.00 363.00 1.00 2.00 82.89
500.00 245.00 0.00 1.00 138.69
516.00 5.00 1.00 2.00 112.53
219.00 489.00 1.00 1.00 83.12
500.00 96.00 0.00 1.00 143.68
116.00 511.00 0.00 3.00 186.37
456.00 491.00 0.00 2.00 142.92
136.00 195.00 1.00 4.00 121.89
509.00 441.00 1.00 5.00 37.02
509.00 495.00 1.00 2.00 196.14
120.00 447.00 0.00 2.00 71.77
110.00 489.00 0.00 2.00 105.98
186.00 205.00 1.00 1.00 105.26
505.00 495.00 1.00 4.00 37.87
248.00 421.00 1.00 3.00 61.41
507.00 95.00 0.00 4.00 152.30
417.00 491.00 1.00 1.00 96.86
490.00 497.00 1.00 2.00 39.70
493.00 486.00 1.00 1.00 104.95
27.00 224.00 0.00 1.00 134.18
501.00 516.00 0.00 3.00 160.58
509.00 31.00 0.00 5.00 47.69
495.00 325.00 0.00 2.00 168.94
495.00 502.00 0.00 2.00 116.15
514.00 506.00 1.00 3.00 46.20
117.00 167.00 1.00 3.00 76.81
323.00 151.00 1.00 4.00 117.41
515.00 503.00 0.00 5.00 83.68
323.00 500.00 0.00 2.00 129.66
502.00 488.00 0.00 5.00 116.25
199.00 501.00 0.00 1.00 38.20
492.00 368.00 1.00 3.00 194.26
497.00 50.00 0.00 2.00 123.86
288.00 512.00 0.00 5.00 114.93
497.00 418.00 1.00 2.00 162.95
503.00 486.00 1.00 2.00 140.43
504.00 268.00 1.00 2.00 129.91
513.00 257.00 0.00 2.00 86.51
191.00 497.00 1.00 2.00 111.92
511.00 499.00 1.00 2.00 156.71
301.00 494.00 1.00 4.00 171.97
243.00 479.00 1.00 5.00 188.63
498.00 56.00 0.00 1.00 66.89
515.00 499.00 0.00 3.00 90.82
440.00 89.00 0.00 5.00 54.79
494.00 271.00 1.00 2.00 114.06
341.00 309.00 0.00 3.00 66.77
504.00 489.00 1.00 4.00 125.98
117.00 285.00 1.00 2.00 142.43
501.00 507.00 0.00 2.00 168.11
494.00 517.00 0.00 5.00 115.32
515.00 510.00 1.00 4.00 95.36
517.00 209.00 0.00 3.00 98.05
496.00 107.00 1.00 3.00 145.00
433.00 70.00 0.00 1.00 162.05
345.00 300.00 0.00 2.00 30.63
468.00 489.00 1.00 2.00 97.55
405.00 148.00 1.00 3.00 32.70
77.00 489.00 1.00 3.00 177.51
498.00 423.00 1.00 3.00 121.13
495.00 31.00 0.00 1.00 131.46
504.00 513.00 1.00 4.00 126.14
145.00 493.00 0.00 2.00 100.03
514.00 490.00 0.00 3.00 34.15
498.00 487.00 1.00 5.00 80.04
488.00 433.00 1.00 3.00 195.70
317.00 505.00 0.00 4.00 68.80
227.00 360.00 0.00 5.00 41.66
359.00 509.00 0.00 1.00 30.66
509.00 475.00 0.00 1.00 112.25
516.00 250.00 1.00 1.00 178.99
515.00 489.00 1.00 4.00 86.27
513.00 504.00 0.00 5.00 49.47
498.00 35.00 1.00 4.00 58.23
371.00 240.00 0.00 4.00 61.12
390.00 316.00 1.00 3.00 88.51
487.00 289.00 1.00 5.00 87.32
336.00 496.00 0.00 2.00 52.08
358.00 153.00 0.00 2.00 166.02
498.00 504.00 1.00 3.00 138.23
503.00 491.00 0.00 3.00 155.57
493.00 516.00 1.00 4.00 144.44
509.00 330.00 0.00 3.00 67.34
178.00 486.00 0.00 2.00 142.55
495.00 298.00 1.00 1.00 75.28
500.00 495.00 1.00 2.00 58.09
444.00 451.00 1.00 2.00 37.33
496.00 90.00 0.00 4.00 184.00
515.00 492.00 1.00 3.00 122.61
393.00 334.00 0.00 1.00 73.57
179.00 363.00 0.00 3.00 78.88
181.00 122.00 0.00 3.00 91.44
115.00 488.00 0.00 3.00 176.33
256.00 7.00 0.00 4.00 85.53
512.00 80.00 0.00 5.00 193.16
490.00 89.00 1.00 4.00 59.14
468.00 184.00 0.00 3.00 177.21
79.00 506.00 1.00 2.00 196.96
504.00 352.00 1.00 4.00 180.25
336.00 504.00 0.00 4.00 136.66
269.00 130.00 1.00 3.00 114.08
507.00 220.00 1.00 3.00 168.86
191.00 98.00 0.00 3.00 142.84
45.00 516.00 1.00 2.00 60.09
516.00 193.00 0.00 1.00 140.88
501.00 490.00 1.00 2.00 69.05
395.00 500.00 1.00 3.00 168.76
499.00 206.00 0.00 2.00 31.77
158.00 126.00 0.00 4.00 184.13
177.00 272.00 0.00 2.00 119.17
517.00 501.00 0.00 5.00 86.45
214.00 487.00 1.00 1.00 110.40
491.00 502.00 0.00 5.00 199.85
494.00 515.00 0.00 2.00 58.06
320.00 493.00 0.00 5.00 55.67
504.00 515.00 1.00 2.00 148.03
493.00 509.00 0.00 5.00 34.81
511.00 500.00 1.00 2.00 96.87
486.00 502.00 1.00 4.00 96.90
500.00 128.00 1.00 1.00 112.46
494.00 211.00 1.00 4.00 93.08
515.00 466.00 1.00 2.00 48.67
488.00 26.00 1.00 2.00 124.41
509.00 488.00 0.00 1.00 99.84
508.00 492.00 1.00 1.00 125.21
492.00 502.00 1.00 1.00 69.97
498.00 511.00 1.00 2.00 167.51
493.00 73.00 1.00 3.00 190.02
186.00 513.00 0.00 4.00 111.33
135.00 304.00 0.00 4.00 127.43
213.00 501.00 0.00 3.00 172.96
95.00 73.00 0.00 1.00 44.05
499.00 487.00 1.00 3.00 106.07
516.00 497.00 0.00 4.00 100.21
494.00 436.00 1.00 5.00 53.09
258.00 472.00 1.00 5.00 42.01
502.00 467.00 1.00 3.00 41.07
500.00 511.00 1.00 4.00 139.10
426.00 201.00 1.00 5.00 122.09
493.00 512.00 1.00 3.00 153.51
16.00 157.00 1.00 5.00 157.28
297.00 413.00 1.00 3.00 74.32
508.00 514.00 0.00 1.00 56.14
501.00 312.00 0.00 1.00 59.42
511.00 499.00 0.00 5.00 51.13
508.00 133.00 1.00 3.00 75.74
193.00 486.00 0.00 3.00 133.61
49.00 274.00 1.00 4.00 82.45
440.00 509.00 0.00 2.00 196.62
493.00 29.00 0.00 5.00 69.71
149.00 494.00 1.00 3.00 159.39
240.00 257.00 0.00 3.00 72.16
215.00 329.00 0.00 2.00 67.23
13.00 58.00 1.00 4.00 46.26
489.00 235.00 0.00 2.00 69.08
141.00 394.00 1.00 5.00 65.23
492.00 508.00 1.00 1.00 75.38
517.00 198.00 0.00 4.00 191.35
148.00 493.00 0.00 4.00 113.68
477.00 490.00 0.00 2.00 169.94
353.00 153.00 0.00 4.00 116.01
497.00 249.00 0.00 1.00 96.98
313.00 2.00 1.00 1.00 181.53
500.00 515.00 1.00 5.00 189.98
488.00 265.00 0.00 1.00 179.33
282.00 15.00 1.00 5.00 115.66
517.00 426.00 0.00 5.00 72.15
399.00 112.00 0.00 5.00 51.99
512.00 423.00 0.00 3.00 112.32
503.00 271.00 1.00 1.00 42.40
486.00 510.00 0.00 4.00 43.62
489.00 507.00 1.00 2.00 56.30
190.00 317.00 1.00 3.00 163.42
502.00 501.00 0.00 2.00 62.26
517.00 508.00 1.00 2.00 166.81
149.00 43.00 1.00 4.00 114.27
497.00 515.00 1.00 4.00 153.93
19.00 277.00 0.00 2.00 111.53
85.00 507.00 0.00 1.00 121.90
318.00 294.00 1.00 3.00 118.31
149.00 351.00 1.00 4.00 92.31
495.00 57.00 1.00 3.00 102.06
500.00 492.00 0.00 1.00 168.19
131.00 170.00 0.00 4.00 188.16
385.00 42.00 1.00 1.00 143.46
492.00 368.00 1.00 1.00 105.14
191.00 500.00 0.00 1.00 61.04
269.00 513.00 0.00 3.00 76.29
273.00 517.00 0.00 3.00 56.00
487.00 516.00 0.00 4.00 124.56
5.00 226.00 1.00 3.00 164.58
1.00 506.00 0.00 1.00 176.84
346.00 134.00 0.00 3.00 70.29
219.00 514.00 1.00 1.00 105.00
96.00 493.00 0.00 4.00 181.28
503.00 497.00 0.00 5.00 53.57
387.00 511.00 1.00 1.00 121.20
476.00 231.00 1.00 1.00 111.73
495.00 188.00 1.00 5.00 182.51
197.00 318.00 0.00 4.00 182.03
111.00 426.00 1.00 2.00 152.66
237.00 488.00 0.00 2.00 48.89
401.00 362.00 1.00 1.00 171.45
503.00 285.00 1.00 5.00 40.60
120.00 493.00 1.00 2.00 170.58
504.00 105.00 1.00 3.00 125.59
341.00 517.00 1.00 5.00 34.84
160.00 499.00 0.00 1.00 199.29
362.00 158.00 0.00 3.00 105.27
449.00 477.00 1.00 3.00 187.36
509.00 516.00 1.00 4.00 100.93
12.00 278.00 0.00 4.00 150.65
501.00 492.00 1.00 5.00 69.61
478.00 264.00 1.00 1.00 163.13
22.00 488.00 0.00 5.00 52.48
509.00 496.00 0.00 4.00 66.95
122.00 47.00 0.00 2.00 42.69
486.00 501.00 1.00 3.00 75.18
490.00 501.00 0.00 3.00 162.96
500.00 411.00 1.00 4.00 43.70
493.00 310.00 1.00 1.00 176.60
372.00 494.00 1.00 2.00 122.94
188.00 494.00 0.00 3.00 118.77
486.00 513.00 0.00 5.00 32.38
488.00 509.00 0.00 1.00 179.36
409.00 516.00 1.00 4.00 144.49
167.00 152.00 0.00 1.00 62.89
113.00 223.00 1.00 4.00 169.76
486.00 500.00 0.00 2.00 121.38
18.00 492.00 0.00 4.00 92.67
515.00 499.00 1.00 3.00 62.67
476.00 488.00 0.00 5.00 108.50
504.00 409.00 1.00 1.00 150.82
216.00 514.00 0.00 1.00 184.26
497.00 226.00 1.00 2.00 94.57
492.00 512.00 0.00 4.00 146.16
22.00 503.00 0.00 1.00 99.26
351.00 188.00 0.00 3.00 189.25
491.00 498.00 1.00 3.00 130.92
75.00 203.00 1.00 3.00 185.79
494.00 95.00 1.00 1.00 192.00
508.00 514.00 0.00 3.00 186.02
44.00 486.00 0.00 1.00 93.78
493.00 487.00 1.00 2.00 170.06
511.00 495.00 0.00 3.00 52.79
127.00 492.00 1.00 4.00 79.21
116.00 56.00 1.00 3.00 123.08
492.00 504.00 0.00 5.00 128.53
28.00 156.00 0.00 1.00 118.55
413.00 516.00 1.00 5.00 178.52
488.00 210.00 1.00 3.00 106.36
142.00 489.00 0.00 1.00 121.02
506.00 489.00 1.00 1.00 33.18
515.00 407.00 0.00 4.00 49.81
502.00 514.00 0.00 5.00 165.50
509.00 491.00 0.00 3.00 161.62
498.00 202.00 0.00 1.00 111.95
492.00 314.00 1.00 2.00 177.39
163.00 516.00 1.00 1.00 129.30
516.00 379.00 1.00 5.00 92.60
216.00 463.00 1.00 3.00 32.97
494.00 514.00 1.00 4.00 160.72
355.00 396.00 0.00 1.00 166.33
349.00 517.00 0.00 2.00 33.19
489.00 232.00 0.00 5.00 155.05
12.00 105.00 0.00 4.00 94.98
204.00 279.00 0.00 4.00 110.21
380.00 515.00 1.00 1.00 195.51
246.00 82.00 1.00 1.00 169.69
154.00 328.00 1.00 2.00 93.98
433.00 486.00 1.00 4.00 189.15
504.00 63.00 1.00 5.00 185.39
450.00 343.00 1.00 2.00 169.14
504.00 495.00 1.00 5.00 46.91
496.00 513.00 1.00 3.00 141.52
503.00 408.00 1.00 2.00 153.75
475.00 491.00 0.00 3.00 99.91
417.00 497.00 1.00 4.00 181.58
490.00 503.00 1.00 3.00 79.78
496.00 507.00 0.00 3.00 138.05
513.00 457.00 1.00 1.00 116.15
488.00 517.00 0.00 2.00 75.47
512.00 81.00 0.00 5.00 166.79
516.00 499.00 0.00 4.00 85.50
264.00 517.00 1.00 1.00 189.78
511.00 486.00 1.00 5.00 141.15
350.00 322.00 1.00 3.00 41.67
505.00 200.00 0.00 3.00 138.90
513.00 489.00 1.00 1.00 175.74
496.00 507.00 0.00 2.00 163.17
422.00 85.00 1.00 3.00 193.80
271.00 31.00 0.00 4.00 106.24
496.00 407.00 0.00 2.00 50.34
517.00 503.00 1.00 4.00 130.15
504.00 490.00 1.00 5.00 80.44
268.00 497.00 1.00 4.00 70.07
348.00 460.00 0.00 5.00 183.72
486.00 305.00 0.00 1.00 160.38
509.00 503.00 0.00 2.00 38.12
165.00 171.00 0.00 1.00 77.63
497.00 517.00 1.00 2.00 180.27
8.00 499.00 1.00 3.00 33.86
432.00 344.00 0.00 2.00 197.32
80.00 196.00 0.00 1.00 146.59
282.00 510.00 1.00 4.00 86.00
211.00 172.00 0.00 3.00 139.79
511.00 495.00 1.00 1.00 34.78
504.00 246.00 1.00 1.00 110.11
510.00 504.00 1.00 4.00 154.70
168.00 41.00 1.00 4.00 94.75
66.00 508.00 0.00 5.00 108.99
505.00 194.00 0.00 5.00 134.83
418.00 235.00 1.00 3.00 75.38
516.00 241.00 0.00 2.00 178.42
109.00 361.00 0.00 2.00 61.31
232.00 493.00 1.00 1.00 66.95
506.00 284.00 1.00 1.00 194.50
498.00 514.00 1.00 5.00 105.30
20.00 444.00 1.00 5.00 109.38
513.00 493.00 0.00 2.00 104.65
510.00 499.00 0.00 3.00 158.29
486.00 492.00 1.00 1.00 141.78
415.00 8.00 1.00 1.00 91.27
254.00 501.00 1.00 5.00 195.04
97.00 511.00 1.00 4.00 110.86
508.00 515.00 0.00 3.00 113.54
508.00 336.00 0.00 4.00 35.43
95.00 511.00 1.00 5.00 76.38
420.00 502.00 0.00 4.00 174.39
516.00 398.00 0.00 3.00 79.15
217.00 467.00 0.00 3.00 84.25
506.00 341.00 0.00 1.00 163.19
225.00 489.00 1.00 4.00 110.39
498.00 23.00 1.00 5.00 61.93
128.00 490.00 0.00 4.00 190.44
496.00 134.00 0.00 1.00 77.03
375.00 55.00 0.00 3.00 35.45
357.00 497.00 0.00 4.00 44.60
513.00 501.00 1.00 2.00 93.31
190.00 189.00 0.00 5.00 130.46
77.00 435.00 1.00 4.00 139.28
361.00 296.00 0.00 1.00 72.19
511.00 432.00 1.00 1.00 126.88
110.00 496.00 0.00 3.00 60.26
496.00 491.00 1.00 1.00 80.57
290.00 316.00 1.00 4.00 90.71
239.00 376.00 0.00 4.00 105.89
495.00 462.00 0.00 1.00 93.81
512.00 170.00 1.00 3.00 199.55
505.00 511.00 0.00 1.00 174.35
244.00 497.00 1.00 5.00 195.81
500.00 502.00 1.00 3.00 50.12
412.00 307.00 1.00 2.00 98.83
423.00 487.00 1.00 4.00 103.23
418.00 509.00 1.00 1.00 47.74
510.00 517.00 0.00 1.00 48.14
453.00 157.00 0.00 1.00 146.58
493.00 332.00 1.00 3.00 112.32
486.00 513.00 0.00 4.00 130.78
508.00 400.00 1.00 5.00 185.05
512.00 493.00 0.00 4.00 133.02
515.00 469.00 1.00 5.00 31.18
493.00 363.00 0.00 3.00 89.43
499.00 43.00 1.00 5.00 136.58
516.00 362.00 1.00 2.00 91.61
490.00 312.00 0.00 4.00 92.57
495.00 505.00 1.00 4.00 179.97
511.00 498.00 0.00 1.00 49.26
260.00 152.00 1.00 1.00 68.18
207.00 488.00 0.00 5.00 89.26
498.00 271.00 1.00 4.00 104.16
352.00 192.00 0.00 1.00 71.55
24.00 336.00 0.00 1.00 139.35
490.00 288.00 0.00 4.00 59.72
194.00 508.00 0.00 2.00 67.98
272.00 208.00 0.00 4.00 51.69
148.00 499.00 1.00 2.00 85.00
442.00 101.00 0.00 2.00 101.17
498.00 118.00 0.00 1.00 79.55
331.00 500.00 0.00 3.00 162.73
494.00 486.00 1.00 4.00 64.84
490.00 495.00 1.00 1.00 191.53
426.00 83.00 1.00 5.00 35.79
500.00 494.00 1.00 3.00 166.00
108.00 496.00 0.00 2.00 170.77
243.00 488.00 1.00 5.00 165.60
497.00 507.00 1.00 1.00 87.92
108.00 506.00 1.00 2.00 72.85
515.00 151.00 1.00 2.00 113.35
516.00 506.00 1.00 2.00 128.67
132.00 511.00 0.00 1.00 148.00
505.00 494.00 0.00 5.00 143.13
22.00 387.00 0.00 5.00 149.11
507.00 494.00 0.00 1.00 199.96
248.00 366.00 1.00 4.00 147.74
506.00 492.00 1.00 2.00 113.21
446.00 27.00 0.00 2.00 168.35
299.00 490.00 1.00 5.00 166.54
431.00 69.00 1.00 2.00 111.86
71.00 516.00 0.00 2.00 106.08
506.00 107.00 0.00 5.00 143.29
308.00 221.00 1.00 4.00 59.47
342.00 487.00 1.00 3.00 158.54
75.00 19.00 0.00 2.00 44.91
509.00 147.00 0.00 5.00 160.95
437.00 491.00 1.00 4.00 152.38
90.00 359.00 1.00 2.00 64.65
136.00 515.00 0.00 1.00 193.86
517.00 132.00 0.00 1.00 117.07
514.00 33.00 0.00 2.00 61.66
378.00 510.00 0.00 2.00 156.22
106.00 517.00 1.00 1.00 80.82
488.00 512.00 1.00 3.00 88.60
97.00 466.00 0.00 2.00 123.85
509.00 497.00 1.00 5.00 129.64
197.00 234.00 1.00 5.00 156.48
514.00 498.00 1.00 5.00 89.06
504.00 494.00 0.00 1.00 61.44
330.00 504.00 1.00 4.00 71.02
498.00 74.00 1.00 1.00 75.66
502.00 398.00 0.00 2.00 183.40
507.00 35.00 1.00 5.00 99.36
150.00 489.00 0.00 3.00 151.87
505.00 168.00 1.00 3.00 37.55
20.00 254.00 0.00 3.00 50.01
517.00 498.00 0.00 5.00 67.08
60.00 508.00 0.00 5.00 155.09
205.00 491.00 1.00 3.00 35.48
493.00 283.00 1.00 1.00 176.39
275.00 83.00 0.00 4.00 60.21
141.00 128.00 1.00 5.00 189.49
505.00 438.00 1.00 4.00 143.70
476.00 4.00 1.00 4.00 146.66
505.00 178.00 1.00 4.00 30.01
40.00 31.00 1.00 2.00 97.03
460.00 499.00 0.00 4.00 131.47
510.00 502.00 1.00 4.00 42.35
515.00 348.00 1.00 1.00 125.03
47.00 515.00 1.00 3.00 198.04
487.00 155.00 0.00 1.00 44.49
513.00 500.00 1.00 1.00 180.77
156.00 34.00 1.00 3.00 121.80
487.00 233.00 0.00 4.00 120.94
513.00 446.00 1.00 3.00 110.39
502.00 58.00 0.00 5.00 133.29
516.00 323.00 1.00 2.00 172.30
508.00 495.00 1.00 2.00 151.03
508.00 514.00 0.00 2.00 31.20
204.00 515.00 0.00 2.00 110.45
358.00 475.00 0.00 3.00 187.59
516.00 179.00 0.00 5.00 62.94
275.00 505.00 0.00 1.00 56.74
350.00 189.00 0.00 4.00 77.82
363.00 420.00 0.00 5.00 132.68
272.00 241.00 0.00 3.00 111.44
489.00 240.00 1.00 5.00 90.08
462.00 289.00 1.00 5.00 83.64
511.00 404.00 0.00 5.00 126.18
494.00 507.00 1.00 4.00 56.82
504.00 70.00 1.00 2.00 86.03
493.00 486.00 1.00 4.00 66.65
92.00 219.00 1.00 2.00 51.28
175.00 434.00 1.00 1.00 91.53
99.00 494.00 0.00 1.00 43.14
506.00 514.00 1.00 1.00 175.24
80.00 335.00 1.00 2.00 192.56
493.00 514.00 0.00 5.00 148.86
172.00 313.00 1.00 5.00 77.56
500.00 441.00 0.00 3.00 181.23
300.00 326.00 1.00 4.00 116.10
386.00 499.00 0.00 2.00 154.06
516.00 499.00 0.00 4.00 198.49
327.00 514.00 0.00 3.00 95.98
13.00 494.00 1.00 2.00 86.43
6.00 510.00 1.00 4.00 75.34
487.00 105.00 1.00 2.00 69.13
493.00 97.00 1.00 4.00 44.17
138.00 512.00 1.00 2.00 127.92
508.00 502.00 1.00 4.00 79.36
490.00 432.00 1.00 1.00 77.48
494.00 504.00 1.00 4.00 191.03
510.00 495.00 1.00 1.00 62.84
488.00 391.00 0.00 2.00 141.54
376.00 492.00 1.00 2.00 159.99
451.00 489.00 0.00 5.00 71.22
235.00 399.00 1.00 1.00 85.87
186.00 373.00 1.00 4.00 56.81
1.00 494.00 0.00 5.00 76.92
122.00 272.00 1.00 3.00 132.67
510.00 491.00 1.00 5.00 186.47
173.00 510.00 0.00 3.00 148.39
488.00 354.00 1.00 4.00 133.45
287.00 169.00 1.00 5.00 108.78
509.00 491.00 1.00 2.00 146.12
489.00 345.00 0.00 1.00 127.45
327.00 496.00 1.00 4.00 127.30
1.00 312.00 0.00 2.00 162.55
492.00 504.00 1.00 2.00 30.51
258.00 494.00 1.00 2.00 67.37
455.00 104.00 1.00 5.00 55.75
494.00 153.00 0.00 5.00 194.19
68.00 506.00 0.00 4.00 124.99
486.00 508.00 0.00 1.00 132.73
496.00 440.00 1.00 2.00 32.72
514.00 496.00 0.00 2.00 195.83
411.00 513.00 0.00 5.00 113.51
473.00 392.00 1.00 4.00 152.15
285.00 505.00 1.00 3.00 179.07
494.00 153.00 1.00 4.00 95.01
357.00 514.00 0.00 4.00 101.94
166.00 204.00 0.00 2.00 198.20
306.00 503.00 1.00 3.00 186.37
147.00 509.00 0.00 4.00 195.39
493.00 488.00 0.00 2.00 113.06
21.00 493.00 1.00 4.00 195.25
492.00 73.00 0.00 5.00 38.92
330.00 491.00 0.00 3.00 52.20
62.00 517.00 1.00 2.00 82.64
5.00 227.00 1.00 1.00 152.77
231.00 341.00 0.00 3.00 117.06
455.00 496.00 1.00 4.00 99.64
138.00 210.00 0.00 3.00 160.05
494.00 52.00 0.00 2.00 77.79
293.00 486.00 1.00 3.00 198.05
502.00 491.00 1.00 3.00 45.61
493.00 510.00 1.00 5.00 114.39
207.00 493.00 1.00 3.00 103.47
496.00 512.00 0.00 5.00 136.74
493.00 165.00 1.00 4.00 50.26
498.00 489.00 0.00 3.00 162.87
391.00 145.00 1.00 3.00 63.12
256.00 93.00 0.00 5.00 189.56
506.00 284.00 1.00 1.00 183.18
209.00 480.00 0.00 5.00 35.09
505.00 500.00 1.00 1.00 149.24
7.00 514.00 1.00 4.00 159.24
492.00 182.00 0.00 2.00 118.02
486.00 469.00 1.00 4.00 73.13
330.00 274.00 1.00 3.00 50.39
282.00 508.00 0.00 4.00 99.99
517.00 273.00 1.00 2.00 76.42
439.00 499.00 0.00 3.00 60.06
325.00 500.00 0.00 3.00 114.60
504.00 8.00 1.00 1.00 90.34
13.00 279.00 1.00 1.00 93.65
6.00 490.00 1.00 3.00 110.68
503.00 495.00 1.00 3.00 177.87
506.00 498.00 1.00 2.00 61.51
511.00 228.00 0.00 4.00 183.11
92.00 444.00 1.00 1.00 38.82
502.00 491.00 1.00 5.00 155.41
121.00 382.00 1.00 4.00 114.99
496.00 415.00 1.00 2.00 196.88
155.00 493.00 0.00 3.00 132.04
495.00 510.00 0.00 1.00 137.46
256.00 134.00 1.00 4.00 63.40
251.00 503.00 1.00 5.00 176.39
365.00 1.00 1.00 4.00 138.42
224.00 498.00 0.00 2.00 87.66
102.00 451.00 0.00 2.00 67.93
117.00 278.00 0.00 1.00 80.54
248.00 516.00 1.00 2.00 43.79
492.00 503.00 0.00 1.00 71.68
504.00 498.00 0.00 3.00 92.78
508.00 491.00 0.00 5.00 60.32
362.00 138.00 1.00 4.00 186.58
494.00 112.00 1.00 3.00 109.65
362.00 504.00 1.00 2.00 94.34
56.00 464.00 0.00 3.00 176.57
136.00 492.00 1.00 2.00 158.03
489.00 246.00 0.00 1.00 109.60
383.00 511.00 0.00 2.00 165.80
491.00 181.00 0.00 4.00 136.08
496.00 489.00 1.00 1.00 37.17
486.00 506.00 1.00 5.00 132.05
264.00 390.00 1.00 2.00 132.07
391.00 146.00 1.00 1.00 47.88
514.00 505.00 0.00 4.00 81.40
511.00 498.00 0.00 1.00 78.03
196.00 455.00 0.00 4.00 44.38
493.00 15.00 1.00 2.00 186.51
210.00 501.00 0.00 4.00 198.24
488.00 297.00 1.00 1.00 56.41
512.00 149.00 1.00 4.00 174.17
513.00 508.00 0.00 2.00 94.79
493.00 507.00 0.00 1.00 48.54
498.00 503.00 0.00 1.00 71.96
196.00 493.00 0.00 5.00 190.14
487.00 467.00 0.00 4.00 173.12
504.00 492.00 1.00 5.00 121.83
303.00 286.00 0.00 4.00 184.02
248.00 111.00 0.00 3.00 64.49
164.00 490.00 0.00 2.00 31.74
492.00 510.00 1.00 3.00 193.44
505.00 510.00 1.00 2.00 130.35
509.00 492.00 0.00 5.00 135.01
195.00 148.00 0.00 4.00 85.95
15.00 382.00 1.00 3.00 50.10
253.00 512.00 0.00 2.00 52.98
139.00 505.00 1.00 2.00 91.41
215.00 507.00 0.00 4.00 79.40
145.00 23.00 0.00 3.00 135.59
363.00 513.00 0.00 1.00 106.04
517.00 462.00 0.00 3.00 186.83
115.00 390.00 1.00 1.00 185.79
517.00 196.00 0.00 3.00 199.17
512.00 494.00 0.00 2.00 101.70
499.00 490.00 1.00 3.00 159.21
470.00 515.00 0.00 4.00 111.60
132.00 504.00 0.00 2.00 93.96
498.00 510.00 1.00 3.00 187.40
516.00 495.00 0.00 4.00 110.73
486.00 492.00 0.00 3.00 103.63
83.00 220.00 0.00 4.00 101.94
500.00 509.00 0.00 5.00 157.52
153.00 508.00 0.00 1.00 117.70
496.00 89.00 1.00 5.00 116.48
9.00 515.00 0.00 4.00 121.46
373.00 135.00 0.00 3.00 93.99
296.00 481.00 1.00 1.00 42.87
510.00 158.00 1.00 4.00 38.61
492.00 189.00 1.00 2.00 119.60
508.00 247.00 1.00 1.00 155.34
499.00 490.00 0.00 3.00 92.86
210.00 508.00 0.00 1.00 155.70
511.00 489.00 0.00 4.00 101.02
487.00 197.00 0.00 5.00 151.81
88.00 501.00 1.00 4.00 42.09
515.00 439.00 0.00 1.00 76.75
147.00 510.00 1.00 3.00 105.70
104.00 488.00 0.00 3.00 86.96
491.00 514.00 0.00 4.00 152.27
486.00 481.00 0.00 1.00 145.92
127.00 492.00 1.00 2.00 69.77
490.00 232.00 1.00 5.00 54.36
461.00 491.00 0.00 3.00 147.45
59.00 8.00 1.00 3.00 164.64
506.00 131.00 0.00 5.00 107.26
503.00 513.00 0.00 1.00 102.90
491.00 434.00 0.00 3.00 99.42
506.00 407.00 1.00 1.00 39.88
507.00 499.00 1.00 3.00 47.28
504.00 487.00 0.00 2.00 184.30
333.00 160.00 0.00 4.00 106.16
115.00 268.00 1.00 5.00 199.18
202.00 200.00 0.00 1.00 123.66
494.00 203.00 0.00 1.00 55.24
508.00 501.00 1.00 3.00 40.31
511.00 496.00 0.00 5.00 129.51
324.00 190.00 1.00 1.00 117.77
491.00 466.00 0.00 5.00 86.85
490.00 97.00 0.00 4.00 105.67
512.00 499.00 0.00 1.00 144.44
508.00 493.00 1.00 2.00 120.69
423.00 502.00 1.00 1.00 82.63
486.00 350.00 0.00 2.00 33.18
255.00 507.00 1.00 1.00 129.45
506.00 345.00 1.00 3.00 109.07
120.00 495.00 0.00 3.00 198.83
516.00 335.00 1.00 5.00 198.43
414.00 509.00 1.00 3.00 140.30
516.00 299.00 0.00 5.00 41.77
244.00 377.00 0.00 3.00 131.85
17.00 366.00 0.00 5.00 142.61
126.00 297.00 0.00 2.00 151.72
338.00 493.00 1.00 3.00 81.53
468.00 92.00 1.00 2.00 159.83
178.00 508.00 1.00 4.00 51.47
502.00 479.00 1.00 3.00 69.75
29.00 47.00 1.00 2.00 43.34
233.00 234.00 0.00 1.00 67.34
339.00 379.00 0.00 2.00 43.52
0.00 488.00 0.00 1.00 199.57
507.00 91.00 1.00 5.00 118.86
493.00 507.00 1.00 3.00 78.33
495.00 377.00 1.00 2.00 161.33
503.00 319.00 0.00 3.00 109.71
515.00 70.00 0.00 3.00 169.81
359.00 488.00 0.00 4.00 110.70
503.00 493.00 0.00 1.00 30.79
501.00 503.00 1.00 5.00 142.88
314.00 243.00 0.00 3.00 31.70
500.00 509.00 0.00 2.00 193.55
317.00 96.00 0.00 1.00 124.31
206.00 382.00 1.00 3.00 137.72
181.00 206.00 1.00 1.00 39.58
209.00 514.00 0.00 2.00 179.12
74.00 238.00 0.00 4.00 80.46
500.00 502.00 0.00 3.00 68.63
342.00 512.00 0.00 2.00 90.37
409.00 471.00 0.00 1.00 174.75
412.00 476.00 1.00 1.00 85.52
192.00 497.00 1.00 5.00 47.08
509.00 490.00 1.00 4.00 57.12
494.00 499.00 0.00 4.00 35.89
70.00 145.00 1.00 2.00 133.09
504.00 35.00 1.00 4.00 85.48
507.00 513.00 1.00 1.00 123.29
500.00 339.00 1.00 5.00 109.17
486.00 136.00 0.00 1.00 188.79
246.00 129.00 0.00 2.00 130.52
505.00 236.00 1.00 5.00 69.76
1.00 507.00 1.00 3.00 102.40
492.00 514.00 0.00 4.00 188.37
451.00 105.00 1.00 4.00 61.80
393.00 7.00 1.00 4.00 40.43
493.00 250.00 0.00 4.00 147.93
188.00 487.00 1.00 2.00 56.53
261.00 233.00 1.00 5.00 150.18
449.00 489.00 1.00 2.00 37.66
274.00 504.00 1.00 2.00 150.97
506.00 45.00 1.00 2.00 32.83
500.00 512.00 0.00 4.00 84.05
130.00 510.00 0.00 2.00 141.97
517.00 486.00 0.00 2.00 106.31
515.00 495.00 0.00 2.00 44.97
502.00 509.00 0.00 1.00 104.97
516.00 16.00 1.00 2.00 178.10
516.00 500.00 1.00 2.00 104.28
354.00 460.00 0.00 5.00 195.97
503.00 63.00 0.00 3.00 175.62
465.00 516.00 1.00 5.00 74.09
508.00 490.00 0.00 4.00 37.35
511.00 497.00 0.00 1.00 95.04
486.00 154.00 0.00 1.00 97.64
27.00 494.00 0.00 4.00 172.49
515.00 384.00 1.00 1.00 97.23
346.00 508.00 1.00 2.00 198.66
490.00 496.00 1.00 3.00 68.07
494.00 515.00 1.00 5.00 40.54
411.00 499.00 0.00 5.00 54.18
460.00 385.00 1.00 5.00 110.63
294.00 504.00 1.00 5.00 46.10
494.00 331.00 0.00 5.00 146.01
504.00 321.00 1.00 1.00 143.80
508.00 487.00 1.00 3.00 134.37
511.00 162.00 1.00 4.00 195.27
499.00 487.00 1.00 1.00 136.04
510.00 81.00 0.00 5.00 163.89
122.00 450.00 0.00 4.00 40.59
513.00 508.00 0.00 3.00 77.41
515.00 328.00 0.00 1.00 108.18
101.00 508.00 1.00 2.00 64.17
359.00 489.00 1.00 1.00 40.19
390.00 80.00 1.00 2.00 72.22
491.00 462.00 1.00 4.00 40.20
505.00 460.00 0.00 2.00 117.66
343.00 445.00 0.00 5.00 163.47
508.00 501.00 0.00 5.00 73.45
31.00 409.00 0.00 5.00 77.42
51.00 508.00 1.00 2.00 189.12
368.00 517.00 1.00 5.00 136.84
515.00 488.00 0.00 5.00 131.07
500.00 363.00 1.00 3.00 104.31
188.00 173.00 1.00 1.00 168.23
488.00 509.00 1.00 5.00 63.11
69.00 300.00 1.00 4.00 116.80
489.00 328.00 0.00 4.00 89.70
38.00 179.00 0.00 5.00 37.76
144.00 195.00 0.00 4.00 125.16
494.00 505.00 0.00 1.00 36.82
167.00 31.00 1.00 1.00 30.16
145.00 317.00 1.00 3.00 94.68
510.00 517.00 0.00 3.00 84.47
262.00 499.00 0.00 4.00 96.29
503.00 489.00 0.00 5.00 129.14
51.00 271.00 0.00 2.00 34.93
516.00 498.00 1.00 1.00 92.86
152.00 511.00 0.00 1.00 175.33
489.00 498.00 1.00 5.00 145.72
512.00 173.00 0.00 2.00 144.36
506.00 495.00 0.00 3.00 102.73
505.00 499.00 0.00 3.00 172.08
476.00 445.00 1.00 3.00 69.50
222.00 511.00 0.00 4.00 63.60
205.00 435.00 0.00 4.00 73.66
497.00 299.00 1.00 3.00 151.72
115.00 497.00 1.00 2.00 166.12
496.00 487.00 0.00 2.00 33.13
514.00 144.00 0.00 1.00 60.46
502.00 311.00 1.00 5.00 88.78
34.00 243.00 1.00 2.00 154.80
206.00 517.00 1.00 3.00 30.26
172.00 486.00 1.00 3.00 111.53
284.00 214.00 0.00 2.00 145.40
490.00 496.00 1.00 4.00 53.27
504.00 516.00 0.00 5.00 86.42
107.00 514.00 0.00 1.00 51.36
15.00 510.00 0.00 4.00 63.77
487.00 474.00 1.00 3.00 156.98
508.00 112.00 0.00 1.00 190.91
419.00 507.00 1.00 4.00 192.89
303.00 44.00 1.00 4.00 88.12
169.00 503.00 1.00 2.00 48.67
335.00 483.00 0.00 1.00 193.26
83.00 374.00 1.00 3.00 100.55
512.00 257.00 1.00 3.00 157.47
458.00 516.00 0.00 4.00 136.64
494.00 499.00 1.00 2.00 182.13
507.00 206.00 0.00 4.00 167.98
517.00 506.00 0.00 1.00 179.65
494.00 502.00 1.00 4.00 158.92
388.00 495.00 1.00 1.00 43.86
23.00 178.00 1.00 1.00 148.71
418.00 389.00 0.00 4.00 67.72
496.00 104.00 1.00 5.00 101.71
517.00 39.00 1.00 3.00 111.46
359.00 492.00 1.00 4.00 107.32
494.00 513.00 0.00 5.00 177.87
508.00 480.00 1.00 3.00 159.42
28.00 138.00 1.00 1.00 60.38
431.00 495.00 1.00 2.00 109.33
488.00 235.00 1.00 4.00 84.49
357.00 269.00 0.00 1.00 143.69
498.00 252.00 1.00 3.00 177.38
308.00 516.00 0.00 4.00 100.57
10.00 133.00 0.00 4.00 94.82
42.00 325.00 0.00 3.00 83.33
44.00 66.00 1.00 1.00 193.13
251.00 117.00 1.00 3.00 47.60
496.00 516.00 1.00 4.00 81.54
237.00 493.00 1.00 1.00 188.84
497.00 487.00 1.00 3.00 59.41
490.00 506.00 0.00 4.00 184.44
500.00 502.00 1.00 4.00 149.84
507.00 517.00 1.00 3.00 112.61
497.00 508.00 0.00 4.00 99.84
509.00 517.00 1.00 5.00 180.72
36.00 147.00 1.00 4.00 45.59
334.00 452.00 1.00 2.00 131.87
352.00 239.00 0.00 3.00 107.34
66.00 490.00 1.00 3.00 41.27
488.00 508.00 0.00 2.00 128.53
50.00 509.00 1.00 2.00 172.27
504.00 493.00 0.00 1.00 44.78
511.00 505.00 0.00 1.00 195.09
192.00 513.00 0.00 2.00 190.57
516.00 507.00 0.00 2.00 129.62
140.00 234.00 1.00 2.00 144.98
180.00 499.00 0.00 1.00 66.06
164.00 514.00 1.00 3.00 120.02
154.00 135.00 1.00 3.00 141.22
426.00 500.00 1.00 2.00 134.45
501.00 511.00 0.00 4.00 195.58
17.00 500.00 1.00 2.00 32.32
155.00 471.00 1.00 5.00 61.28
508.00 254.00 0.00 4.00 39.14
495.00 490.00 1.00 3.00 75.55
500.00 34.00 0.00 2.00 111.33
502.00 20.00 0.00 5.00 96.66
515.00 502.00 0.00 3.00 42.81
517.00 496.00 1.00 5.00 46.19
250.00 495.00 1.00 3.00 71.27
502.00 499.00 0.00 3.00 40.61
381.00 25.00 0.00 5.00 188.50
505.00 497.00 0.00 3.00 175.90
473.00 500.00 1.00 1.00 159.24
510.00 517.00 0.00 1.00 85.60
344.00 502.00 0.00 5.00 152.26
486.00 182.00 1.00 3.00 121.76
513.00 502.00 1.00 3.00 57.00
514.00 29.00 1.00 5.00 33.56
399.00 506.00 0.00 4.00 101.62
513.00 418.00 1.00 2.00 179.75
37.00 443.00 1.00 4.00 52.67
492.00 511.00 1.00 2.00 168.54
266.00 390.00 1.00 1.00 84.39
507.00 494.00 1.00 5.00 156.51
128.00 487.00 1.00 1.00 110.89
501.00 513.00 1.00 5.00 130.02
489.00 278.00 0.00 3.00 45.65
495.00 120.00 1.00 2.00 107.08
512.00 7.00 1.00 4.00 80.68
487.00 497.00 0.00 3.00 175.61
496.00 232.00 0.00 3.00 36.27
209.00 70.00 0.00 3.00 36.77
489.00 494.00 1.00 3.00 93.55
145.00 512.00 0.00 4.00 197.17
498.00 486.00 0.00 4.00 76.53
239.00 507.00 0.00 4.00 185.39
513.00 495.00 0.00 3.00 74.50
430.00 422.00 1.00 2.00 43.33
511.00 256.00 1.00 1.00 35.53
498.00 206.00 1.00 4.00 30.53
423.00 512.00 1.00 4.00 182.90
510.00 493.00 0.00 4.00 144.17
501.00 516.00 0.00 1.00 181.56
492.00 33.00 0.00 2.00 154.75
510.00 190.00 0.00 5.00 65.94
489.00 41.00 0.00 5.00 147.80
298.00 416.00 1.00 3.00 132.48
492.00 281.00 0.00 1.00 102.45
505.00 512.00 1.00 5.00 125.60
486.00 504.00 0.00 2.00 89.92
497.00 491.00 0.00 4.00 140.98
51.00 438.00 1.00 2.00 116.18
341.00 489.00 0.00 2.00 49.79
507.00 487.00 0.00 1.00 72.77
41.00 249.00 0.00 3.00 36.41
29.00 487.00 1.00 2.00 132.64
269.00 490.00 0.00 4.00 175.71
509.00 488.00 1.00 4.00 76.71
508.00 206.00 0.00 3.00 60.89
407.00 501.00 1.00 3.00 103.31
163.00 156.00 0.00 3.00 194.70
32.00 451.00 0.00 1.00 55.39
516.00 506.00 1.00 4.00 77.52
508.00 18.00 0.00 1.00 37.42
223.00 319.00 0.00 3.00 30.94
493.00 499.00 0.00 1.00 63.50
373.00 96.00 1.00 2.00 104.29
516.00 497.00 0.00 3.00 135.90
388.00 516.00 1.00 5.00 120.05
499.00 81.00 0.00 3.00 175.24
57.00 376.00 1.00 1.00 146.56
232.00 498.00 1.00 5.00 70.45
31.00 223.00 0.00 3.00 144.53
512.00 498.00 0.00 5.00 180.74
515.00 503.00 1.00 5.00 193.90
493.00 487.00 1.00 5.00 172.59
503.00 351.00 0.00 4.00 30.56
291.00 219.00 1.00 1.00 172.80
505.00 493.00 1.00 5.00 37.81
502.00 464.00 0.00 2.00 91.79
258.00 463.00 0.00 1.00 138.02
316.00 516.00 1.00 3.00 176.09
297.00 503.00 0.00 3.00 130.95
494.00 253.00 1.00 1.00 106.80
91.00 487.00 0.00 1.00 196.10
212.00 514.00 0.00 1.00 106.67
513.00 506.00 1.00 2.00 81.94
491.00 516.00 1.00 5.00 84.14
53.00 273.00 0.00 5.00 80.25
194.00 491.00 1.00 4.00 177.63
430.00 494.00 1.00 5.00 168.21
507.00 234.00 0.00 3.00 162.78
409.00 333.00 0.00 5.00 132.86
495.00 515.00 0.00 1.00 199.67
512.00 500.00 1.00 4.00 194.03
147.00 121.00 0.00 4.00 33.11
491.00 500.00 1.00 2.00 92.89
90.00 510.00 0.00 1.00 90.33
501.00 508.00 1.00 5.00 126.97
509.00 500.00 0.00 3.00 157.95
95.00 503.00 0.00 5.00 183.92
487.00 174.00 1.00 1.00 160.48
514.00 490.00 1.00 4.00 106.77
515.00 128.00 1.00 1.00 80.66
506.00 54.00 1.00 1.00 84.14
395.00 280.00 0.00 2.00 62.37
102.00 233.00 1.00 3.00 170.84
311.00 514.00 0.00 1.00 159.85
320.00 484.00 0.00 4.00 168.89
500.00 136.00 0.00 5.00 133.44
499.00 298.00 1.00 1.00 168.78
85.00 499.00 0.00 5.00 105.84
236.00 495.00 1.00 5.00 62.78
488.00 504.00 0.00 5.00 34.56
141.00 267.00 1.00 4.00 117.84
506.00 515.00 1.00 1.00 186.23
502.00 497.00 1.00 3.00 96.39
35.00 444.00 0.00 4.00 130.26
368.00 106.00 0.00 5.00 102.36
487.00 502.00 1.00 2.00 66.22
157.00 508.00 0.00 3.00 149.49
494.00 499.00 1.00 5.00 79.98
503.00 347.00 0.00 4.00 133.85
59.00 123.00 0.00 5.00 197.90
497.00 234.00 0.00 1.00 121.31
499.00 488.00 0.00 5.00 43.24
492.00 512.00 1.00 2.00 91.46
479.00 498.00 1.00 3.00 130.82
73.00 24.00 1.00 2.00 184.37
506.00 39.00 0.00 2.00 144.13
511.00 160.00 0.00 4.00 85.05
511.00 505.00 0.00 4.00 91.80
127.00 497.00 0.00 3.00 71.79
289.00 265.00 1.00 3.00 153.12
363.00 473.00 0.00 5.00 180.81
86.00 493.00 1.00 3.00 47.32
503.00 510.00 0.00 1.00 60.43
500.00 510.00 0.00 3.00 67.95
517.00 445.00 1.00 1.00 77.42
462.00 150.00 0.00 4.00 145.03
251.00 28.00 1.00 1.00 110.03
338.00 472.00 1.00 3.00 123.04
172.00 511.00 1.00 3.00 99.20
446.00 168.00 1.00 5.00 123.60
244.00 516.00 1.00 3.00 192.87
500.00 491.00 0.00 1.00 168.91
490.00 119.00 1.00 3.00 55.64
35.00 513.00 1.00 5.00 195.12
486.00 100.00 1.00 4.00 193.15
502.00 513.00 0.00 4.00 173.37
505.00 488.00 1.00 4.00 105.61
510.00 496.00 1.00 4.00 163.39
61.00 505.00 1.00 1.00 182.61
377.00 509.00 0.00 3.00 169.76
505.00 5.00 1.00 5.00 45.54
342.00 171.00 1.00 5.00 63.16
486.00 508.00 1.00 2.00 180.91
213.00 503.00 0.00 1.00 80.62
453.00 175.00 0.00 1.00 35.36
254.00 427.00 1.00 4.00 98.24
506.00 486.00 0.00 1.00 71.95
505.00 189.00 0.00 5.00 120.23
510.00 498.00 0.00 2.00 121.88
514.00 499.00 0.00 2.00 118.85
137.00 509.00 1.00 3.00 87.67
213.00 44.00 1.00 4.00 34.33
334.00 176.00 1.00 1.00 199.74
510.00 500.00 1.00 2.00 114.78
290.00 478.00 0.00 1.00 81.32
263.00 511.00 0.00 1.00 59.08
509.00 435.00 1.00 5.00 140.48
495.00 486.00 0.00 4.00 78.39
505.00 517.00 0.00 2.00 81.33
517.00 371.00 1.00 1.00 137.70
504.00 490.00 1.00 2.00 116.86
223.00 500.00 1.00 5.00 51.64
495.00 10.00 0.00 2.00 119.32
500.00 77.00 1.00 1.00 89.48
177.00 165.00 1.00 2.00 61.60
417.00 154.00 1.00 5.00 72.98
503.00 495.00 0.00 2.00 121.92
491.00 507.00 0.00 1.00 165.57
212.00 261.00 1.00 5.00 127.87
13.00 41.00 0.00 1.00 188.58
504.00 498.00 1.00 5.00 108.14
377.00 301.00 1.00 1.00 158.95
504.00 510.00 1.00 5.00 166.81
367.00 7.00 0.00 1.00 125.24
199.00 375.00 0.00 1.00 89.10
487.00 506.00 0.00 1.00 148.62
497.00 510.00 1.00 1.00 150.32
501.00 514.00 1.00 2.00 121.60
350.00 61.00 0.00 1.00 68.86
373.00 494.00 0.00 5.00 53.10
495.00 403.00 0.00 2.00 177.78
358.00 486.00 0.00 2.00 150.60
231.00 305.00 1.00 3.00 170.93
486.00 491.00 0.00 3.00 44.07
515.00 505.00 1.00 4.00 55.16
513.00 493.00 0.00 5.00 37.89
259.00 264.00 0.00 4.00 194.12
17.00 507.00 1.00 2.00 51.03
489.00 496.00 0.00 1.00 88.69
503.00 498.00 0.00 4.00 158.53
514.00 77.00 1.00 5.00 51.03
514.00 370.00 1.00 1.00 83.17
88.00 62.00 0.00 4.00 43.22
11.00 298.00 0.00 1.00 124.09
226.00 504.00 0.00 3.00 47.84
517.00 492.00 1.00 3.00 146.14
183.00 5.00 0.00 4.00 195.85
157.00 119.00 1.00 1.00 109.43
147.00 210.00 1.00 1.00 102.35
223.00 513.00 1.00 3.00 192.51
488.00 509.00 0.00 4.00 62.51
517.00 508.00 1.00 5.00 121.76
219.00 507.00 0.00 4.00 36.73
240.00 467.00 1.00 1.00 178.01
494.00 253.00 0.00 4.00 80.18
489.00 207.00 0.00 3.00 88.43
499.00 137.00 0.00 3.00 157.29
511.00 497.00 1.00 5.00 173.54
489.00 149.00 0.00 2.00 122.36
292.00 516.00 0.00 1.00 79.43
292.00 120.00 0.00 1.00 163.41
501.00 415.00 1.00 1.00 146.17
514.00 206.00 0.00 3.00 181.26
251.00 505.00 1.00 5.00 155.07
509.00 499.00 0.00 3.00 81.63
140.00 84.00 1.00 1.00 81.96
486.00 364.00 1.00 2.00 160.45
489.00 378.00 1.00 4.00 172.50
512.00 505.00 1.00 3.00 197.09
512.00 488.00 0.00 2.00 87.29
121.00 360.00 1.00 3.00 78.30
213.00 511.00 0.00 5.00 84.05
409.00 207.00 1.00 2.00 112.53
298.00 187.00 1.00 5.00 55.31
145.00 386.00 1.00 2.00 184.72
506.00 171.00 1.00 1.00 64.10
145.00 513.00 0.00 3.00 187.88
491.00 506.00 1.00 3.00 65.42
488.00 308.00 0.00 3.00 176.72
491.00 430.00 1.00 4.00 79.59
490.00 403.00 0.00 4.00 77.05
488.00 424.00 1.00 4.00 155.23
1.00 486.00 0.00 5.00 101.98
113.00 506.00 1.00 5.00 162.90
297.00 516.00 0.00 1.00 68.83
395.00 496.00 0.00 5.00 148.95
270.00 507.00 1.00 3.00 34.32
87.00 264.00 1.00 2.00 31.33
10.00 358.00 0.00 5.00 70.75
491.00 498.00 0.00 4.00 116.23
26.00 505.00 1.00 3.00 60.18
502.00 208.00 1.00 4.00 43.82
501.00 508.00 0.00 1.00 199.17
503.00 498.00 0.00 3.00 153.70
432.00 516.00 0.00 3.00 63.59
273.00 382.00 1.00 1.00 149.02
310.00 504.00 1.00 4.00 45.11
510.00 490.00 1.00 1.00 76.55
70.00 506.00 0.00 4.00 73.02
471.00 499.00 1.00 4.00 133.70
500.00 495.00 0.00 5.00 189.18
489.00 180.00 0.00 3.00 166.42
435.00 466.00 1.00 3.00 166.54
495.00 488.00 0.00 3.00 52.34
509.00 497.00 1.00 1.00 193.04
489.00 504.00 1.00 2.00 110.20
170.00 506.00 0.00 3.00 142.27
491.00 391.00 1.00 4.00 125.01
493.00 346.00 1.00 1.00 184.77
317.00 507.00 0.00 3.00 141.17
514.00 494.00 1.00 2.00 146.71
513.00 155.00 1.00 2.00 140.10
311.00 490.00 0.00 4.00 100.49
502.00 42.00 0.00 4.00 104.68
33.00 327.00 0.00 3.00 49.88
508.00 177.00 0.00 2.00 57.70
340.00 471.00 0.00 1.00 103.71
378.00 370.00 1.00 4.00 130.41
118.00 490.00 1.00 1.00 55.64
514.00 493.00 1.00 3.00 181.09
97.00 28.00 1.00 3.00 34.14
245.00 96.00 1.00 3.00 174.67
494.00 146.00 0.00 5.00 46.69
122.00 226.00 1.00 2.00 115.88
56.00 506.00 0.00 5.00 113.19
512.00 318.00 1.00 1.00 59.89
506.00 515.00 0.00 5.00 106.54
180.00 39.00 1.00 3.00 117.74
500.00 515.00 1.00 1.00 170.78
492.00 348.00 0.00 3.00 97.64
489.00 501.00 0.00 3.00 168.63
499.00 509.00 1.00 1.00 50.47
50.00 501.00 0.00 4.00 56.55
363.00 238.00 0.00 2.00 114.82
352.00 500.00 0.00 3.00 187.57
345.00 512.00 1.00 3.00 81.40
506.00 122.00 1.00 1.00 187.45
296.00 501.00 1.00 2.00 159.19
486.00 497.00 1.00 3.00 35.88
514.00 500.00 1.00 1.00 194.44
515.00 508.00 1.00 5.00 58.84
517.00 488.00 1.00 1.00 89.40
509.00 144.00 0.00 1.00 152.38
505.00 492.00 0.00 4.00 33.93
497.00 486.00 0.00 3.00 30.73
89.00 127.00 1.00 1.00 178.71
184.00 497.00 0.00 5.00 38.88
2.00 501.00 0.00 5.00 99.27
292.00 496.00 0.00 3.00 160.51
498.00 513.00 0.00 5.00 73.59
105.00 507.00 0.00 3.00 88.00
447.00 176.00 0.00 2.00 126.67
208.00 256.00 1.00 1.00 179.46
271.00 303.00 1.00 2.00 144.38
0.00 88.00 1.00 1.00 70.56
124.00 70.00 1.00 1.00 41.68
506.00 490.00 1.00 3.00 89.66
310.00 214.00 0.00 5.00 160.16
219.00 92.00 1.00 3.00 158.57
317.00 220.00 0.00 1.00 46.37
413.00 382.00 1.00 2.00 151.25
474.00 405.00 0.00 1.00 47.78
361.00 514.00 0.00 4.00 192.00
499.00 509.00 0.00 5.00 117.45
108.00 124.00 1.00 5.00 92.19
495.00 508.00 0.00 3.00 107.19
505.00 514.00 1.00 1.00 41.70
506.00 494.00 0.00 5.00 30.87
492.00 111.00 0.00 1.00 162.96
497.00 171.00 0.00 4.00 122.15
499.00 489.00 1.00 3.00 101.66
81.00 516.00 1.00 3.00 64.81
491.00 464.00 0.00 4.00 189.33
487.00 515.00 0.00 1.00 70.13
495.00 510.00 0.00 3.00 30.33
513.00 501.00 1.00 2.00 98.05
492.00 274.00 1.00 1.00 197.20
327.00 486.00 0.00 1.00 73.41
509.00 477.00 1.00 1.00 94.83
51.00 497.00 0.00 1.00 33.02
69.00 454.00 0.00 2.00 143.41
152.00 362.00 0.00 2.00 197.96
507.00 405.00 1.00 4.00 95.19
420.00 240.00 1.00 4.00 49.49
516.00 211.00 1.00 1.00 129.42
502.00 14.00 1.00 2.00 121.61
494.00 511.00 1.00 4.00 87.30
513.00 421.00 0.00 4.00 181.69
241.00 157.00 1.00 1.00 60.09
496.00 41.00 0.00 3.00 163.48
126.00 505.00 1.00 3.00 58.94
490.00 517.00 1.00 5.00 133.71
239.00 184.00 1.00 3.00 193.48
15.00 505.00 0.00 4.00 114.60
509.00 515.00 1.00 1.00 150.83
277.00 495.00 0.00 5.00 165.02
269.00 127.00 0.00 2.00 33.90
373.00 486.00 0.00 4.00 96.57
388.00 32.00 1.00 1.00 63.36
516.00 475.00 0.00 5.00 64.98
187.00 491.00 0.00 3.00 95.70
439.00 194.00 0.00 3.00 138.43
163.00 303.00 0.00 5.00 48.37
314.00 495.00 0.00 1.00 144.00
513.00 494.00 1.00 5.00 183.05
503.00 508.00 1.00 4.00 131.54
498.00 507.00 1.00 5.00 152.80
438.00 68.00 0.00 3.00 184.38
493.00 205.00 1.00 5.00 100.98
405.00 329.00 1.00 2.00 87.21
517.00 500.00 0.00 3.00 61.45
418.00 497.00 0.00 2.00 66.98
249.00 227.00 0.00 2.00 62.55
485.00 283.00 1.00 2.00 133.81
466.00 177.00 0.00 3.00 185.77
501.00 97.00 0.00 5.00 82.58
269.00 140.00 0.00 4.00 198.00
358.00 252.00 0.00 4.00 37.67
252.00 515.00 1.00 1.00 57.82
171.00 496.00 1.00 3.00 183.68
431.00 501.00 0.00 1.00 33.07
47.00 495.00 0.00 1.00 145.19
506.00 490.00 1.00 2.00 59.55
410.00 374.00 0.00 4.00 141.14
514.00 491.00 0.00 2.00 163.37
350.00 310.00 1.00 4.00 150.27
292.00 506.00 1.00 2.00 44.74
517.00 490.00 0.00 1.00 177.23
494.00 42.00 0.00 2.00 55.83
490.00 179.00 0.00 1.00 114.44
516.00 49.00 1.00 5.00 82.58
296.00 376.00 0.00 3.00 104.23
52.00 384.00 0.00 4.00 70.89
504.00 137.00 0.00 2.00 90.38
455.00 321.00 1.00 4.00 169.34
490.00 504.00 1.00 3.00 193.79
501.00 517.00 0.00 4.00 189.77
517.00 468.00 1.00 3.00 96.92
501.00 279.00 1.00 3.00 167.16
438.00 500.00 1.00 1.00 65.81
498.00 489.00 0.00 5.00 71.62
183.00 209.00 1.00 3.00 168.06
514.00 494.00 0.00 1.00 153.64
508.00 502.00 0.00 3.00 108.89
263.00 361.00 1.00 4.00 91.90
350.00 510.00 1.00 4.00 146.44
50.00 509.00 0.00 2.00 37.72
492.00 412.00 1.00 3.00 75.66
504.00 37.00 0.00 1.00 99.70
43.00 508.00 0.00 5.00 165.59
501.00 127.00 0.00 3.00 122.66
299.00 503.00 1.00 4.00 170.79
450.00 86.00 0.00 1.00 113.39
506.00 18.00 1.00 2.00 140.48
269.00 498.00 0.00 1.00 95.90
498.00 89.00 0.00 1.00 133.62
75.00 155.00 0.00 3.00 103.55
73.00 504.00 1.00 2.00 159.42
487.00 501.00 0.00 4.00 99.88
512.00 517.00 0.00 1.00 164.44
491.00 307.00 1.00 1.00 60.77
220.00 491.00 1.00 4.00 115.42
30.00 159.00 1.00 3.00 87.62
12.00 502.00 1.00 2.00 144.32
514.00 491.00 0.00 1.00 142.07
496.00 490.00 0.00 1.00 46.38
500.00 508.00 1.00 2.00 77.62
440.00 514.00 1.00 3.00 54.09
494.00 510.00 1.00 1.00 48.78
512.00 237.00 0.00 1.00 133.00
503.00 67.00 1.00 3.00 59.39
88.00 506.00 0.00 1.00 190.41
515.00 488.00 0.00 2.00 143.41
201.00 493.00 0.00 1.00 161.97
486.00 504.00 1.00 5.00 49.08
491.00 255.00 1.00 1.00 79.05
443.00 506.00 0.00 3.00 90.38
511.00 4.00 0.00 4.00 125.02
194.00 128.00 0.00 5.00 169.62
510.00 388.00 1.00 5.00 188.19
503.00 498.00 0.00 3.00 130.23
330.00 506.00 0.00 2.00 170.36
509.00 497.00 0.00 1.00 51.12
500.00 490.00 1.00 1.00 130.37
503.00 368.00 0.00 1.00 140.84
501.00 506.00 0.00 5.00 51.90
502.00 211.00 0.00 1.00 134.91
120.00 327.00 1.00 5.00 76.62
12.00 488.00 1.00 4.00 114.32
109.00 59.00 0.00 1.00 163.68
451.00 156.00 0.00 5.00 97.67
502.00 510.00 1.00 2.00 99.44
510.00 491.00 1.00 2.00 54.48
497.00 340.00 0.00 4.00 157.82
217.00 419.00 0.00 2.00 189.45
378.00 488.00 0.00 4.00 110.26
85.00 114.00 0.00 3.00 140.21
129.00 19.00 0.00 1.00 70.45
447.00 496.00 0.00 5.00 55.82
499.00 485.00 1.00 3.00 60.82
359.00 451.00 0.00 4.00 47.16
125.00 364.00 1.00 4.00 46.93
347.00 504.00 0.00 1.00 62.46
516.00 511.00 1.00 1.00 153.39
494.00 91.00 1.00 3.00 147.99
344.00 514.00 1.00 4.00 95.15
350.00 19.00 0.00 2.00 164.89
493.00 217.00 1.00 4.00 194.33
145.00 500.00 0.00 4.00 102.73
244.00 290.00 1.00 5.00 163.62
486.00 243.00 0.00 3.00 62.97
516.00 492.00 1.00 1.00 172.98
487.00 229.00 0.00 2.00 87.21
500.00 335.00 0.00 4.00 46.78
348.00 512.00 0.00 5.00 126.51
509.00 498.00 1.00 4.00 135.61
35.00 503.00 1.00 2.00 30.51
497.00 280.00 0.00 4.00 194.79
517.00 509.00 1.00 3.00 65.68
380.00 499.00 0.00 1.00 124.61
178.00 64.00 1.00 3.00 41.57
264.00 512.00 0.00 2.00 147.45
498.00 513.00 0.00 5.00 173.17
282.00 232.00 1.00 1.00 51.23
490.00 223.00 1.00 4.00 151.04
317.00 513.00 1.00 2.00 142.92
464.00 497.00 1.00 4.00 142.27
287.00 417.00 0.00 5.00 54.90
499.00 515.00 1.00 1.00 44.42
147.00 515.00 1.00 1.00 97.96
360.00 490.00 0.00 3.00 161.97
515.00 115.00 0.00 3.00 76.26
492.00 517.00 0.00 2.00 32.21
447.00 496.00 1.00 4.00 116.85
18.00 214.00 0.00 4.00 181.15
510.00 51.00 0.00 1.00 62.50
16.00 60.00 0.00 5.00 127.54
292.00 511.00 0.00 1.00 164.32
512.00 226.00 1.00 4.00 120.50
225.00 133.00 1.00 4.00 98.42
504.00 500.00 1.00 3.00 71.33
280.00 508.00 1.00 4.00 153.68
501.00 240.00 1.00 1.00 161.00
493.00 488.00 0.00 5.00 135.59
516.00 424.00 0.00 5.00 156.40
203.00 149.00 0.00 4.00 152.29
493.00 515.00 1.00 4.00 136.80
490.00 495.00 1.00 5.00 82.17
488.00 498.00 1.00 4.00 138.16
514.00 500.00 0.00 5.00 162.33
486.00 491.00 1.00 5.00 190.24
489.00 143.00 0.00 4.00 183.09
47.00 501.00 0.00 5.00 61.23
468.00 505.00 0.00 2.00 159.29
292.00 464.00 0.00 2.00 65.15
495.00 513.00 1.00 1.00 193.41
515.00 208.00 0.00 3.00 35.63
424.00 491.00 1.00 3.00 185.85
188.00 516.00 0.00 2.00 175.80
260.00 30.00 1.00 3.00 102.63
502.00 493.00 0.00 4.00 180.47
517.00 503.00 0.00 5.00 118.87
475.00 490.00 0.00 3.00 197.22
499.00 512.00 0.00 3.00 129.03
497.00 503.00 1.00 3.00 59.07
517.00 487.00 1.00 3.00 79.89
507.00 496.00 1.00 2.00 127.85
346.00 497.00 1.00 3.00 175.27
88.00 503.00 0.00 1.00 72.31
488.00 190.00 0.00 4.00 165.30
491.00 474.00 1.00 1.00 164.66
510.00 501.00 0.00 1.00 118.93
489.00 508.00 0.00 1.00 92.83
133.00 461.00 0.00 5.00 54.21
154.00 455.00 1.00 1.00 169.36
145.00 492.00 1.00 4.00 141.09
85.00 516.00 0.00 1.00 144.45
499.00 487.00 0.00 4.00 75.54
490.00 509.00 1.00 5.00 168.98
493.00 484.00 1.00 4.00 33.25
504.00 151.00 0.00 4.00 59.38
38.00 517.00 0.00 3.00 183.90
516.00 312.00 0.00 5.00 76.04
499.00 512.00 0.00 1.00 40.93
383.00 239.00 1.00 4.00 102.22
511.00 516.00 1.00 5.00 37.58
492.00 27.00 0.00 5.00 184.57
208.00 114.00 0.00 3.00 106.60
506.00 498.00 0.00 1.00 92.46
489.00 516.00 1.00 3.00 122.14
197.00 492.00 0.00 4.00 138.87
413.00 495.00 0.00 3.00 60.16
29.00 397.00 1.00 3.00 142.55
463.00 517.00 0.00 3.00 77.63
166.00 499.00 1.00 2.00 35.21
144.00 504.00 0.00 2.00 41.17
491.00 176.00 1.00 5.00 66.09
504.00 220.00 0.00 2.00 164.22
331.00 489.00 1.00 2.00 62.67
508.00 328.00 0.00 4.00 113.39
485.00 14.00 0.00 1.00 96.07
509.00 504.00 0.00 3.00 72.86
411.00 503.00 0.00 1.00 55.43
508.00 494.00 0.00 5.00 189.61
200.00 505.00 0.00 1.00 82.63
509.00 369.00 0.00 2.00 81.20
504.00 517.00 1.00 2.00 190.33
486.00 499.00 0.00 1.00 133.97
517.00 498.00 1.00 3.00 189.83
205.00 501.00 0.00 2.00 41.67
492.00 486.00 0.00 2.00 35.70
468.00 237.00 1.00 3.00 183.18
169.00 459.00 1.00 1.00 178.92
502.00 421.00 0.00 2.00 66.44
497.00 510.00 0.00 3.00 193.75
502.00 516.00 0.00 1.00 163.73
510.00 163.00 1.00 1.00 66.66
28.00 516.00 0.00 5.00 155.54
504.00 294.00 0.00 4.00 163.40
512.00 499.00 1.00 5.00 53.07
103.00 487.00 1.00 4.00 76.86
250.00 323.00 1.00 5.00 147.46
514.00 487.00 1.00 3.00 127.16
