391.00 341.00 1.00 4.00 74.15
330.00 487.00 0.00 1.00 35.21
149.00 498.00 1.00 2.00 78.65
44.00 507.00 1.00 2.00 66.27
157.00 506.00 1.00 1.00 175.79
501.00 488.00 1.00 4.00 43.00
489.00 506.00 1.00 4.00 159.71
515.00 461.00 1.00 1.00 173.16
499.00 236.00 0.00 1.00 34.47
498.00 508.00 0.00 5.00 184.91
499.00 192.00 1.00 4.00 118.59
303.00 489.00 1.00 5.00 48.16
497.00 138.00 0.00 3.00 166.45
290.00 490.00 1.00 1.00 83.11
511.00 115.00 0.00 5.00 69.23
217.00 493.00 1.00 4.00 160.37
402.00 514.00 0.00 4.00 175.53
326.00 389.00 1.00 5.00 112.13
376.00 178.00 1.00 2.00 57.16
489.00 229.00 1.00 2.00 123.48
182.00 364.00 1.00 3.00 167.67
503.00 188.00 0.00 2.00 144.57
400.00 511.00 1.00 2.00 35.31
304.00 446.00 0.00 3.00 127.81
514.00 488.00 0.00 2.00 107.79
502.00 512.00 0.00 4.00 88.98
424.00 147.00 1.00 3.00 197.10
497.00 488.00 1.00 3.00 173.99
158.00 35.00 0.00 3.00 125.63
39.00 280.00 0.00 4.00 144.56
139.00 288.00 1.00 1.00 185.54
103.00 509.00 1.00 3.00 126.69
165.00 340.00 0.00 4.00 113.21
344.00 384.00 1.00 4.00 159.00
225.00 199.00 0.00 3.00 174.88
502.00 486.00 1.00 3.00 69.15
313.00 490.00 0.00 4.00 184.74
390.00 76.00 1.00 2.00 90.24
517.00 59.00 0.00 3.00 176.44
514.00 61.00 1.00 5.00 155.71
503.00 460.00 0.00 1.00 57.23
86.00 489.00 0.00 1.00 43.63
119.00 370.00 1.00 4.00 158.83
493.00 487.00 1.00 5.00 148.40
417.00 495.00 1.00 3.00 100.21
500.00 362.00 0.00 1.00 63.66
499.00 509.00 0.00 4.00 42.94
366.00 499.00 0.00 2.00 60.29
416.00 14.00 0.00 5.00 61.46
470.00 502.00 0.00 2.00 63.55
180.00 448.00 0.00 3.00 196.33
341.00 50.00 0.00 1.00 170.38
435.00 341.00 1.00 3.00 139.36
432.00 32.00 0.00 3.00 140.36
493.00 392.00 1.00 2.00 78.00
434.00 513.00 1.00 2.00 34.09
496.00 489.00 0.00 5.00 152.80
411.00 462.00 0.00 4.00 76.40
493.00 505.00 0.00 2.00 83.27
504.00 512.00 0.00 5.00 80.77
495.00 489.00 0.00 2.00 116.88
500.00 170.00 1.00 2.00 188.43
299.00 435.00 1.00 4.00 108.14
412.00 454.00 0.00 4.00 166.10
492.00 510.00 0.00 1.00 145.32
493.00 517.00 1.00 4.00 147.09
443.00 138.00 0.00 3.00 35.54
505.00 499.00 1.00 2.00 107.99
493.00 357.00 1.00 3.00 68.18
269.00 512.00 0.00 3.00 88.25
503.00 150.00 1.00 3.00 70.89
496.00 486.00 0.00 1.00 138.24
490.00 505.00 0.00 1.00 162.49
509.00 430.00 0.00 1.00 97.29
135.00 487.00 0.00 2.00 134.25
506.00 412.00 1.00 1.00 183.00
498.00 85.00 0.00 2.00 30.82
492.00 46.00 0.00 2.00 84.09
512.00 51.00 0.00 5.00 72.50
32.00 508.00 1.00 1.00 124.13
503.00 13.00 1.00 3.00 79.74
312.00 516.00 0.00 2.00 86.65
487.00 230.00 0.00 3.00 75.35
44.00 20.00 1.00 5.00 162.92
108.00 517.00 0.00 1.00 146.28
143.00 350.00 0.00 2.00 59.87
398.00 221.00 0.00 4.00 69.65
451.00 487.00 0.00 5.00 130.09
453.00 107.00 0.00 2.00 154.58
487.00 507.00 1.00 1.00 52.19
491.00 278.00 0.00 5.00 144.14
385.00 500.00 1.00 4.00 104.31
513.00 329.00 0.00 1.00 124.27
133.00 493.00 0.00 2.00 57.67
492.00 468.00 1.00 3.00 138.41
388.00 506.00 1.00 3.00 191.21
511.00 246.00 1.00 2.00 39.93
483.00 501.00 1.00 3.00 180.56
508.00 352.00 0.00 1.00 115.77
310.00 478.00 1.00 3.00 197.20
490.00 516.00 1.00 1.00 194.98
486.00 445.00 0.00 4.00 101.77
231.00 407.00 0.00 1.00 35.56
511.00 356.00 1.00 3.00 113.31
284.00 509.00 0.00 3.00 39.80
489.00 512.00 1.00 5.00 99.85
81.00 212.00 1.00 1.00 72.38
171.00 487.00 1.00 4.00 144.30
495.00 511.00 0.00 1.00 127.95
501.00 337.00 1.00 4.00 46.45
134.00 503.00 0.00 5.00 112.53
230.00 492.00 0.00 2.00 146.64
272.00 497.00 0.00 4.00 52.88
517.00 506.00 1.00 5.00 151.44
494.00 489.00 0.00 1.00 93.93
481.00 156.00 0.00 5.00 154.91
486.00 505.00 0.00 5.00 187.75
38.00 463.00 1.00 1.00 91.65
113.00 506.00 1.00 1.00 86.83
502.00 314.00 0.00 3.00 164.57
102.00 494.00 0.00 2.00 140.79
34.00 505.00 0.00 4.00 119.65
493.00 412.00 0.00 5.00 154.10
507.00 254.00 0.00 1.00 158.98
488.00 120.00 1.00 3.00 41.68
506.00 489.00 0.00 2.00 154.76
334.00 516.00 1.00 2.00 77.20
504.00 499.00 1.00 2.00 177.01
511.00 133.00 1.00 4.00 105.16
354.00 490.00 0.00 3.00 161.60
515.00 496.00 1.00 4.00 176.78
20.00 234.00 0.00 5.00 132.47
328.00 490.00 1.00 2.00 164.52
516.00 496.00 1.00 1.00 151.25
516.00 489.00 1.00 2.00 154.83
105.00 512.00 1.00 2.00 195.22
460.00 17.00 1.00 1.00 93.35
57.00 231.00 1.00 1.00 33.60
490.00 481.00 1.00 4.00 62.41
507.00 513.00 1.00 4.00 48.44
505.00 511.00 1.00 3.00 117.29
509.00 515.00 1.00 5.00 63.26
37.00 358.00 1.00 3.00 54.04
403.00 262.00 0.00 4.00 170.48
517.00 356.00 0.00 2.00 121.33
275.00 489.00 0.00 4.00 92.10
133.00 498.00 0.00 5.00 67.23
512.00 487.00 1.00 3.00 31.91
498.00 488.00 0.00 1.00 134.48
501.00 483.00 1.00 2.00 128.44
38.00 514.00 0.00 4.00 101.49
490.00 515.00 1.00 1.00 61.82
289.00 451.00 0.00 4.00 184.71
490.00 517.00 0.00 2.00 111.37
105.00 510.00 1.00 4.00 40.20
406.00 311.00 1.00 2.00 70.45
513.00 396.00 0.00 1.00 120.23
491.00 402.00 0.00 5.00 63.85
513.00 93.00 0.00 5.00 80.20
491.00 502.00 0.00 2.00 189.78
279.00 387.00 1.00 5.00 101.16
508.00 225.00 1.00 5.00 111.60
206.00 506.00 1.00 5.00 63.74
111.00 496.00 0.00 5.00 60.76
373.00 305.00 1.00 1.00 151.45
304.00 77.00 1.00 5.00 163.53
515.00 198.00 0.00 4.00 164.03
505.00 490.00 1.00 1.00 46.05
447.00 84.00 1.00 5.00 108.93
257.00 9.00 0.00 4.00 54.82
495.00 364.00 1.00 1.00 112.63
490.00 317.00 1.00 1.00 173.62
340.00 507.00 0.00 5.00 162.38
505.00 499.00 1.00 2.00 63.23
486.00 204.00 0.00 1.00 161.13
259.00 179.00 0.00 3.00 92.74
492.00 462.00 1.00 3.00 95.61
480.00 137.00 1.00 2.00 55.77
489.00 83.00 0.00 5.00 39.80
504.00 513.00 1.00 2.00 118.40
496.00 504.00 0.00 5.00 82.56
517.00 511.00 1.00 4.00 126.09
511.00 498.00 1.00 4.00 54.06
470.00 488.00 0.00 3.00 106.78
511.00 505.00 1.00 3.00 44.14
256.00 495.00 0.00 4.00 75.22
512.00 123.00 0.00 2.00 162.04
349.00 251.00 1.00 4.00 173.71
97.00 320.00 0.00 1.00 91.57
434.00 151.00 0.00 1.00 99.38
491.00 515.00 1.00 4.00 195.73
489.00 507.00 1.00 5.00 55.17
337.00 289.00 0.00 3.00 174.42
492.00 511.00 1.00 2.00 170.56
488.00 504.00 1.00 4.00 38.15
514.00 498.00 1.00 3.00 176.33
13.00 507.00 1.00 4.00 41.65
107.00 495.00 0.00 1.00 133.56
352.00 515.00 1.00 2.00 38.36
134.00 426.00 0.00 2.00 97.52
507.00 38.00 0.00 1.00 135.12
497.00 386.00 1.00 3.00 34.57
500.00 407.00 0.00 5.00 73.94
109.00 492.00 1.00 2.00 70.69
508.00 487.00 0.00 2.00 97.89
340.00 167.00 1.00 1.00 184.49
43.00 413.00 0.00 3.00 65.76
500.00 507.00 0.00 1.00 197.01
176.00 305.00 1.00 4.00 63.88
345.00 506.00 1.00 3.00 103.52
212.00 28.00 0.00 4.00 127.58
501.00 505.00 0.00 3.00 153.29
506.00 495.00 1.00 3.00 119.68
500.00 243.00 0.00 5.00 80.50
284.00 515.00 0.00 5.00 197.84
486.00 493.00 0.00 3.00 40.00
507.00 491.00 0.00 4.00 57.72
20.00 51.00 1.00 5.00 107.10
498.00 396.00 1.00 2.00 132.89
476.00 229.00 1.00 5.00 109.07
33.00 419.00 0.00 1.00 132.61
99.00 388.00 1.00 1.00 72.51
9.00 508.00 0.00 4.00 73.90
486.00 503.00 0.00 3.00 167.92
165.00 510.00 1.00 2.00 168.61
145.00 507.00 1.00 2.00 126.49
158.00 132.00 0.00 1.00 114.56
497.00 109.00 0.00 2.00 135.02
187.00 489.00 0.00 3.00 143.83
504.00 221.00 1.00 3.00 37.77
9.00 412.00 0.00 4.00 190.58
70.00 95.00 0.00 2.00 188.08
368.00 457.00 0.00 5.00 75.15
510.00 492.00 1.00 4.00 90.34
246.00 494.00 0.00 2.00 87.15
286.00 308.00 1.00 4.00 126.71
29.00 251.00 0.00 1.00 72.25
484.00 325.00 0.00 1.00 164.65
65.00 219.00 0.00 4.00 39.72
467.00 2.00 0.00 2.00 87.29
491.00 510.00 0.00 1.00 59.54
516.00 493.00 1.00 5.00 40.08
500.00 495.00 0.00 1.00 172.30
505.00 492.00 1.00 3.00 161.30
372.00 489.00 0.00 2.00 157.85
506.00 182.00 0.00 4.00 60.69
422.00 488.00 1.00 1.00 71.00
491.00 479.00 0.00 2.00 96.03
492.00 13.00 0.00 1.00 184.83
505.00 516.00 0.00 3.00 81.35
197.00 46.00 0.00 4.00 53.50
299.00 374.00 0.00 2.00 69.56
174.00 487.00 0.00 3.00 139.02
4.00 495.00 0.00 2.00 189.89
504.00 74.00 1.00 1.00 33.34
153.00 392.00 1.00 4.00 163.04
284.00 175.00 1.00 3.00 34.50
241.00 492.00 1.00 3.00 188.30
362.00 143.00 0.00 1.00 73.19
35.00 171.00 0.00 3.00 94.24
268.00 276.00 0.00 5.00 77.83
507.00 316.00 0.00 1.00 143.29
462.00 500.00 0.00 4.00 121.92
207.00 511.00 1.00 1.00 30.81
488.00 361.00 0.00 5.00 90.51
489.00 32.00 0.00 5.00 194.05
513.00 74.00 1.00 1.00 136.64
499.00 486.00 1.00 4.00 191.84
501.00 507.00 0.00 2.00 195.16
504.00 105.00 1.00 1.00 77.50
411.00 135.00 0.00 2.00 122.66
517.00 507.00 0.00 2.00 85.02
511.00 495.00 0.00 1.00 60.97
179.00 489.00 1.00 2.00 138.65
51.00 500.00 0.00 5.00 186.97
488.00 289.00 1.00 4.00 116.95
489.00 495.00 0.00 3.00 43.62
504.00 500.00 0.00 5.00 90.96
428.00 501.00 0.00 3.00 158.09
371.00 512.00 1.00 4.00 82.87
449.00 346.00 1.00 1.00 144.20
502.00 507.00 1.00 1.00 103.44
502.00 493.00 1.00 4.00 51.45
178.00 481.00 0.00 1.00 36.23
509.00 497.00 0.00 2.00 195.14
312.00 514.00 0.00 2.00 152.79
164.00 507.00 1.00 3.00 31.17
264.00 501.00 0.00 5.00 44.20
227.00 171.00 1.00 5.00 52.45
94.00 211.00 0.00 1.00 97.45
492.00 499.00 0.00 1.00 152.24
111.00 489.00 1.00 3.00 160.74
258.00 337.00 1.00 4.00 96.41
508.00 494.00 0.00 5.00 115.30
330.00 492.00 0.00 3.00 33.53
493.00 501.00 1.00 1.00 126.10
511.00 189.00 0.00 4.00 107.61
497.00 238.00 0.00 5.00 30.30
456.00 487.00 0.00 5.00 196.49
495.00 506.00 0.00 1.00 53.36
304.00 497.00 0.00 4.00 152.01
411.00 507.00 0.00 3.00 90.72
218.00 515.00 1.00 4.00 54.78
82.00 505.00 0.00 4.00 127.96
299.00 326.00 0.00 3.00 157.31
497.00 489.00 1.00 5.00 167.74
431.00 510.00 0.00 2.00 172.56
494.00 503.00 0.00 1.00 44.39
201.00 516.00 1.00 3.00 32.32
514.00 507.00 0.00 3.00 37.50
512.00 493.00 0.00 4.00 44.64
43.00 73.00 1.00 4.00 141.32
202.00 489.00 1.00 4.00 196.99
14.00 284.00 1.00 3.00 198.36
511.00 438.00 1.00 5.00 74.34
499.00 285.00 0.00 4.00 172.02
465.00 508.00 1.00 5.00 49.70
504.00 517.00 1.00 3.00 118.17
504.00 511.00 0.00 5.00 171.43
70.00 267.00 1.00 5.00 114.82
494.00 510.00 0.00 5.00 66.83
5.00 162.00 0.00 1.00 177.96
443.00 517.00 0.00 1.00 149.34
491.00 179.00 1.00 4.00 130.08
400.00 449.00 1.00 5.00 143.12
501.00 487.00 1.00 5.00 188.92
199.00 297.00 1.00 5.00 41.81
251.00 517.00 1.00 5.00 93.89
237.00 487.00 1.00 4.00 90.58
513.00 506.00 1.00 1.00 130.39
74.00 516.00 0.00 5.00 87.52
251.00 232.00 0.00 1.00 140.35
486.00 127.00 0.00 3.00 105.33
501.00 502.00 0.00 2.00 153.19
497.00 503.00 0.00 4.00 35.02
402.00 313.00 1.00 3.00 122.15
75.00 515.00 1.00 5.00 140.87
172.00 494.00 0.00 3.00 37.56
511.00 314.00 0.00 1.00 141.14
509.00 172.00 0.00 2.00 179.61
515.00 491.00 0.00 2.00 38.91
516.00 506.00 1.00 1.00 124.66
171.00 454.00 0.00 1.00 170.66
150.00 449.00 0.00 5.00 179.82
513.00 493.00 0.00 1.00 37.95
474.00 52.00 0.00 4.00 117.26
19.00 230.00 1.00 3.00 134.46
492.00 458.00 1.00 3.00 156.14
38.00 500.00 1.00 3.00 96.14
489.00 135.00 0.00 3.00 55.47
509.00 514.00 1.00 1.00 114.01
506.00 497.00 1.00 2.00 45.47
490.00 508.00 0.00 4.00 59.76
499.00 514.00 1.00 4.00 53.96
504.00 98.00 0.00 4.00 76.52
330.00 489.00 1.00 5.00 33.80
493.00 266.00 1.00 5.00 83.73
19.00 486.00 1.00 1.00 93.79
504.00 511.00 0.00 4.00 52.60
337.00 515.00 1.00 5.00 133.56
21.00 511.00 0.00 2.00 89.40
269.00 500.00 0.00 3.00 191.54
269.00 495.00 1.00 5.00 141.08
29.00 369.00 1.00 3.00 69.20
487.00 215.00 0.00 3.00 108.31
428.00 515.00 0.00 3.00 132.89
305.00 500.00 1.00 2.00 96.88
391.00 516.00 0.00 2.00 138.84
507.00 307.00 0.00 2.00 126.43
248.00 291.00 1.00 1.00 165.74
496.00 505.00 1.00 2.00 80.19
487.00 331.00 1.00 4.00 66.00
37.00 498.00 0.00 3.00 189.67
276.00 500.00 1.00 5.00 53.40
219.00 446.00 1.00 3.00 116.25
515.00 284.00 1.00 2.00 34.10
486.00 502.00 1.00 1.00 138.42
68.00 310.00 0.00 5.00 128.96
461.00 411.00 1.00 1.00 130.25
187.00 490.00 1.00 3.00 30.78
370.00 274.00 1.00 5.00 94.14
34.00 505.00 0.00 1.00 60.49
512.00 491.00 0.00 5.00 101.22
490.00 514.00 1.00 4.00 141.30
156.00 450.00 1.00 4.00 151.58
492.00 505.00 0.00 2.00 40.68
488.00 502.00 0.00 1.00 92.20
155.00 425.00 1.00 2.00 128.04
516.00 501.00 0.00 4.00 79.78
460.00 501.00 0.00 1.00 93.37
282.00 488.00 0.00 4.00 144.29
475.00 516.00 0.00 4.00 174.50
231.00 401.00 0.00 3.00 93.25
345.00 121.00 0.00 3.00 181.55
487.00 318.00 0.00 4.00 175.47
495.00 502.00 1.00 1.00 91.84
490.00 503.00 0.00 3.00 65.12
254.00 371.00 0.00 1.00 149.45
501.00 512.00 1.00 4.00 140.88
511.00 486.00 1.00 3.00 72.85
502.00 7.00 1.00 1.00 167.94
513.00 392.00 0.00 1.00 45.13
502.00 33.00 0.00 1.00 194.49
499.00 507.00 1.00 3.00 77.89
510.00 81.00 0.00 1.00 115.01
514.00 507.00 1.00 1.00 118.15
505.00 495.00 0.00 2.00 109.10
506.00 494.00 1.00 2.00 163.26
341.00 501.00 1.00 5.00 145.76
317.00 486.00 1.00 2.00 61.27
432.00 495.00 1.00 3.00 138.80
70.00 19.00 0.00 2.00 184.17
493.00 380.00 1.00 1.00 91.76
506.00 304.00 0.00 1.00 134.37
269.00 493.00 0.00 5.00 36.34
487.00 9.00 1.00 3.00 161.65
504.00 517.00 0.00 1.00 69.00
13.00 385.00 0.00 4.00 182.89
490.00 34.00 0.00 2.00 140.63
496.00 366.00 1.00 5.00 171.88
449.00 412.00 0.00 1.00 61.88
130.00 402.00 0.00 5.00 128.96
3.00 219.00 1.00 5.00 156.38
505.00 488.00 0.00 2.00 73.37
493.00 510.00 0.00 5.00 111.78
490.00 476.00 1.00 2.00 178.92
17.00 336.00 0.00 2.00 136.88
489.00 511.00 0.00 5.00 187.96
26.00 221.00 1.00 1.00 79.88
376.00 492.00 0.00 3.00 152.89
253.00 368.00 1.00 1.00 137.96
515.00 357.00 1.00 3.00 187.14
434.00 501.00 1.00 5.00 123.66
500.00 503.00 0.00 1.00 37.21
507.00 441.00 1.00 2.00 33.30
498.00 510.00 1.00 2.00 165.12
504.00 245.00 1.00 3.00 30.26
267.00 308.00 1.00 5.00 52.37
213.00 506.00 0.00 1.00 87.92
504.00 284.00 1.00 2.00 178.89
490.00 496.00 0.00 1.00 169.53
94.00 64.00 0.00 4.00 137.23
500.00 517.00 0.00 3.00 109.85
335.00 479.00 0.00 5.00 64.55
420.00 72.00 0.00 3.00 194.75
5.00 251.00 1.00 4.00 38.97
8.00 233.00 1.00 4.00 51.17
394.00 481.00 1.00 1.00 104.65
495.00 514.00 0.00 4.00 188.93
505.00 496.00 1.00 1.00 131.82
513.00 491.00 0.00 2.00 64.48
517.00 46.00 0.00 1.00 90.98
513.00 504.00 1.00 1.00 165.06
407.00 487.00 1.00 3.00 48.29
442.00 517.00 0.00 5.00 58.23
511.00 497.00 0.00 5.00 143.20
488.00 500.00 1.00 4.00 174.76
482.00 227.00 1.00 5.00 32.52
279.00 507.00 1.00 2.00 58.27
298.00 249.00 1.00 4.00 160.03
200.00 140.00 0.00 2.00 76.39
500.00 489.00 0.00 2.00 196.50
260.00 492.00 1.00 3.00 59.96
512.00 147.00 1.00 2.00 133.21
512.00 451.00 1.00 2.00 163.75
490.00 105.00 0.00 1.00 168.91
490.00 453.00 1.00 2.00 84.30
508.00 494.00 0.00 3.00 91.01
512.00 500.00 1.00 2.00 186.75
167.00 498.00 0.00 3.00 51.59
506.00 514.00 0.00 4.00 103.14
30.00 218.00 1.00 1.00 35.02
497.00 505.00 0.00 5.00 87.87
188.00 364.00 1.00 3.00 30.06
225.00 514.00 0.00 2.00 193.22
335.00 268.00 1.00 5.00 59.98
516.00 496.00 1.00 3.00 171.47
31.00 365.00 1.00 2.00 42.55
124.00 494.00 1.00 1.00 65.50
491.00 217.00 1.00 5.00 146.42
29.00 506.00 0.00 4.00 68.85
505.00 480.00 1.00 1.00 52.99
486.00 503.00 0.00 2.00 160.28
417.00 487.00 0.00 4.00 199.13
439.00 99.00 1.00 3.00 89.56
489.00 499.00 0.00 2.00 117.56
453.00 498.00 1.00 3.00 100.14
89.00 495.00 1.00 2.00 159.80
423.00 196.00 1.00 4.00 117.84
26.00 145.00 0.00 1.00 186.69
334.00 480.00 0.00 2.00 65.57
492.00 507.00 1.00 1.00 91.26
117.00 509.00 0.00 2.00 102.34
496.00 326.00 0.00 1.00 55.46
492.00 374.00 1.00 2.00 66.26
495.00 515.00 0.00 3.00 37.89
502.00 254.00 1.00 4.00 159.41
503.00 483.00 1.00 4.00 117.42
76.00 429.00 0.00 5.00 37.16
503.00 360.00 1.00 2.00 45.21
501.00 504.00 0.00 5.00 102.47
498.00 194.00 0.00 5.00 146.68
513.00 388.00 0.00 5.00 115.03
517.00 510.00 1.00 2.00 147.64
515.00 489.00 1.00 5.00 129.84
497.00 315.00 0.00 3.00 111.01
490.00 517.00 1.00 4.00 176.67
429.00 53.00 1.00 2.00 133.05
510.00 505.00 1.00 5.00 175.84
168.00 509.00 0.00 4.00 152.03
75.00 335.00 0.00 3.00 160.92
498.00 491.00 1.00 4.00 192.71
517.00 172.00 0.00 4.00 140.15
513.00 16.00 0.00 2.00 33.42
489.00 509.00 0.00 3.00 129.69
394.00 488.00 1.00 3.00 103.70
497.00 490.00 0.00 3.00 54.30
493.00 469.00 1.00 5.00 124.27
297.00 268.00 0.00 1.00 150.42
491.00 366.00 0.00 1.00 121.99
181.00 512.00 1.00 1.00 32.23
380.00 498.00 0.00 4.00 98.53
499.00 505.00 0.00 5.00 106.91
496.00 514.00 1.00 3.00 150.95
512.00 155.00 0.00 4.00 131.65
493.00 511.00 0.00 4.00 164.67
487.00 137.00 0.00 5.00 47.58
516.00 493.00 1.00 3.00 48.70
197.00 509.00 0.00 5.00 81.74
512.00 498.00 1.00 1.00 98.12
68.00 206.00 1.00 4.00 59.63
486.00 508.00 1.00 1.00 182.64
488.00 441.00 1.00 2.00 78.82
454.00 115.00 1.00 5.00 132.58
514.00 499.00 0.00 1.00 105.95
509.00 104.00 0.00 1.00 31.46
272.00 414.00 0.00 5.00 125.80
474.00 510.00 0.00 5.00 186.41
224.00 390.00 0.00 3.00 156.38
443.00 516.00 0.00 1.00 192.90
266.00 508.00 1.00 2.00 177.12
393.00 418.00 1.00 5.00 108.55
488.00 513.00 1.00 1.00 159.04
192.00 500.00 0.00 5.00 58.32
499.00 437.00 0.00 5.00 72.58
504.00 494.00 0.00 2.00 189.88
466.00 515.00 0.00 4.00 32.24
495.00 115.00 1.00 1.00 163.63
459.00 422.00 1.00 4.00 194.31
495.00 285.00 0.00 5.00 190.31
375.00 391.00 1.00 1.00 100.79
516.00 46.00 1.00 2.00 38.18
8.00 489.00 0.00 3.00 112.31
517.00 490.00 1.00 1.00 139.30
401.00 490.00 1.00 5.00 180.15
493.00 261.00 1.00 3.00 143.09
494.00 505.00 1.00 5.00 131.66
511.00 4.00 0.00 5.00 122.51
492.00 513.00 1.00 3.00 169.33
506.00 46.00 1.00 5.00 131.38
501.00 94.00 1.00 2.00 197.09
498.00 357.00 0.00 4.00 194.83
312.00 489.00 1.00 3.00 119.07
509.00 488.00 1.00 3.00 103.99
497.00 488.00 1.00 1.00 151.78
507.00 501.00 0.00 3.00 128.87
43.00 492.00 1.00 2.00 47.96
487.00 514.00 1.00 2.00 169.82
506.00 408.00 1.00 5.00 92.34
492.00 343.00 0.00 5.00 58.99
399.00 70.00 1.00 1.00 57.48
319.00 516.00 1.00 2.00 90.60
293.00 227.00 0.00 4.00 143.77
486.00 493.00 1.00 3.00 37.28
504.00 493.00 1.00 2.00 64.74
510.00 221.00 0.00 5.00 63.55
515.00 508.00 0.00 5.00 84.76
491.00 502.00 1.00 4.00 145.13
509.00 158.00 1.00 5.00 136.56
286.00 509.00 1.00 3.00 151.41
346.00 365.00 1.00 4.00 192.70
489.00 182.00 0.00 3.00 37.49
506.00 491.00 1.00 2.00 162.41
67.00 514.00 0.00 3.00 112.25
389.00 517.00 0.00 5.00 72.64
452.00 514.00 1.00 1.00 99.12
483.00 220.00 0.00 3.00 176.15
454.00 470.00 1.00 5.00 100.36
509.00 390.00 0.00 2.00 159.64
514.00 14.00 1.00 5.00 117.34
506.00 274.00 0.00 2.00 189.94
224.00 406.00 1.00 3.00 62.62
514.00 504.00 0.00 2.00 41.86
486.00 505.00 1.00 4.00 109.20
508.00 116.00 0.00 2.00 138.19
505.00 501.00 0.00 4.00 107.56
505.00 47.00 0.00 4.00 100.95
493.00 280.00 0.00 5.00 61.03
510.00 244.00 0.00 1.00 175.37
121.00 487.00 1.00 1.00 154.60
80.00 517.00 1.00 5.00 49.02
516.00 330.00 1.00 5.00 75.43
497.00 262.00 0.00 2.00 65.64
415.00 500.00 0.00 3.00 155.80
500.00 508.00 1.00 5.00 114.63
512.00 155.00 0.00 1.00 53.49
486.00 5.00 1.00 3.00 164.12
502.00 499.00 1.00 2.00 39.69
494.00 484.00 1.00 5.00 139.16
68.00 488.00 1.00 1.00 168.09
506.00 513.00 1.00 2.00 73.89
487.00 494.00 1.00 1.00 81.90
496.00 37.00 0.00 4.00 105.42
91.00 387.00 1.00 5.00 142.00
231.00 495.00 1.00 1.00 181.40
355.00 490.00 1.00 5.00 84.63
217.00 412.00 0.00 3.00 60.51
418.00 456.00 0.00 1.00 37.66
215.00 502.00 1.00 5.00 197.40
495.00 103.00 0.00 2.00 121.49
428.00 492.00 1.00 4.00 39.05
490.00 225.00 0.00 1.00 132.42
497.00 139.00 0.00 1.00 110.66
507.00 500.00 0.00 5.00 77.46
491.00 436.00 0.00 5.00 163.48
494.00 510.00 0.00 5.00 135.04
488.00 512.00 1.00 2.00 94.08
490.00 496.00 1.00 2.00 150.04
47.00 167.00 0.00 4.00 121.01
497.00 111.00 0.00 1.00 152.91
259.00 502.00 0.00 3.00 82.68
149.00 495.00 1.00 1.00 196.46
200.00 115.00 0.00 3.00 134.95
41.00 511.00 0.00 5.00 36.19
301.00 505.00 0.00 1.00 56.51
448.00 287.00 1.00 3.00 52.36
512.00 506.00 1.00 3.00 132.02
478.00 162.00 0.00 2.00 159.18
487.00 148.00 0.00 2.00 115.88
205.00 359.00 1.00 3.00 47.34
282.00 502.00 0.00 5.00 136.50
359.00 492.00 0.00 3.00 125.52
506.00 420.00 0.00 4.00 58.87
192.00 32.00 1.00 2.00 93.48
224.00 492.00 0.00 4.00 180.81
191.00 222.00 0.00 1.00 158.69
509.00 504.00 1.00 1.00 34.04
503.00 500.00 1.00 3.00 100.49
125.00 491.00 0.00 1.00 88.87
504.00 206.00 0.00 2.00 98.64
292.00 494.00 1.00 3.00 188.83
499.00 515.00 0.00 1.00 191.28
501.00 234.00 0.00 5.00 31.79
501.00 208.00 1.00 3.00 91.76
359.00 348.00 0.00 3.00 75.55
513.00 387.00 0.00 2.00 114.82
503.00 86.00 1.00 1.00 128.56
396.00 508.00 0.00 5.00 192.39
421.00 303.00 1.00 2.00 144.76
88.00 73.00 0.00 4.00 107.93
464.00 396.00 1.00 4.00 125.79
326.00 396.00 0.00 1.00 51.38
421.00 244.00 1.00 4.00 48.56
490.00 503.00 1.00 5.00 88.83
13.00 514.00 0.00 4.00 90.50
65.00 376.00 1.00 2.00 101.01
507.00 66.00 1.00 4.00 77.63
511.00 216.00 0.00 2.00 85.24
274.00 499.00 1.00 2.00 80.59
502.00 509.00 1.00 2.00 90.53
488.00 495.00 1.00 5.00 61.47
487.00 5.00 1.00 5.00 130.12
414.00 431.00 1.00 1.00 150.60
516.00 124.00 0.00 3.00 191.59
489.00 278.00 0.00 2.00 143.79
179.00 203.00 1.00 4.00 113.32
437.00 506.00 1.00 4.00 182.50
20.00 394.00 0.00 4.00 93.65
38.00 494.00 0.00 1.00 77.80
494.00 401.00 0.00 5.00 149.66
23.00 21.00 1.00 4.00 120.95
498.00 481.00 0.00 4.00 33.27
261.00 510.00 1.00 1.00 44.45
501.00 513.00 1.00 3.00 142.65
105.00 491.00 0.00 5.00 30.19
217.00 342.00 1.00 1.00 93.10
497.00 313.00 0.00 4.00 148.76
463.00 504.00 0.00 5.00 119.31
506.00 380.00 1.00 5.00 96.50
168.00 512.00 0.00 3.00 199.67
178.00 487.00 0.00 1.00 150.36
492.00 360.00 0.00 3.00 141.39
1.00 507.00 0.00 1.00 157.43
55.00 41.00 1.00 2.00 118.20
491.00 505.00 1.00 2.00 88.40
511.00 155.00 1.00 4.00 156.03
408.00 364.00 0.00 5.00 31.47
475.00 160.00 1.00 5.00 66.83
493.00 394.00 0.00 2.00 175.29
512.00 517.00 1.00 3.00 76.35
23.00 517.00 1.00 3.00 105.57
499.00 164.00 1.00 2.00 108.23
145.00 199.00 1.00 1.00 42.02
428.00 181.00 1.00 5.00 44.43
490.00 422.00 1.00 2.00 69.33
494.00 343.00 0.00 4.00 165.82
154.00 500.00 0.00 5.00 160.55
494.00 501.00 1.00 4.00 135.03
488.00 254.00 0.00 4.00 96.90
510.00 494.00 1.00 2.00 137.13
494.00 499.00 0.00 1.00 172.34
505.00 493.00 1.00 1.00 136.04
493.00 505.00 1.00 5.00 129.22
505.00 22.00 1.00 4.00 53.11
325.00 496.00 0.00 1.00 151.80
346.00 498.00 1.00 3.00 157.63
515.00 492.00 0.00 1.00 96.30
490.00 501.00 0.00 2.00 191.28
205.00 456.00 1.00 4.00 120.17
514.00 506.00 0.00 3.00 183.74
217.00 516.00 1.00 4.00 101.34
373.00 497.00 0.00 4.00 153.59
514.00 18.00 1.00 3.00 145.23
488.00 325.00 0.00 2.00 93.34
494.00 202.00 1.00 4.00 197.24
118.00 259.00 1.00 2.00 35.47
19.00 414.00 0.00 3.00 112.64
389.00 332.00 1.00 2.00 47.51
326.00 88.00 0.00 1.00 42.41
389.00 500.00 0.00 2.00 61.42
489.00 411.00 1.00 2.00 175.24
300.00 514.00 1.00 5.00 94.40
506.00 68.00 0.00 1.00 100.76
506.00 512.00 1.00 1.00 116.45
494.00 489.00 0.00 3.00 170.11
273.00 504.00 1.00 5.00 73.05
509.00 279.00 1.00 2.00 84.96
508.00 503.00 0.00 1.00 172.59
515.00 98.00 1.00 3.00 190.59
167.00 61.00 1.00 2.00 57.61
390.00 513.00 1.00 3.00 129.04
499.00 505.00 1.00 2.00 167.45
489.00 513.00 0.00 3.00 56.68
117.00 487.00 0.00 4.00 185.96
510.00 491.00 1.00 2.00 113.11
407.00 322.00 1.00 1.00 183.88
490.00 311.00 1.00 3.00 194.80
427.00 514.00 0.00 5.00 87.84
5.00 505.00 1.00 3.00 80.17
510.00 111.00 1.00 3.00 113.12
1.00 411.00 0.00 5.00 56.79
78.00 499.00 0.00 5.00 109.08
512.00 402.00 0.00 4.00 173.14
409.00 290.00 1.00 2.00 178.79
511.00 90.00 1.00 3.00 195.51
142.00 271.00 1.00 2.00 165.34
511.00 503.00 1.00 5.00 89.30
510.00 497.00 0.00 1.00 36.47
102.00 142.00 1.00 4.00 170.11
434.00 184.00 0.00 1.00 65.06
194.00 376.00 1.00 3.00 147.78
502.00 177.00 0.00 4.00 71.62
358.00 413.00 1.00 3.00 71.83
487.00 442.00 0.00 2.00 97.42
272.00 163.00 0.00 1.00 85.43
14.00 503.00 1.00 4.00 176.11
490.00 310.00 0.00 1.00 87.09
104.00 34.00 0.00 3.00 172.24
340.00 258.00 1.00 1.00 185.11
495.00 504.00 1.00 5.00 179.86
278.00 75.00 1.00 2.00 73.65
89.00 489.00 1.00 2.00 195.75
178.00 65.00 1.00 1.00 46.46
499.00 486.00 0.00 3.00 113.45
512.00 491.00 0.00 5.00 96.02
194.00 515.00 0.00 3.00 149.46
491.00 201.00 0.00 1.00 194.77
60.00 462.00 0.00 5.00 90.00
509.00 304.00 0.00 3.00 42.51
306.00 67.00 1.00 1.00 146.42
206.00 356.00 0.00 5.00 63.04
501.00 507.00 0.00 4.00 151.28
490.00 107.00 0.00 1.00 77.85
505.00 513.00 1.00 3.00 61.82
491.00 225.00 0.00 5.00 78.13
285.00 508.00 0.00 5.00 82.69
489.00 514.00 1.00 3.00 130.79
294.00 445.00 0.00 4.00 70.77
175.00 514.00 0.00 4.00 94.15
235.00 3.00 0.00 3.00 152.44
495.00 126.00 1.00 1.00 113.11
470.00 141.00 1.00 5.00 82.73
496.00 512.00 1.00 5.00 68.36
504.00 140.00 1.00 3.00 91.71
261.00 492.00 1.00 4.00 101.67
206.00 498.00 0.00 3.00 106.24
438.00 512.00 0.00 4.00 159.42
494.00 209.00 0.00 1.00 184.40
492.00 506.00 0.00 2.00 146.55
19.00 515.00 1.00 3.00 127.06
436.00 235.00 0.00 4.00 187.10
471.00 489.00 0.00 2.00 101.29
321.00 490.00 0.00 2.00 136.49
362.00 514.00 1.00 1.00 48.66
0.00 464.00 1.00 4.00 54.02
497.00 483.00 1.00 4.00 136.51
504.00 213.00 1.00 3.00 146.60
400.00 76.00 1.00 5.00 59.86
4.00 335.00 0.00 3.00 192.62
486.00 375.00 1.00 5.00 181.25
514.00 499.00 0.00 5.00 110.44
515.00 499.00 0.00 3.00 99.82
288.00 388.00 1.00 3.00 166.07
517.00 496.00 0.00 4.00 59.19
507.00 169.00 1.00 4.00 94.02
498.00 435.00 1.00 1.00 117.50
416.00 281.00 1.00 4.00 180.30
515.00 504.00 1.00 1.00 191.01
103.00 496.00 0.00 3.00 154.49
491.00 501.00 1.00 3.00 199.03
109.00 375.00 1.00 2.00 132.90
493.00 515.00 0.00 3.00 57.64
87.00 312.00 0.00 3.00 130.48
112.00 511.00 1.00 5.00 151.34
82.00 505.00 0.00 1.00 199.09
172.00 494.00 0.00 3.00 32.07
117.00 307.00 1.00 1.00 105.71
495.00 509.00 1.00 5.00 137.17
466.00 499.00 1.00 4.00 149.95
316.00 490.00 1.00 4.00 89.56
192.00 428.00 1.00 5.00 140.43
488.00 515.00 0.00 5.00 51.02
341.00 514.00 0.00 5.00 137.86
496.00 486.00 1.00 4.00 101.28
37.00 503.00 1.00 4.00 124.32
219.00 493.00 0.00 3.00 41.95
186.00 37.00 0.00 1.00 116.27
504.00 155.00 0.00 4.00 97.22
507.00 41.00 1.00 4.00 136.89
222.00 455.00 1.00 2.00 69.48
503.00 192.00 1.00 5.00 174.35
435.00 499.00 0.00 1.00 60.89
117.00 509.00 0.00 3.00 139.19
490.00 506.00 1.00 5.00 86.88
488.00 360.00 0.00 5.00 50.19
491.00 48.00 1.00 3.00 112.58
487.00 348.00 1.00 5.00 38.66
498.00 181.00 1.00 1.00 37.83
76.00 452.00 0.00 3.00 70.32
102.00 115.00 0.00 4.00 73.22
488.00 500.00 0.00 2.00 142.13
507.00 254.00 0.00 1.00 111.14
516.00 486.00 0.00 1.00 94.13
501.00 495.00 0.00 2.00 199.08
517.00 508.00 1.00 1.00 182.55
500.00 331.00 0.00 1.00 144.50
435.00 129.00 1.00 1.00 100.97
498.00 515.00 0.00 2.00 149.64
52.00 515.00 1.00 1.00 95.76
496.00 505.00 1.00 4.00 105.22
287.00 499.00 1.00 4.00 156.23
508.00 494.00 0.00 4.00 81.55
510.00 487.00 1.00 3.00 168.00
488.00 494.00 0.00 1.00 117.84
390.00 88.00 1.00 4.00 152.70
508.00 426.00 1.00 3.00 32.61
511.00 106.00 1.00 3.00 34.84
27.00 507.00 1.00 4.00 78.21
493.00 502.00 0.00 3.00 142.78
509.00 487.00 0.00 3.00 30.65
365.00 505.00 1.00 4.00 34.01
487.00 504.00 1.00 1.00 96.68
242.00 517.00 1.00 3.00 187.60
493.00 487.00 1.00 3.00 61.25
503.00 501.00 0.00 5.00 66.14
487.00 294.00 1.00 2.00 33.85
493.00 142.00 0.00 1.00 102.18
494.00 87.00 0.00 2.00 46.82
338.00 414.00 0.00 1.00 194.96
3.00 506.00 1.00 1.00 140.30
490.00 506.00 0.00 2.00 168.27
284.00 117.00 1.00 3.00 47.52
390.00 516.00 1.00 5.00 150.56
514.00 489.00 1.00 1.00 49.96
68.00 511.00 1.00 2.00 87.42
486.00 514.00 0.00 1.00 198.58
506.00 517.00 0.00 3.00 104.81
164.00 60.00 0.00 5.00 152.49
499.00 510.00 0.00 1.00 73.55
495.00 515.00 1.00 2.00 130.17
506.00 454.00 1.00 4.00 68.86
510.00 498.00 1.00 2.00 80.14
294.00 300.00 1.00 3.00 111.84
513.00 487.00 0.00 5.00 123.96
471.00 515.00 1.00 1.00 69.05
194.00 501.00 0.00 5.00 36.92
491.00 425.00 0.00 5.00 33.58
100.00 430.00 1.00 2.00 184.31
513.00 499.00 0.00 4.00 93.56
513.00 335.00 1.00 3.00 151.48
404.00 501.00 1.00 1.00 186.26
173.00 502.00 1.00 3.00 98.31
323.00 149.00 1.00 4.00 185.43
240.00 495.00 0.00 5.00 40.37
500.00 488.00 0.00 4.00 90.97
497.00 502.00 0.00 2.00 141.60
486.00 508.00 0.00 3.00 184.21
33.00 488.00 0.00 4.00 65.27
515.00 487.00 1.00 5.00 131.79
494.00 514.00 0.00 4.00 35.60
508.00 231.00 1.00 1.00 30.25
512.00 488.00 0.00 3.00 140.76
505.00 393.00 0.00 1.00 60.23
317.00 486.00 0.00 2.00 160.42
491.00 298.00 0.00 5.00 95.65
500.00 517.00 1.00 5.00 97.85
505.00 416.00 1.00 5.00 40.32
500.00 250.00 1.00 4.00 180.97
6.00 239.00 1.00 2.00 129.53
276.00 488.00 1.00 1.00 79.70
517.00 487.00 1.00 4.00 139.17
492.00 251.00 0.00 4.00 155.40
495.00 507.00 1.00 2.00 51.09
515.00 497.00 1.00 2.00 170.46
212.00 512.00 0.00 4.00 45.62
501.00 98.00 1.00 5.00 46.80
500.00 249.00 1.00 4.00 197.75
75.00 165.00 0.00 1.00 78.03
498.00 515.00 1.00 4.00 185.51
489.00 508.00 1.00 5.00 138.50
494.00 505.00 0.00 1.00 69.43
383.00 506.00 0.00 5.00 67.47
515.00 440.00 1.00 4.00 139.37
503.00 469.00 0.00 3.00 56.43
495.00 507.00 1.00 5.00 88.34
492.00 506.00 0.00 5.00 126.35
516.00 498.00 0.00 5.00 165.80
498.00 356.00 0.00 5.00 96.15
400.00 480.00 1.00 2.00 184.82
516.00 334.00 0.00 5.00 190.22
197.00 511.00 0.00 1.00 156.27
471.00 221.00 0.00 1.00 174.57
15.00 346.00 0.00 1.00 185.49
503.00 512.00 0.00 2.00 167.49
498.00 512.00 0.00 5.00 53.93
396.00 487.00 1.00 4.00 44.60
165.00 64.00 0.00 5.00 181.70
514.00 325.00 1.00 2.00 78.73
232.00 500.00 1.00 2.00 49.84
504.00 497.00 1.00 3.00 86.65
512.00 494.00 0.00 5.00 40.52
486.00 257.00 1.00 5.00 77.11
288.00 496.00 1.00 4.00 125.16
506.00 33.00 1.00 4.00 134.44
294.00 514.00 1.00 3.00 73.96
351.00 463.00 1.00 3.00 77.51
516.00 490.00 0.00 1.00 123.81
441.00 516.00 0.00 2.00 64.71
29.00 506.00 1.00 4.00 46.36
511.00 498.00 0.00 4.00 127.25
488.00 516.00 1.00 1.00 167.47
505.00 500.00 1.00 4.00 192.80
513.00 239.00 0.00 1.00 119.60
515.00 270.00 0.00 4.00 123.32
398.00 516.00 0.00 2.00 106.91
52.00 503.00 0.00 4.00 51.55
505.00 516.00 0.00 1.00 126.69
506.00 311.00 1.00 5.00 133.91
507.00 205.00 0.00 5.00 171.11
514.00 499.00 1.00 5.00 39.77
369.00 60.00 1.00 3.00 36.83
492.00 31.00 0.00 3.00 100.34
495.00 372.00 0.00 2.00 88.30
372.00 499.00 0.00 5.00 48.79
506.00 309.00 0.00 4.00 185.03
499.00 201.00 0.00 5.00 67.84
297.00 506.00 0.00 1.00 136.37
415.00 493.00 0.00 2.00 45.67
161.00 195.00 0.00 5.00 174.57
142.00 493.00 1.00 5.00 151.47
498.00 118.00 0.00 4.00 141.11
170.00 156.00 0.00 4.00 133.36
278.00 309.00 0.00 5.00 76.92
306.00 498.00 1.00 4.00 186.92
376.00 498.00 1.00 2.00 121.33
505.00 254.00 1.00 2.00 99.67
504.00 240.00 1.00 5.00 127.55
494.00 509.00 1.00 4.00 128.95
94.00 507.00 0.00 1.00 160.26
498.00 492.00 1.00 5.00 187.52
502.00 498.00 0.00 5.00 136.21
277.00 167.00 0.00 3.00 152.57
39.00 499.00 1.00 5.00 96.83
489.00 510.00 0.00 3.00 107.06
210.00 299.00 0.00 5.00 140.48
111.00 491.00 1.00 2.00 132.32
499.00 491.00 1.00 1.00 140.08
99.00 511.00 0.00 1.00 152.64
509.00 409.00 1.00 1.00 196.30
10.00 490.00 1.00 1.00 96.20
59.00 500.00 0.00 2.00 118.87
508.00 146.00 0.00 3.00 43.86
503.00 339.00 0.00 5.00 178.32
39.00 247.00 0.00 4.00 50.97
496.00 333.00 1.00 5.00 128.88
486.00 233.00 1.00 5.00 99.60
388.00 441.00 1.00 3.00 102.55
501.00 487.00 0.00 2.00 45.74
204.00 315.00 0.00 3.00 143.85
433.00 487.00 0.00 5.00 197.49
402.00 127.00 1.00 5.00 196.05
503.00 516.00 0.00 3.00 76.56
393.00 512.00 0.00 4.00 73.98
506.00 6.00 1.00 5.00 96.13
516.00 59.00 1.00 1.00 114.06
269.00 491.00 0.00 4.00 138.70
127.00 501.00 1.00 3.00 142.99
39.00 361.00 1.00 5.00 174.89
513.00 334.00 1.00 4.00 90.97
511.00 284.00 1.00 4.00 53.14
81.00 513.00 0.00 5.00 68.12
499.00 505.00 1.00 4.00 63.44
407.00 432.00 0.00 2.00 121.34
489.00 357.00 1.00 2.00 168.54
309.00 462.00 1.00 3.00 97.59
515.00 509.00 0.00 2.00 47.90
287.00 510.00 0.00 3.00 142.05
225.00 284.00 0.00 4.00 120.21
432.00 490.00 0.00 3.00 83.45
487.00 507.00 0.00 2.00 169.81
501.00 513.00 1.00 2.00 115.06
485.00 498.00 1.00 5.00 111.40
509.00 199.00 1.00 2.00 114.06
492.00 507.00 0.00 3.00 30.45
256.00 511.00 1.00 4.00 151.00
516.00 402.00 1.00 1.00 144.45
498.00 59.00 0.00 2.00 32.54
412.00 110.00 1.00 3.00 127.23
492.00 143.00 0.00 2.00 51.18
393.00 432.00 0.00 4.00 86.95
274.00 71.00 1.00 5.00 49.79
412.00 223.00 0.00 2.00 166.54
515.00 344.00 1.00 5.00 78.17
133.00 198.00 0.00 4.00 189.81
42.00 490.00 0.00 2.00 166.48
495.00 234.00 1.00 3.00 122.11
493.00 516.00 1.00 1.00 75.55
493.00 349.00 1.00 2.00 34.55
506.00 422.00 1.00 4.00 49.69
334.00 324.00 1.00 4.00 161.97
512.00 487.00 1.00 4.00 58.50
379.00 426.00 1.00 5.00 130.29
144.00 494.00 0.00 2.00 101.81
487.00 513.00 1.00 4.00 54.45
341.00 467.00 0.00 4.00 120.04
292.00 11.00 0.00 3.00 110.90
31.00 490.00 0.00 3.00 149.15
488.00 234.00 0.00 5.00 62.39
489.00 504.00 1.00 4.00 131.63
133.00 479.00 1.00 4.00 39.28
183.00 295.00 0.00 3.00 173.94
167.00 263.00 0.00 3.00 104.30
155.00 319.00 0.00 1.00 79.29
487.00 492.00 0.00 1.00 83.93
415.00 507.00 1.00 2.00 152.82
516.00 497.00 0.00 2.00 184.24
239.00 189.00 0.00 4.00 52.93
487.00 505.00 0.00 2.00 148.99
0.00 284.00 1.00 2.00 43.53
492.00 178.00 0.00 3.00 195.18
385.00 492.00 0.00 1.00 174.69
514.00 155.00 1.00 5.00 64.46
498.00 512.00 1.00 3.00 33.00
504.00 51.00 0.00 3.00 101.39
489.00 508.00 0.00 3.00 58.26
409.00 501.00 0.00 3.00 131.63
508.00 109.00 1.00 4.00 171.80
511.00 517.00 1.00 4.00 187.38
510.00 497.00 1.00 3.00 86.40
335.00 505.00 1.00 3.00 186.15
209.00 37.00 0.00 5.00 90.72
499.00 225.00 1.00 3.00 48.65
116.00 515.00 1.00 5.00 104.35
504.00 320.00 1.00 2.00 58.80
507.00 487.00 1.00 5.00 62.70
25.00 494.00 1.00 5.00 174.67
75.00 475.00 1.00 5.00 110.02
488.00 226.00 1.00 2.00 142.40
503.00 500.00 1.00 5.00 57.53
511.00 490.00 0.00 2.00 155.35
171.00 506.00 1.00 2.00 190.24
502.00 515.00 1.00 2.00 148.95
193.00 390.00 1.00 2.00 145.56
209.00 488.00 1.00 1.00 92.32
79.00 501.00 1.00 1.00 52.03
500.00 142.00 1.00 3.00 105.94
488.00 496.00 0.00 3.00 102.29
456.00 112.00 0.00 5.00 51.11
267.00 300.00 1.00 3.00 81.92
61.00 178.00 1.00 2.00 70.15
323.00 498.00 1.00 1.00 82.03
497.00 486.00 1.00 4.00 162.83
502.00 85.00 1.00 3.00 116.17
499.00 38.00 1.00 5.00 101.93
52.00 148.00 0.00 4.00 183.35
509.00 372.00 0.00 2.00 60.26
416.00 508.00 0.00 4.00 152.62
224.00 252.00 0.00 4.00 183.31
513.00 493.00 0.00 2.00 103.20
92.00 56.00 0.00 1.00 175.44
115.00 515.00 0.00 3.00 68.88
107.00 486.00 0.00 1.00 66.15
510.00 499.00 0.00 4.00 91.95
65.00 505.00 1.00 3.00 63.35
485.00 55.00 1.00 2.00 142.85
505.00 491.00 1.00 5.00 30.39
513.00 503.00 0.00 1.00 90.62
495.00 487.00 1.00 2.00 142.87
490.00 501.00 1.00 2.00 145.43
486.00 491.00 0.00 4.00 135.79
499.00 491.00 1.00 3.00 145.29
14.00 486.00 0.00 3.00 186.35
296.00 492.00 0.00 1.00 179.42
331.00 66.00 0.00 4.00 91.24
38.00 395.00 1.00 1.00 120.69
250.00 506.00 0.00 2.00 148.92
493.00 320.00 0.00 5.00 163.36
302.00 516.00 0.00 4.00 153.46
512.00 281.00 1.00 1.00 34.12
481.00 330.00 0.00 1.00 171.61
497.00 83.00 0.00 1.00 131.89
504.00 346.00 0.00 5.00 155.46
483.00 509.00 0.00 1.00 124.24
333.00 264.00 1.00 1.00 86.05
516.00 437.00 1.00 4.00 147.20
420.00 264.00 0.00 4.00 73.50
46.00 69.00 1.00 1.00 191.66
505.00 497.00 1.00 3.00 157.37
56.00 156.00 1.00 3.00 100.72
150.00 484.00 1.00 3.00 123.68
195.00 97.00 1.00 4.00 163.04
159.00 492.00 1.00 4.00 71.31
44.00 194.00 0.00 4.00 128.47
498.00 508.00 1.00 4.00 170.78
502.00 319.00 0.00 3.00 72.13
112.00 502.00 0.00 1.00 95.77
426.00 486.00 1.00 3.00 53.49
390.00 374.00 0.00 1.00 88.02
462.00 506.00 1.00 3.00 174.72
236.00 176.00 1.00 4.00 65.20
429.00 364.00 0.00 1.00 59.21
352.00 509.00 0.00 4.00 66.98
313.00 411.00 1.00 1.00 141.53
170.00 392.00 1.00 1.00 40.09
308.00 55.00 1.00 2.00 104.05
501.00 129.00 0.00 5.00 102.33
305.00 254.00 1.00 2.00 184.97
168.00 497.00 1.00 4.00 136.33
517.00 511.00 0.00 5.00 57.54
511.00 516.00 0.00 1.00 170.05
502.00 498.00 1.00 3.00 155.61
514.00 306.00 0.00 4.00 157.77
63.00 501.00 1.00 4.00 71.96
507.00 224.00 1.00 5.00 164.74
496.00 168.00 1.00 1.00 77.27
20.00 157.00 1.00 5.00 186.61
516.00 271.00 0.00 2.00 32.17
345.00 420.00 0.00 3.00 150.24
507.00 515.00 1.00 1.00 164.48
516.00 366.00 0.00 5.00 146.90
50.00 503.00 0.00 2.00 191.77
510.00 109.00 0.00 5.00 197.31
514.00 509.00 0.00 2.00 73.23
103.00 276.00 0.00 1.00 94.93
308.00 503.00 0.00 1.00 54.53
423.00 502.00 1.00 2.00 66.84
489.00 198.00 0.00 3.00 120.12
494.00 499.00 1.00 2.00 137.54
502.00 178.00 0.00 4.00 191.47
499.00 517.00 0.00 5.00 152.15
498.00 74.00 1.00 2.00 95.17
505.00 239.00 0.00 5.00 45.36
490.00 431.00 1.00 3.00 172.79
498.00 105.00 0.00 3.00 146.97
492.00 499.00 0.00 4.00 79.93
77.00 513.00 1.00 3.00 138.67
496.00 11.00 0.00 2.00 41.76
73.00 508.00 0.00 3.00 91.18
25.00 511.00 1.00 4.00 80.37
376.00 172.00 0.00 5.00 113.46
450.00 436.00 1.00 1.00 149.18
301.00 488.00 1.00 5.00 192.25
512.00 66.00 0.00 2.00 86.77
437.00 84.00 1.00 5.00 98.66
313.00 503.00 0.00 4.00 176.46
207.00 401.00 1.00 3.00 88.95
426.00 378.00 1.00 5.00 98.52
501.00 112.00 0.00 3.00 56.35
66.00 86.00 1.00 1.00 165.17
491.00 505.00 0.00 5.00 92.87
138.00 491.00 0.00 3.00 93.71
321.00 404.00 0.00 3.00 195.61
504.00 53.00 0.00 3.00 175.16
498.00 490.00 1.00 3.00 126.27
444.00 40.00 1.00 4.00 109.26
493.00 130.00 0.00 5.00 173.62
17.00 496.00 1.00 1.00 108.23
332.00 272.00 0.00 4.00 158.38
503.00 339.00 1.00 1.00 73.16
490.00 497.00 0.00 2.00 193.98
499.00 510.00 1.00 1.00 86.98
339.00 468.00 0.00 4.00 83.72
506.00 147.00 0.00 4.00 34.14
512.00 488.00 0.00 3.00 103.46
507.00 73.00 0.00 4.00 139.46
155.00 506.00 0.00 2.00 41.52
509.00 10.00 1.00 3.00 125.05
227.00 511.00 1.00 3.00 35.78
268.00 508.00 1.00 1.00 154.10
39.00 493.00 1.00 3.00 127.44
510.00 505.00 0.00 2.00 86.81
56.00 349.00 0.00 3.00 171.98
416.00 517.00 1.00 5.00 113.06
486.00 423.00 1.00 5.00 149.00
513.00 502.00 1.00 2.00 186.48
453.00 110.00 1.00 2.00 113.06
156.00 414.00 1.00 2.00 87.89
510.00 501.00 0.00 3.00 131.96
512.00 493.00 0.00 4.00 133.96
503.00 303.00 0.00 3.00 91.26
505.00 173.00 1.00 1.00 109.35
493.00 323.00 0.00 5.00 123.29
93.00 489.00 1.00 5.00 76.45
395.00 351.00 1.00 5.00 190.41
371.00 120.00 0.00 2.00 163.09
59.00 504.00 1.00 2.00 187.00
497.00 465.00 1.00 5.00 192.06
379.00 514.00 1.00 1.00 157.86
501.00 508.00 0.00 1.00 194.11
406.00 499.00 1.00 1.00 117.72
507.00 512.00 1.00 3.00 181.43
511.00 488.00 0.00 5.00 84.58
62.00 338.00 0.00 4.00 98.40
510.00 493.00 1.00 2.00 62.79
509.00 399.00 0.00 3.00 46.28
487.00 498.00 0.00 3.00 118.49
36.00 219.00 0.00 2.00 105.77
506.00 97.00 0.00 4.00 75.04
476.00 293.00 1.00 1.00 94.04
506.00 493.00 0.00 2.00 179.02
357.00 514.00 1.00 1.00 148.15
291.00 438.00 0.00 4.00 70.45
497.00 491.00 0.00 2.00 179.28
513.00 501.00 1.00 2.00 44.44
496.00 511.00 0.00 3.00 63.19
516.00 371.00 1.00 3.00 167.27
489.00 508.00 1.00 2.00 35.40
414.00 64.00 1.00 2.00 197.26
504.00 91.00 1.00 3.00 103.54
129.00 237.00 0.00 3.00 64.66
497.00 220.00 1.00 4.00 145.89
220.00 360.00 0.00 1.00 129.81
263.00 335.00 0.00 2.00 137.76
208.00 30.00 1.00 1.00 141.33
507.00 500.00 0.00 1.00 150.66
238.00 99.00 1.00 1.00 145.78
321.00 181.00 1.00 4.00 84.29
488.00 187.00 0.00 1.00 77.82
158.00 490.00 1.00 2.00 33.95
221.00 35.00 0.00 1.00 111.02
491.00 202.00 1.00 1.00 116.51
417.00 489.00 0.00 1.00 120.12
209.00 286.00 0.00 5.00 131.50
126.00 150.00 0.00 4.00 110.49
108.00 402.00 0.00 2.00 170.03
487.00 513.00 0.00 3.00 154.84
415.00 200.00 1.00 5.00 109.90
497.00 489.00 1.00 4.00 115.77
500.00 511.00 1.00 5.00 79.71
119.00 511.00 0.00 1.00 158.53
416.00 514.00 0.00 5.00 74.83
508.00 486.00 1.00 2.00 35.18
305.00 444.00 0.00 3.00 177.49
37.00 509.00 1.00 5.00 72.09
9.00 267.00 1.00 3.00 151.11
209.00 64.00 1.00 1.00 129.92
75.00 366.00 0.00 4.00 116.58
506.00 512.00 0.00 2.00 111.29
496.00 416.00 0.00 3.00 102.84
43.00 496.00 1.00 3.00 104.31
244.00 206.00 1.00 2.00 136.08
213.00 389.00 0.00 3.00 141.97
371.00 339.00 1.00 2.00 46.92
258.00 512.00 0.00 4.00 105.07
65.00 232.00 1.00 1.00 167.96
506.00 390.00 1.00 3.00 183.28
319.00 257.00 1.00 3.00 70.78
488.00 8.00 1.00 2.00 167.25
292.00 331.00 1.00 2.00 194.37
113.00 13.00 0.00 4.00 34.14
489.00 426.00 1.00 5.00 36.52
89.00 491.00 0.00 2.00 172.19
203.00 495.00 0.00 2.00 145.46
428.00 0.00 1.00 2.00 179.65
406.00 418.00 0.00 2.00 30.32
265.00 496.00 0.00 1.00 113.03
490.00 508.00 1.00 1.00 36.96
489.00 80.00 0.00 1.00 80.33
502.00 157.00 1.00 1.00 39.10
512.00 495.00 1.00 1.00 107.51
344.00 387.00 1.00 4.00 142.22
510.00 81.00 0.00 5.00 89.42
291.00 337.00 1.00 2.00 177.23
502.00 4.00 0.00 4.00 100.84
466.00 500.00 1.00 3.00 166.32
441.00 499.00 0.00 5.00 37.34
225.00 424.00 1.00 4.00 143.68
185.00 488.00 1.00 2.00 81.75
306.00 228.00 0.00 2.00 87.83
122.00 502.00 1.00 3.00 77.86
451.00 180.00 0.00 4.00 192.05
486.00 505.00 0.00 1.00 127.99
21.00 429.00 1.00 2.00 56.02
191.00 250.00 0.00 1.00 71.66
514.00 169.00 0.00 5.00 108.45
333.00 508.00 1.00 1.00 179.05
408.00 106.00 1.00 2.00 183.14
506.00 63.00 0.00 4.00 143.83
247.00 16.00 0.00 2.00 105.43
361.00 512.00 1.00 3.00 141.65
489.00 76.00 0.00 1.00 119.71
377.00 31.00 1.00 4.00 163.38
508.00 301.00 0.00 5.00 57.75
490.00 359.00 1.00 3.00 115.33
514.00 476.00 0.00 5.00 97.93
36.00 491.00 0.00 4.00 85.92
452.00 491.00 0.00 2.00 82.14
91.00 250.00 0.00 3.00 37.73
513.00 57.00 1.00 2.00 196.13
68.00 516.00 1.00 2.00 75.04
512.00 494.00 0.00 4.00 191.25
498.00 235.00 0.00 5.00 193.11
427.00 91.00 0.00 2.00 103.99
514.00 89.00 0.00 4.00 181.65
510.00 96.00 0.00 1.00 34.87
497.00 503.00 0.00 3.00 128.55
104.00 486.00 0.00 1.00 150.16
511.00 212.00 0.00 5.00 195.50
496.00 502.00 0.00 3.00 148.14
498.00 488.00 1.00 2.00 65.54
383.00 132.00 0.00 4.00 158.73
342.00 195.00 1.00 3.00 123.47
504.00 496.00 1.00 4.00 153.06
514.00 496.00 0.00 4.00 64.60
155.00 91.00 1.00 5.00 133.91
492.00 487.00 0.00 2.00 114.06
16.00 342.00 0.00 4.00 134.28
230.00 492.00 0.00 1.00 130.95
499.00 506.00 0.00 1.00 190.37
511.00 445.00 1.00 5.00 190.33
95.00 73.00 1.00 3.00 195.21
227.00 503.00 0.00 3.00 97.91
19.00 133.00 0.00 4.00 42.23
273.00 515.00 1.00 4.00 131.48
509.00 498.00 1.00 4.00 48.86
512.00 391.00 0.00 5.00 137.67
492.00 407.00 0.00 3.00 178.29
506.00 515.00 0.00 3.00 106.50
504.00 228.00 0.00 5.00 195.87
174.00 395.00 1.00 1.00 170.80
448.00 505.00 1.00 2.00 146.55
498.00 504.00 0.00 1.00 92.70
355.00 487.00 1.00 4.00 78.69
269.00 93.00 1.00 3.00 189.88
499.00 511.00 0.00 1.00 198.91
150.00 486.00 0.00 4.00 112.91
328.00 133.00 1.00 1.00 171.61
500.00 505.00 1.00 3.00 45.48
352.00 297.00 0.00 1.00 96.22
95.00 500.00 1.00 1.00 62.78
487.00 270.00 1.00 4.00 118.26
275.00 61.00 0.00 3.00 133.10
348.00 173.00 1.00 3.00 43.68
186.00 349.00 1.00 1.00 67.00
168.00 302.00 0.00 2.00 188.18
486.00 498.00 1.00 3.00 81.94
200.00 512.00 1.00 4.00 94.78
233.00 466.00 1.00 2.00 126.96
507.00 489.00 1.00 2.00 112.48
273.00 362.00 0.00 1.00 86.36
489.00 336.00 1.00 4.00 45.03
473.00 391.00 1.00 3.00 146.45
398.00 186.00 0.00 3.00 110.10
294.00 504.00 0.00 3.00 163.69
505.00 487.00 0.00 4.00 104.08
513.00 500.00 0.00 2.00 182.50
498.00 302.00 0.00 1.00 101.45
503.00 515.00 0.00 5.00 143.87
500.00 351.00 1.00 3.00 170.81
505.00 493.00 0.00 2.00 152.69
390.00 115.00 1.00 2.00 120.67
488.00 84.00 1.00 2.00 148.05
463.00 500.00 0.00 1.00 95.56
486.00 468.00 0.00 3.00 73.95
35.00 516.00 0.00 5.00 154.01
503.00 499.00 0.00 1.00 107.78
67.00 487.00 0.00 3.00 44.37
494.00 186.00 1.00 4.00 33.61
124.00 500.00 0.00 2.00 68.18
106.00 68.00 0.00 3.00 77.61
511.00 173.00 1.00 1.00 190.21
476.00 52.00 0.00 5.00 178.43
495.00 433.00 0.00 3.00 163.45
145.00 512.00 1.00 3.00 39.12
383.00 498.00 0.00 3.00 66.25
215.00 248.00 1.00 2.00 52.65
512.00 113.00 1.00 4.00 111.27
363.00 494.00 0.00 3.00 104.81
497.00 294.00 0.00 2.00 177.46
490.00 300.00 0.00 5.00 58.67
504.00 180.00 0.00 3.00 62.93
505.00 491.00 1.00 3.00 164.76
257.00 249.00 1.00 4.00 108.27
490.00 347.00 0.00 3.00 78.30
31.00 449.00 1.00 4.00 106.62
7.00 248.00 1.00 3.00 108.68
492.00 500.00 1.00 5.00 109.32
386.00 497.00 1.00 2.00 99.88
457.00 358.00 1.00 1.00 120.69
510.00 486.00 0.00 4.00 56.29
84.00 130.00 1.00 4.00 46.29
69.00 36.00 0.00 4.00 73.31
510.00 433.00 0.00 4.00 99.29
503.00 105.00 1.00 4.00 173.42
217.00 492.00 0.00 1.00 101.09
170.00 494.00 0.00 5.00 164.34
377.00 486.00 1.00 3.00 140.13
398.00 490.00 0.00 1.00 93.43
100.00 517.00 1.00 5.00 66.53
22.00 103.00 1.00 2.00 129.83
143.00 468.00 1.00 2.00 124.98
0.00 511.00 0.00 5.00 54.88
399.00 494.00 0.00 5.00 36.28
486.00 230.00 0.00 4.00 98.59
509.00 514.00 1.00 1.00 183.95
264.00 492.00 1.00 5.00 102.43
131.00 492.00 0.00 4.00 59.94
389.00 487.00 1.00 4.00 179.96
469.00 498.00 1.00 2.00 106.03
501.00 340.00 0.00 4.00 171.69
145.00 503.00 1.00 4.00 91.46
511.00 147.00 0.00 1.00 154.11
442.00 514.00 1.00 1.00 190.17
487.00 206.00 0.00 2.00 141.84
497.00 509.00 0.00 4.00 172.06
126.00 497.00 1.00 2.00 119.75
16.00 262.00 1.00 4.00 171.03
238.00 35.00 1.00 3.00 147.85
43.00 493.00 0.00 5.00 34.16
512.00 145.00 0.00 5.00 136.53
497.00 486.00 1.00 1.00 79.51
492.00 291.00 1.00 1.00 46.78
349.00 29.00 0.00 3.00 198.21
20.00 503.00 1.00 3.00 33.91
150.00 514.00 0.00 1.00 175.71
500.00 173.00 1.00 4.00 45.55
4.00 416.00 1.00 1.00 198.66
489.00 506.00 0.00 4.00 109.77
282.00 52.00 1.00 5.00 86.56
263.00 374.00 1.00 4.00 175.75
508.00 59.00 1.00 3.00 78.89
146.00 493.00 0.00 5.00 195.60
504.00 117.00 0.00 3.00 55.23
493.00 139.00 0.00 4.00 189.07
258.00 510.00 0.00 1.00 122.80
336.00 515.00 1.00 5.00 169.59
37.00 187.00 1.00 1.00 182.68
280.00 511.00 1.00 4.00 189.34
492.00 145.00 0.00 1.00 189.05
509.00 515.00 1.00 3.00 153.26
490.00 75.00 0.00 3.00 149.93
516.00 160.00 1.00 5.00 181.31
115.00 28.00 0.00 5.00 138.75
511.00 24.00 1.00 4.00 198.23
171.00 281.00 1.00 1.00 117.80
324.00 185.00 0.00 4.00 173.51
515.00 499.00 0.00 2.00 57.97
495.00 502.00 0.00 2.00 90.15
173.00 121.00 1.00 3.00 164.18
504.00 515.00 1.00 3.00 118.46
214.00 513.00 0.00 1.00 97.23
169.00 516.00 1.00 4.00 149.16
328.00 273.00 0.00 3.00 64.28
496.00 444.00 0.00 1.00 57.68
501.00 369.00 1.00 5.00 113.39
59.00 314.00 1.00 1.00 196.87
102.00 499.00 0.00 5.00 50.23
505.00 511.00 0.00 3.00 50.68
318.00 298.00 0.00 3.00 32.36
503.00 487.00 1.00 1.00 50.57
