514.00 498.00 0.00 5.00 112.72
498.00 272.00 1.00 1.00 136.76
514.00 416.00 1.00 2.00 131.60
358.00 492.00 0.00 1.00 125.18
245.00 57.00 1.00 5.00 32.42
488.00 137.00 1.00 2.00 193.52
517.00 486.00 0.00 2.00 80.03
495.00 509.00 1.00 4.00 98.10
514.00 488.00 0.00 2.00 152.78
479.00 492.00 1.00 4.00 196.68
490.00 19.00 0.00 5.00 60.08
504.00 344.00 1.00 5.00 111.07
144.00 390.00 0.00 4.00 97.33
496.00 36.00 0.00 2.00 80.72
505.00 513.00 0.00 2.00 157.30
496.00 163.00 0.00 3.00 136.98
488.00 517.00 0.00 4.00 112.49
454.00 508.00 0.00 2.00 110.48
331.00 494.00 1.00 4.00 114.49
462.00 182.00 1.00 5.00 134.73
491.00 65.00 0.00 5.00 117.33
514.00 453.00 1.00 4.00 181.97
499.00 507.00 1.00 5.00 81.62
510.00 305.00 0.00 2.00 150.38
385.00 14.00 0.00 2.00 124.42
489.00 91.00 1.00 1.00 76.11
285.00 500.00 0.00 5.00 155.92
371.00 289.00 1.00 5.00 159.78
515.00 483.00 1.00 2.00 125.59
148.00 169.00 1.00 1.00 31.97
10.00 508.00 1.00 2.00 139.09
503.00 94.00 1.00 1.00 165.00
24.00 478.00 1.00 5.00 71.10
512.00 504.00 0.00 2.00 43.11
514.00 84.00 0.00 3.00 58.93
512.00 433.00 0.00 1.00 66.32
304.00 492.00 1.00 5.00 162.42
514.00 242.00 1.00 1.00 191.63
82.00 498.00 0.00 4.00 38.54
506.00 395.00 1.00 2.00 44.72
504.00 493.00 1.00 3.00 159.58
510.00 46.00 0.00 4.00 142.00
478.00 2.00 1.00 3.00 68.46
517.00 503.00 0.00 2.00 117.50
223.00 503.00 0.00 1.00 187.75
130.00 216.00 0.00 2.00 41.87
145.00 238.00 1.00 2.00 38.98
234.00 486.00 0.00 1.00 140.96
218.00 251.00 1.00 4.00 34.04
515.00 486.00 1.00 3.00 199.69
504.00 363.00 1.00 2.00 109.27
496.00 508.00 1.00 1.00 136.33
286.00 67.00 1.00 5.00 174.89
224.00 493.00 0.00 4.00 91.28
508.00 289.00 1.00 3.00 51.61
505.00 378.00 0.00 5.00 53.66
501.00 18.00 1.00 2.00 155.26
296.00 516.00 1.00 1.00 48.42
52.00 502.00 1.00 1.00 126.67
514.00 491.00 1.00 1.00 76.63
25.00 507.00 0.00 1.00 189.74
323.00 499.00 1.00 3.00 145.68
82.00 402.00 0.00 1.00 160.01
287.00 516.00 0.00 3.00 148.57
394.00 141.00 1.00 2.00 160.38
503.00 508.00 1.00 3.00 168.57
511.00 488.00 0.00 1.00 113.49
189.00 500.00 1.00 1.00 198.81
501.00 513.00 0.00 5.00 60.89
497.00 491.00 1.00 1.00 39.71
498.00 492.00 0.00 2.00 146.92
372.00 278.00 1.00 3.00 59.16
490.00 374.00 0.00 5.00 150.10
253.00 489.00 0.00 4.00 75.39
506.00 478.00 1.00 2.00 77.63
26.00 517.00 1.00 5.00 105.27
311.00 314.00 1.00 3.00 159.71
509.00 502.00 1.00 5.00 157.10
242.00 181.00 0.00 3.00 111.86
503.00 487.00 0.00 2.00 80.72
514.00 208.00 0.00 1.00 44.00
378.00 495.00 0.00 5.00 195.04
298.00 350.00 0.00 2.00 122.11
514.00 81.00 1.00 5.00 104.77
23.00 507.00 1.00 3.00 77.84
461.00 498.00 1.00 5.00 75.12
498.00 503.00 1.00 2.00 75.27
20.00 504.00 0.00 4.00 167.28
307.00 489.00 0.00 2.00 109.19
504.00 106.00 1.00 2.00 188.30
113.00 499.00 0.00 1.00 180.13
506.00 222.00 0.00 3.00 43.74
509.00 341.00 0.00 2.00 76.44
508.00 462.00 0.00 4.00 147.54
505.00 510.00 1.00 5.00 72.55
505.00 490.00 1.00 1.00 46.04
496.00 516.00 0.00 5.00 46.93
498.00 475.00 1.00 5.00 114.77
248.00 246.00 1.00 4.00 187.72
497.00 215.00 1.00 5.00 191.34
293.00 208.00 0.00 2.00 61.67
117.00 507.00 0.00 4.00 104.72
507.00 489.00 1.00 4.00 167.25
258.00 319.00 1.00 1.00 130.94
494.00 224.00 0.00 3.00 91.51
355.00 466.00 1.00 5.00 168.98
488.00 445.00 0.00 1.00 157.42
16.00 71.00 0.00 2.00 119.52
309.00 483.00 1.00 4.00 120.65
318.00 508.00 1.00 1.00 193.18
355.00 498.00 0.00 5.00 31.15
224.00 432.00 0.00 2.00 141.85
403.00 515.00 1.00 4.00 189.57
502.00 495.00 1.00 4.00 66.76
503.00 508.00 1.00 3.00 162.83
501.00 488.00 0.00 3.00 147.26
489.00 498.00 1.00 2.00 153.90
99.00 488.00 0.00 5.00 65.64
494.00 91.00 1.00 5.00 121.54
305.00 285.00 1.00 3.00 92.04
515.00 414.00 1.00 2.00 48.08
292.00 350.00 0.00 4.00 117.68
513.00 345.00 0.00 2.00 157.31
489.00 513.00 1.00 2.00 180.55
503.00 490.00 1.00 4.00 91.50
328.00 498.00 1.00 1.00 147.10
246.00 488.00 1.00 5.00 152.32
148.00 507.00 1.00 3.00 31.06
495.00 56.00 0.00 1.00 89.83
502.00 468.00 1.00 1.00 153.08
495.00 508.00 0.00 3.00 47.51
174.00 494.00 0.00 1.00 165.92
508.00 515.00 1.00 2.00 33.54
21.00 486.00 1.00 4.00 177.29
505.00 517.00 0.00 5.00 91.95
303.00 489.00 0.00 5.00 192.96
499.00 92.00 0.00 5.00 146.68
490.00 506.00 0.00 1.00 57.36
119.00 71.00 1.00 1.00 96.15
515.00 504.00 1.00 2.00 183.36
479.00 507.00 1.00 3.00 76.76
300.00 492.00 0.00 3.00 132.26
490.00 514.00 1.00 4.00 181.00
42.00 270.00 0.00 4.00 95.47
304.00 467.00 1.00 5.00 94.61
486.00 493.00 0.00 4.00 197.03
501.00 84.00 0.00 1.00 87.76
494.00 504.00 0.00 3.00 172.90
507.00 516.00 0.00 2.00 171.60
500.00 492.00 1.00 4.00 169.86
