267.00 496.00 0.00 5.00 53.15
447.00 491.00 0.00 5.00 86.98
506.00 491.00 0.00 2.00 82.37
128.00 361.00 1.00 1.00 150.18
187.00 361.00 0.00 5.00 48.34
487.00 42.00 1.00 1.00 172.70
492.00 330.00 1.00 4.00 35.74
357.00 297.00 0.00 5.00 122.45
505.00 154.00 1.00 2.00 179.84
498.00 506.00 1.00 4.00 114.84
204.00 323.00 0.00 3.00 35.94
141.00 87.00 1.00 5.00 150.83
65.00 325.00 0.00 1.00 30.40
182.00 128.00 1.00 4.00 128.66
69.00 503.00 0.00 2.00 186.18
343.00 83.00 0.00 2.00 173.18
486.00 248.00 0.00 5.00 180.86
266.00 233.00 0.00 1.00 114.66
321.00 130.00 1.00 3.00 152.88
215.00 204.00 0.00 2.00 131.55
509.00 261.00 0.00 3.00 173.09
39.00 247.00 1.00 3.00 59.66
292.00 99.00 0.00 1.00 174.45
512.00 505.00 0.00 4.00 80.74
188.00 487.00 1.00 1.00 162.00
28.00 489.00 0.00 5.00 168.74
490.00 510.00 0.00 2.00 123.14
74.00 464.00 1.00 1.00 82.99
0.00 494.00 1.00 3.00 107.95
492.00 371.00 0.00 3.00 88.87
514.00 506.00 0.00 5.00 167.52
136.00 513.00 1.00 5.00 109.72
265.00 487.00 0.00 5.00 140.90
498.00 487.00 1.00 4.00 116.08
516.00 118.00 0.00 5.00 159.02
508.00 279.00 0.00 1.00 149.37
234.00 501.00 1.00 1.00 135.29
511.00 58.00 1.00 5.00 63.53
512.00 70.00 1.00 3.00 66.48
501.00 504.00 0.00 1.00 150.98
344.00 151.00 0.00 3.00 148.17
496.00 514.00 1.00 2.00 114.38
8.00 425.00 1.00 5.00 91.80
408.00 489.00 1.00 3.00 87.09
499.00 502.00 0.00 2.00 69.17
305.00 516.00 1.00 1.00 92.20
509.00 499.00 0.00 2.00 141.20
508.00 142.00 0.00 4.00 100.45
511.00 502.00 1.00 2.00 65.65
163.00 516.00 0.00 4.00 168.29
517.00 496.00 0.00 4.00 88.89
38.00 465.00 1.00 5.00 138.09
509.00 491.00 1.00 5.00 64.20
514.00 503.00 0.00 4.00 71.27
501.00 508.00 1.00 3.00 85.22
507.00 489.00 1.00 4.00 153.10
380.00 492.00 1.00 1.00 188.60
500.00 91.00 1.00 2.00 177.33
508.00 491.00 0.00 4.00 66.28
202.00 444.00 0.00 5.00 117.30
497.00 503.00 1.00 1.00 110.83
423.00 509.00 1.00 4.00 164.03
304.00 391.00 0.00 4.00 136.46
395.00 512.00 1.00 4.00 103.83
291.00 517.00 0.00 5.00 172.04
498.00 455.00 1.00 3.00 67.61
224.00 508.00 1.00 5.00 75.90
504.00 261.00 0.00 3.00 173.35
502.00 291.00 0.00 1.00 90.03
494.00 267.00 0.00 1.00 73.65
358.00 509.00 0.00 5.00 69.19
275.00 511.00 1.00 5.00 198.09
517.00 12.00 0.00 5.00 192.87
88.00 501.00 1.00 5.00 159.22
474.00 145.00 1.00 2.00 68.22
495.00 513.00 1.00 2.00 162.27
456.00 251.00 1.00 5.00 93.61
256.00 436.00 1.00 4.00 141.14
377.00 123.00 0.00 3.00 74.73
158.00 110.00 0.00 3.00 82.80
125.00 500.00 1.00 1.00 190.68
502.00 391.00 1.00 2.00 46.11
504.00 514.00 1.00 4.00 87.76
496.00 508.00 1.00 1.00 46.82
509.00 307.00 0.00 2.00 193.81
101.00 436.00 0.00 1.00 36.92
492.00 95.00 1.00 5.00 72.48
486.00 500.00 0.00 5.00 160.57
167.00 502.00 0.00 4.00 76.31
188.00 503.00 0.00 5.00 150.60
493.00 511.00 1.00 4.00 144.99
504.00 500.00 0.00 4.00 97.54
100.00 510.00 1.00 4.00 71.61
507.00 383.00 1.00 5.00 135.33
223.00 499.00 0.00 5.00 133.56
514.00 49.00 0.00 1.00 198.74
316.00 465.00 1.00 4.00 98.29
127.00 504.00 0.00 2.00 63.08
150.00 496.00 1.00 2.00 171.55
493.00 46.00 1.00 4.00 165.31
491.00 503.00 0.00 2.00 35.05
121.00 210.00 1.00 5.00 45.26
508.00 502.00 0.00 5.00 103.77
303.00 384.00 0.00 1.00 55.15
501.00 107.00 1.00 1.00 158.53
506.00 69.00 1.00 4.00 159.34
347.00 498.00 0.00 1.00 33.72
499.00 285.00 1.00 3.00 186.19
387.00 375.00 1.00 1.00 45.44
507.00 342.00 0.00 3.00 94.20
502.00 462.00 1.00 5.00 107.70
371.00 461.00 0.00 4.00 172.91
217.00 262.00 0.00 1.00 59.19
495.00 105.00 1.00 3.00 30.12
495.00 185.00 1.00 3.00 193.77
488.00 500.00 1.00 1.00 137.81
513.00 495.00 1.00 4.00 49.13
511.00 255.00 0.00 3.00 105.36
221.00 497.00 1.00 2.00 106.08
397.00 323.00 0.00 5.00 191.38
126.00 336.00 1.00 3.00 47.58
283.00 509.00 0.00 3.00 125.28
246.00 82.00 0.00 3.00 95.24
506.00 501.00 0.00 3.00 67.74
397.00 331.00 1.00 5.00 165.84
503.00 511.00 0.00 3.00 84.07
501.00 88.00 1.00 1.00 122.67
232.00 504.00 1.00 4.00 118.75
491.00 504.00 0.00 3.00 51.25
212.00 296.00 1.00 4.00 180.79
347.00 509.00 0.00 4.00 112.38
514.00 492.00 1.00 5.00 44.18
421.00 88.00 1.00 5.00 177.38
494.00 348.00 0.00 2.00 176.69
403.00 21.00 1.00 1.00 98.51
238.00 488.00 1.00 3.00 191.76
491.00 364.00 0.00 1.00 74.62
0.00 330.00 0.00 1.00 150.54
141.00 503.00 0.00 4.00 169.60
237.00 386.00 1.00 4.00 110.43
493.00 246.00 1.00 5.00 119.65
292.00 179.00 0.00 4.00 95.82
76.00 495.00 0.00 3.00 65.21
374.00 500.00 0.00 5.00 76.31
33.00 353.00 1.00 5.00 137.38
508.00 513.00 0.00 3.00 148.64
496.00 393.00 0.00 2.00 47.15
506.00 434.00 1.00 5.00 157.69
121.00 86.00 1.00 5.00 106.12
185.00 516.00 0.00 4.00 172.41
220.00 134.00 1.00 3.00 158.14
516.00 183.00 1.00 5.00 36.65
516.00 489.00 1.00 5.00 112.54
28.00 36.00 0.00 4.00 113.05
415.00 275.00 0.00 3.00 134.45
492.00 165.00 1.00 2.00 72.15
247.00 180.00 1.00 4.00 176.83
406.00 505.00 1.00 2.00 141.71
217.00 487.00 0.00 1.00 167.09
181.00 514.00 1.00 2.00 130.39
495.00 513.00 1.00 4.00 140.09
502.00 375.00 1.00 3.00 49.75
462.00 306.00 0.00 5.00 182.54
492.00 63.00 0.00 4.00 111.25
500.00 493.00 1.00 1.00 68.73
484.00 504.00 1.00 2.00 184.13
502.00 347.00 1.00 4.00 43.63
49.00 179.00 1.00 2.00 80.25
511.00 222.00 0.00 2.00 88.07
494.00 500.00 1.00 3.00 66.95
483.00 517.00 0.00 5.00 103.85
272.00 493.00 1.00 4.00 71.23
512.00 498.00 0.00 5.00 137.11
489.00 512.00 0.00 3.00 196.54
491.00 239.00 0.00 2.00 91.87
497.00 516.00 1.00 1.00 109.49
514.00 504.00 1.00 4.00 135.39
493.00 332.00 0.00 5.00 66.70
489.00 510.00 0.00 1.00 46.90
495.00 468.00 1.00 3.00 111.26
486.00 493.00 1.00 1.00 110.58
507.00 476.00 0.00 5.00 109.76
510.00 138.00 0.00 4.00 115.66
409.00 382.00 1.00 1.00 102.91
223.00 107.00 0.00 2.00 123.59
440.00 186.00 0.00 4.00 56.62
515.00 394.00 1.00 4.00 101.33
504.00 498.00 0.00 5.00 115.31
444.00 487.00 0.00 4.00 183.45
506.00 280.00 1.00 3.00 74.70
188.00 17.00 0.00 4.00 88.72
487.00 498.00 1.00 1.00 62.98
48.00 503.00 0.00 3.00 38.62
162.00 508.00 1.00 3.00 76.02
478.00 18.00 0.00 1.00 199.40
492.00 499.00 0.00 3.00 84.01
501.00 46.00 0.00 2.00 160.59
66.00 165.00 0.00 2.00 140.29
227.00 490.00 0.00 4.00 77.74
514.00 368.00 0.00 3.00 191.08
