485.00 369.00 0.00 3.00 143.54
492.00 394.00 1.00 3.00 138.37
321.00 516.00 0.00 3.00 133.28
493.00 503.00 1.00 4.00 90.03
491.00 200.00 0.00 1.00 97.81
506.00 327.00 0.00 3.00 89.46
516.00 487.00 0.00 5.00 62.97
517.00 507.00 0.00 2.00 34.47
182.00 492.00 0.00 5.00 62.70
489.00 251.00 1.00 4.00 181.33
498.00 88.00 1.00 5.00 91.18
499.00 512.00 1.00 2.00 151.23
414.00 348.00 1.00 1.00 114.04
497.00 371.00 0.00 2.00 60.14
144.00 466.00 0.00 4.00 195.55
91.00 513.00 1.00 3.00 44.68
352.00 20.00 0.00 4.00 83.28
419.00 338.00 0.00 2.00 82.18
490.00 376.00 0.00 3.00 144.91
509.00 496.00 1.00 3.00 107.63
305.00 506.00 1.00 5.00 195.18
488.00 4.00 0.00 3.00 108.01
369.00 491.00 1.00 3.00 78.85
506.00 66.00 0.00 5.00 128.92
250.00 510.00 0.00 3.00 79.65
492.00 500.00 0.00 5.00 101.28
501.00 505.00 0.00 5.00 141.52
501.00 201.00 0.00 4.00 76.08
502.00 147.00 1.00 3.00 184.67
497.00 510.00 0.00 3.00 65.63
514.00 507.00 1.00 5.00 131.58
502.00 399.00 1.00 4.00 132.81
13.00 498.00 0.00 2.00 196.26
487.00 498.00 0.00 5.00 65.35
492.00 268.00 0.00 1.00 165.80
478.00 91.00 0.00 4.00 131.64
427.00 490.00 1.00 5.00 63.37
495.00 509.00 1.00 3.00 124.02
499.00 503.00 0.00 2.00 175.56
89.00 368.00 0.00 2.00 188.92
187.00 394.00 1.00 4.00 133.61
453.00 50.00 0.00 2.00 54.11
516.00 496.00 0.00 3.00 63.70
455.00 14.00 0.00 3.00 183.63
507.00 227.00 0.00 4.00 123.01
512.00 487.00 0.00 3.00 102.05
493.00 511.00 1.00 3.00 81.55
501.00 504.00 1.00 5.00 38.98
492.00 127.00 0.00 1.00 135.21
508.00 338.00 0.00 4.00 155.49
509.00 126.00 1.00 3.00 190.27
494.00 505.00 0.00 1.00 40.09
512.00 389.00 1.00 3.00 50.71
441.00 282.00 0.00 5.00 57.25
504.00 497.00 1.00 5.00 76.99
343.00 266.00 0.00 2.00 104.21
490.00 502.00 1.00 1.00 118.50
516.00 62.00 1.00 5.00 137.00
488.00 506.00 1.00 2.00 145.54
357.00 517.00 1.00 1.00 82.74
388.00 314.00 1.00 5.00 177.64
10.00 507.00 1.00 1.00 36.77
425.00 6.00 0.00 2.00 52.80
491.00 507.00 1.00 1.00 141.13
501.00 39.00 0.00 1.00 117.36
208.00 461.00 0.00 5.00 117.05
491.00 496.00 1.00 5.00 75.70
421.00 452.00 1.00 4.00 114.22
501.00 486.00 0.00 5.00 120.68
41.00 491.00 0.00 2.00 74.25
486.00 495.00 1.00 1.00 46.12
406.00 284.00 1.00 1.00 79.32
510.00 492.00 0.00 3.00 36.61
184.00 516.00 1.00 2.00 116.49
492.00 301.00 1.00 3.00 137.91
517.00 110.00 1.00 1.00 92.23
487.00 504.00 0.00 3.00 193.25
514.00 218.00 0.00 4.00 154.08
394.00 510.00 1.00 3.00 143.64
507.00 443.00 1.00 3.00 168.16
515.00 493.00 1.00 4.00 122.31
499.00 514.00 1.00 2.00 196.23
440.00 270.00 0.00 4.00 69.95
506.00 111.00 1.00 4.00 114.49
495.00 334.00 1.00 1.00 85.94
318.00 494.00 0.00 3.00 186.45
513.00 299.00 0.00 4.00 106.39
163.00 503.00 1.00 1.00 177.04
334.00 516.00 1.00 1.00 43.45
5.00 97.00 1.00 1.00 108.18
517.00 510.00 1.00 5.00 141.96
303.00 493.00 1.00 3.00 164.34
27.00 482.00 1.00 5.00 141.02
367.00 493.00 1.00 3.00 80.89
350.00 270.00 0.00 4.00 154.92
426.00 92.00 1.00 5.00 186.04
497.00 99.00 0.00 1.00 67.34
245.00 113.00 1.00 2.00 79.25
488.00 313.00 1.00 3.00 36.66
491.00 212.00 1.00 5.00 42.29
343.00 381.00 0.00 3.00 170.81
514.00 224.00 0.00 1.00 54.46
507.00 212.00 0.00 1.00 181.49
515.00 503.00 1.00 1.00 133.55
498.00 385.00 1.00 2.00 188.27
142.00 511.00 0.00 5.00 60.68
504.00 492.00 0.00 4.00 193.41
125.00 492.00 1.00 2.00 172.17
500.00 491.00 1.00 1.00 137.07
493.00 510.00 1.00 2.00 175.04
515.00 401.00 0.00 1.00 104.88
488.00 506.00 0.00 1.00 142.35
508.00 488.00 1.00 2.00 92.18
506.00 498.00 1.00 2.00 34.82
465.00 507.00 0.00 1.00 146.04
512.00 19.00 1.00 1.00 195.22
497.00 491.00 0.00 1.00 154.65
501.00 514.00 1.00 1.00 184.67
509.00 352.00 0.00 4.00 189.87
393.00 241.00 0.00 2.00 34.22
497.00 517.00 1.00 2.00 92.00
453.00 307.00 1.00 4.00 193.63
491.00 168.00 0.00 4.00 178.30
96.00 509.00 0.00 1.00 193.17
154.00 184.00 1.00 2.00 137.75
452.00 517.00 0.00 2.00 182.24
505.00 491.00 0.00 1.00 66.21
489.00 244.00 0.00 2.00 75.34
245.00 474.00 0.00 1.00 81.05
488.00 409.00 0.00 1.00 124.23
500.00 22.00 0.00 4.00 165.24
292.00 339.00 1.00 1.00 109.07
43.00 517.00 0.00 3.00 172.19
460.00 503.00 1.00 5.00 156.49
489.00 496.00 1.00 5.00 149.48
53.00 6.00 0.00 3.00 64.45
502.00 500.00 0.00 5.00 31.74
516.00 504.00 1.00 2.00 74.24
504.00 517.00 1.00 4.00 45.64
505.00 495.00 1.00 5.00 74.01
128.00 492.00 1.00 1.00 93.99
15.00 237.00 0.00 2.00 156.22
77.00 282.00 1.00 2.00 69.02
179.00 501.00 0.00 1.00 66.21
495.00 359.00 1.00 2.00 62.51
47.00 422.00 1.00 2.00 129.14
253.00 512.00 0.00 5.00 76.32
511.00 500.00 1.00 3.00 131.73
499.00 514.00 0.00 3.00 88.67
504.00 258.00 0.00 2.00 64.43
489.00 254.00 1.00 3.00 41.76
499.00 479.00 0.00 3.00 146.28
453.00 510.00 0.00 1.00 133.36
504.00 485.00 0.00 3.00 180.81
309.00 431.00 0.00 1.00 98.96
303.00 86.00 1.00 4.00 33.10
487.00 318.00 0.00 3.00 45.92
512.00 225.00 1.00 1.00 67.71
490.00 65.00 1.00 2.00 123.54
113.00 45.00 1.00 5.00 66.30
462.00 444.00 0.00 4.00 65.23
428.00 136.00 1.00 2.00 95.18
42.00 498.00 1.00 4.00 120.79
515.00 493.00 1.00 4.00 178.89
497.00 274.00 0.00 2.00 123.23
507.00 490.00 0.00 3.00 174.65
486.00 494.00 1.00 1.00 110.74
457.00 514.00 0.00 2.00 155.12
496.00 163.00 1.00 1.00 166.44
162.00 140.00 1.00 4.00 82.86
510.00 361.00 1.00 2.00 132.23
497.00 201.00 1.00 2.00 126.52
424.00 93.00 1.00 1.00 30.00
413.00 506.00 0.00 5.00 61.95
123.00 481.00 1.00 1.00 172.22
489.00 398.00 0.00 2.00 59.90
513.00 109.00 1.00 5.00 175.83
501.00 505.00 1.00 3.00 147.14
498.00 280.00 1.00 3.00 75.08
499.00 441.00 0.00 3.00 114.55
498.00 508.00 0.00 3.00 187.22
13.00 497.00 1.00 1.00 176.87
151.00 324.00 0.00 1.00 49.17
367.00 316.00 0.00 4.00 63.08
79.00 394.00 1.00 4.00 58.21
517.00 509.00 1.00 4.00 163.34
515.00 149.00 1.00 1.00 143.92
203.00 487.00 1.00 2.00 100.37
494.00 503.00 1.00 3.00 108.62
475.00 127.00 1.00 2.00 58.49
512.00 494.00 1.00 1.00 31.55
488.00 510.00 1.00 4.00 124.09
251.00 58.00 1.00 4.00 96.32
496.00 514.00 0.00 3.00 155.14
498.00 509.00 1.00 3.00 150.05
489.00 91.00 1.00 5.00 136.48
211.00 392.00 0.00 4.00 75.07
377.00 501.00 1.00 1.00 191.10
282.00 515.00 1.00 4.00 50.81
356.00 436.00 1.00 5.00 41.73
513.00 229.00 0.00 2.00 174.36
82.00 29.00 0.00 2.00 142.15
253.00 75.00 1.00 3.00 71.97
492.00 501.00 1.00 2.00 74.98
9.00 79.00 0.00 4.00 66.91
508.00 514.00 0.00 3.00 57.28
510.00 443.00 0.00 5.00 88.38
487.00 289.00 0.00 5.00 85.40
497.00 234.00 1.00 2.00 76.11
55.00 131.00 0.00 1.00 135.80
367.00 20.00 1.00 2.00 63.62
383.00 484.00 1.00 5.00 192.48
497.00 171.00 1.00 2.00 142.43
430.00 58.00 1.00 4.00 79.66
493.00 515.00 0.00 1.00 158.93
128.00 450.00 0.00 5.00 101.48
271.00 516.00 0.00 3.00 32.22
194.00 277.00 1.00 5.00 109.51
448.00 334.00 1.00 5.00 128.97
495.00 244.00 0.00 4.00 137.16
464.00 500.00 0.00 5.00 116.32
489.00 495.00 1.00 3.00 89.63
453.00 492.00 1.00 2.00 98.84
494.00 94.00 0.00 3.00 191.96
131.00 509.00 1.00 1.00 136.39
489.00 499.00 0.00 2.00 183.77
379.00 351.00 0.00 1.00 59.65
148.00 37.00 1.00 4.00 81.50
503.00 207.00 0.00 4.00 74.57
237.00 505.00 0.00 2.00 194.47
14.00 510.00 0.00 5.00 164.17
424.00 82.00 0.00 3.00 157.24
283.00 139.00 0.00 1.00 185.04
153.00 500.00 0.00 3.00 114.07
12.00 505.00 1.00 4.00 92.39
493.00 502.00 0.00 4.00 72.99
516.00 492.00 0.00 4.00 36.12
501.00 142.00 1.00 4.00 159.15
302.00 496.00 0.00 1.00 110.64
150.00 486.00 1.00 2.00 138.83
517.00 220.00 0.00 4.00 66.94
505.00 514.00 0.00 3.00 96.71
208.00 514.00 1.00 5.00 83.87
492.00 487.00 0.00 4.00 50.50
351.00 302.00 0.00 3.00 191.36
488.00 507.00 1.00 5.00 117.91
486.00 98.00 0.00 3.00 120.10
505.00 515.00 0.00 4.00 51.70
72.00 493.00 1.00 4.00 168.29
397.00 150.00 0.00 3.00 45.88
