507.00 134.00 0.00 2.00 117.22
495.00 510.00 1.00 1.00 153.52
262.00 497.00 1.00 3.00 47.04
502.00 52.00 1.00 1.00 113.02
505.00 497.00 1.00 3.00 91.29
242.00 31.00 0.00 5.00 35.52
461.00 486.00 0.00 1.00 63.60
514.00 157.00 0.00 1.00 84.40
295.00 499.00 0.00 3.00 147.97
492.00 504.00 0.00 4.00 191.40
398.00 515.00 0.00 4.00 52.28
488.00 310.00 0.00 1.00 151.17
400.00 300.00 0.00 1.00 173.00
248.00 35.00 0.00 1.00 137.14
512.00 506.00 0.00 2.00 179.28
514.00 177.00 1.00 5.00 190.60
217.00 510.00 1.00 5.00 182.55
486.00 492.00 0.00 5.00 113.42
465.00 3.00 1.00 3.00 171.79
502.00 128.00 1.00 1.00 161.92
144.00 493.00 1.00 5.00 112.16
64.00 455.00 1.00 2.00 153.59
328.00 491.00 1.00 5.00 199.19
500.00 321.00 1.00 3.00 101.04
501.00 387.00 1.00 5.00 162.37
511.00 222.00 0.00 2.00 50.61
486.00 495.00 1.00 1.00 136.14
289.00 504.00 1.00 1.00 67.69
444.00 144.00 0.00 4.00 36.07
455.00 254.00 1.00 3.00 188.27
508.00 516.00 0.00 1.00 168.32
497.00 512.00 1.00 5.00 66.19
515.00 230.00 0.00 1.00 148.33
42.00 67.00 1.00 5.00 71.05
59.00 209.00 1.00 5.00 45.92
32.00 513.00 0.00 5.00 186.00
313.00 504.00 0.00 4.00 164.16
474.00 503.00 1.00 5.00 91.02
64.00 513.00 1.00 4.00 81.62
246.00 504.00 1.00 4.00 47.32
380.00 150.00 0.00 2.00 85.51
104.00 504.00 0.00 2.00 79.31
507.00 18.00 0.00 3.00 45.01
498.00 86.00 0.00 3.00 140.57
310.00 503.00 1.00 2.00 82.86
27.00 54.00 1.00 1.00 90.19
490.00 508.00 0.00 3.00 130.59
487.00 450.00 0.00 1.00 155.63
319.00 516.00 0.00 1.00 147.20
69.00 357.00 0.00 2.00 101.29
13.00 490.00 1.00 3.00 79.95
372.00 477.00 0.00 5.00 50.99
177.00 489.00 0.00 2.00 178.85
495.00 448.00 0.00 2.00 34.10
503.00 226.00 0.00 2.00 76.76
513.00 490.00 1.00 4.00 162.47
66.00 335.00 0.00 2.00 72.08
327.00 1.00 0.00 2.00 116.14
495.00 514.00 1.00 1.00 183.93
449.00 486.00 0.00 5.00 107.51
505.00 501.00 1.00 2.00 175.69
187.00 67.00 1.00 2.00 193.58
291.00 511.00 0.00 5.00 112.43
308.00 504.00 0.00 3.00 158.13
512.00 501.00 1.00 3.00 99.36
181.00 434.00 0.00 5.00 100.17
254.00 486.00 1.00 1.00 120.05
507.00 360.00 0.00 3.00 144.68
296.00 511.00 1.00 3.00 90.09
296.00 493.00 1.00 1.00 73.16
337.00 113.00 1.00 2.00 84.19
497.00 515.00 0.00 2.00 170.09
508.00 492.00 0.00 4.00 91.28
379.00 508.00 0.00 2.00 199.54
511.00 184.00 0.00 3.00 196.45
496.00 138.00 0.00 2.00 189.75
447.00 281.00 1.00 5.00 77.88
15.00 486.00 0.00 2.00 132.38
511.00 505.00 0.00 4.00 129.71
118.00 487.00 1.00 1.00 152.15
263.00 507.00 0.00 4.00 149.76
489.00 517.00 0.00 5.00 173.34
85.00 513.00 1.00 2.00 179.34
487.00 375.00 0.00 4.00 156.39
154.00 493.00 1.00 1.00 156.68
493.00 0.00 1.00 4.00 107.76
514.00 150.00 1.00 1.00 107.40
487.00 508.00 1.00 1.00 82.81
512.00 504.00 0.00 5.00 62.97
289.00 503.00 1.00 1.00 45.47
486.00 4.00 1.00 2.00 137.86
282.00 365.00 0.00 5.00 106.45
515.00 264.00 0.00 3.00 184.67
246.00 71.00 0.00 4.00 127.35
509.00 201.00 0.00 3.00 34.97
500.00 508.00 1.00 3.00 145.62
495.00 6.00 0.00 3.00 162.54
12.00 343.00 1.00 1.00 98.71
492.00 95.00 1.00 5.00 173.16
506.00 30.00 0.00 2.00 132.54
35.00 441.00 1.00 4.00 181.74
496.00 400.00 1.00 2.00 132.90
307.00 84.00 1.00 4.00 194.65
512.00 60.00 0.00 1.00 119.99
206.00 2.00 1.00 3.00 117.69
498.00 510.00 0.00 1.00 106.13
511.00 318.00 0.00 5.00 179.86
502.00 176.00 0.00 5.00 181.09
507.00 486.00 1.00 5.00 179.98
512.00 172.00 1.00 3.00 117.94
502.00 486.00 1.00 2.00 155.86
343.00 509.00 0.00 1.00 164.66
500.00 504.00 0.00 4.00 99.14
490.00 410.00 0.00 3.00 96.95
86.00 501.00 0.00 1.00 90.71
251.00 306.00 0.00 2.00 83.22
503.00 112.00 1.00 3.00 74.63
26.00 491.00 1.00 2.00 131.30
299.00 486.00 1.00 1.00 108.40
497.00 504.00 1.00 5.00 111.41
506.00 490.00 0.00 3.00 166.49
517.00 503.00 1.00 3.00 92.62
496.00 402.00 0.00 2.00 140.05
409.00 317.00 0.00 2.00 159.49
208.00 360.00 1.00 2.00 143.35
487.00 500.00 1.00 2.00 166.99
13.00 24.00 0.00 1.00 78.93
33.00 100.00 1.00 1.00 125.83
393.00 366.00 1.00 5.00 73.89
204.00 514.00 0.00 4.00 51.31
341.00 495.00 0.00 4.00 158.89
113.00 489.00 1.00 4.00 33.22
513.00 457.00 1.00 1.00 142.62
153.00 506.00 1.00 1.00 199.64
233.00 292.00 0.00 1.00 121.98
495.00 219.00 1.00 1.00 114.51
514.00 203.00 0.00 2.00 105.52
491.00 514.00 1.00 3.00 72.99
503.00 11.00 1.00 4.00 71.70
506.00 489.00 1.00 3.00 121.07
501.00 280.00 1.00 2.00 152.82
357.00 503.00 0.00 3.00 146.49
502.00 514.00 1.00 5.00 36.57
502.00 178.00 1.00 3.00 56.12
492.00 303.00 0.00 5.00 86.68
510.00 363.00 0.00 3.00 150.50
489.00 498.00 0.00 3.00 195.42
198.00 494.00 0.00 1.00 170.87
497.00 139.00 0.00 2.00 158.93
293.00 32.00 1.00 4.00 189.24
500.00 503.00 1.00 5.00 82.86
132.00 389.00 0.00 2.00 121.72
282.00 60.00 1.00 1.00 76.26
443.00 99.00 0.00 1.00 59.39
510.00 43.00 1.00 3.00 93.82
474.00 324.00 1.00 3.00 177.40
491.00 7.00 1.00 2.00 119.29
508.00 381.00 0.00 1.00 97.75
494.00 478.00 0.00 5.00 199.64
506.00 355.00 0.00 3.00 118.51
151.00 173.00 0.00 1.00 195.47
510.00 496.00 1.00 3.00 156.44
132.00 499.00 1.00 2.00 52.16
505.00 498.00 0.00 2.00 33.86
184.00 506.00 0.00 2.00 129.71
111.00 90.00 0.00 1.00 187.58
322.00 365.00 0.00 1.00 87.76
5.00 510.00 0.00 3.00 60.92
462.00 334.00 1.00 5.00 93.30
483.00 517.00 0.00 2.00 100.06
161.00 368.00 1.00 1.00 105.35
510.00 493.00 0.00 3.00 152.79
503.00 515.00 0.00 3.00 143.78
122.00 509.00 0.00 2.00 33.48
330.00 488.00 0.00 4.00 63.67
235.00 508.00 1.00 1.00 59.39
486.00 164.00 1.00 5.00 129.87
502.00 511.00 1.00 1.00 89.16
498.00 96.00 1.00 5.00 153.45
217.00 317.00 1.00 3.00 129.65
41.00 508.00 1.00 2.00 129.76
50.00 496.00 1.00 5.00 133.22
243.00 109.00 0.00 3.00 114.66
271.00 153.00 1.00 3.00 48.79
511.00 493.00 1.00 1.00 118.14
228.00 431.00 1.00 2.00 190.39
147.00 500.00 1.00 4.00 131.21
507.00 350.00 0.00 1.00 161.20
305.00 511.00 1.00 2.00 76.49
41.00 510.00 0.00 5.00 90.66
406.00 182.00 1.00 3.00 69.17
445.00 285.00 0.00 4.00 60.28
498.00 505.00 0.00 3.00 119.07
288.00 503.00 0.00 1.00 47.28
511.00 79.00 0.00 4.00 99.19
232.00 494.00 0.00 3.00 30.52
235.00 504.00 1.00 3.00 42.39
487.00 497.00 0.00 3.00 48.71
164.00 510.00 0.00 2.00 123.94
384.00 492.00 0.00 4.00 127.29
77.00 7.00 1.00 5.00 126.73
422.00 100.00 1.00 4.00 110.75
493.00 511.00 1.00 5.00 198.32
495.00 326.00 1.00 4.00 156.23
29.00 322.00 0.00 5.00 174.15
376.00 504.00 1.00 4.00 145.00
512.00 501.00 0.00 3.00 126.40
281.00 332.00 1.00 1.00 191.85
196.00 490.00 1.00 2.00 151.95
254.00 512.00 0.00 5.00 103.85
502.00 356.00 0.00 2.00 184.64
368.00 94.00 1.00 4.00 117.28
517.00 506.00 1.00 2.00 57.39
200.00 488.00 1.00 1.00 119.56
507.00 101.00 0.00 1.00 56.75
504.00 494.00 1.00 1.00 54.31
424.00 366.00 1.00 2.00 181.13
184.00 180.00 0.00 3.00 87.88
453.00 511.00 1.00 4.00 119.80
320.00 489.00 0.00 3.00 183.14
491.00 512.00 1.00 1.00 111.54
494.00 515.00 0.00 2.00 46.39
162.00 330.00 1.00 5.00 175.33
152.00 355.00 0.00 4.00 93.85
487.00 250.00 0.00 4.00 128.15
368.00 500.00 1.00 5.00 103.99
249.00 491.00 1.00 2.00 68.42
509.00 496.00 0.00 5.00 146.74
498.00 487.00 1.00 2.00 145.95
358.00 500.00 1.00 2.00 90.06
511.00 496.00 0.00 4.00 115.69
497.00 279.00 0.00 4.00 35.93
202.00 512.00 1.00 4.00 116.02
378.00 444.00 0.00 1.00 68.09
496.00 76.00 1.00 1.00 114.46
179.00 488.00 0.00 5.00 144.81
492.00 487.00 1.00 4.00 128.17
395.00 423.00 0.00 4.00 64.45
78.00 490.00 0.00 3.00 159.08
307.00 489.00 1.00 1.00 83.25
57.00 516.00 1.00 4.00 120.28
285.00 493.00 1.00 1.00 190.19
327.00 505.00 0.00 1.00 144.64
494.00 510.00 1.00 4.00 143.82
48.00 496.00 1.00 2.00 80.49
497.00 386.00 1.00 4.00 195.33
487.00 493.00 0.00 3.00 102.12
181.00 285.00 0.00 5.00 171.61
507.00 488.00 0.00 2.00 108.58
268.00 449.00 1.00 3.00 179.32
511.00 505.00 1.00 4.00 192.11
461.00 486.00 0.00 4.00 55.41
166.00 486.00 0.00 3.00 99.14
506.00 493.00 0.00 3.00 111.58
315.00 515.00 0.00 4.00 71.62
500.00 226.00 0.00 2.00 85.04
203.00 100.00 0.00 4.00 115.69
36.00 509.00 1.00 1.00 147.73
213.00 504.00 1.00 1.00 107.52
504.00 403.00 0.00 3.00 97.20
509.00 499.00 0.00 1.00 132.39
324.00 298.00 0.00 3.00 156.19
512.00 517.00 0.00 3.00 95.26
300.00 493.00 0.00 5.00 78.72
499.00 354.00 1.00 4.00 79.32
488.00 510.00 1.00 1.00 112.23
489.00 516.00 1.00 4.00 64.10
409.00 417.00 0.00 2.00 58.48
493.00 516.00 1.00 2.00 179.22
103.00 486.00 1.00 5.00 117.60
422.00 504.00 0.00 3.00 56.17
489.00 373.00 0.00 3.00 79.99
495.00 501.00 0.00 4.00 47.38
220.00 492.00 0.00 3.00 135.31
223.00 495.00 0.00 1.00 108.98
487.00 456.00 1.00 2.00 44.29
500.00 202.00 0.00 4.00 196.46
492.00 197.00 1.00 5.00 116.96
512.00 489.00 0.00 1.00 82.64
352.00 487.00 1.00 5.00 196.15
508.00 143.00 1.00 5.00 189.66
492.00 431.00 0.00 1.00 59.57
487.00 358.00 0.00 5.00 189.54
491.00 377.00 1.00 2.00 44.68
514.00 508.00 1.00 3.00 82.39
512.00 260.00 1.00 1.00 130.57
23.00 481.00 0.00 3.00 195.83
278.00 363.00 0.00 3.00 170.57
494.00 507.00 1.00 4.00 158.73
335.00 105.00 1.00 3.00 31.19
509.00 321.00 1.00 3.00 184.37
511.00 389.00 1.00 2.00 48.08
509.00 503.00 1.00 2.00 149.72
501.00 308.00 0.00 3.00 197.74
489.00 512.00 1.00 3.00 99.94
40.00 490.00 0.00 3.00 144.23
497.00 517.00 1.00 5.00 129.52
421.00 494.00 0.00 1.00 189.10
517.00 264.00 1.00 5.00 38.00
406.00 488.00 0.00 1.00 119.91
