516.00 506.00 0.00 4.00 86.68
294.00 159.00 0.00 5.00 82.31
231.00 500.00 1.00 3.00 179.00
487.00 349.00 0.00 2.00 181.74
209.00 350.00 0.00 2.00 115.33
490.00 508.00 1.00 2.00 102.55
467.00 197.00 1.00 3.00 42.08
148.00 178.00 0.00 5.00 43.98
517.00 396.00 1.00 2.00 112.95
71.00 505.00 1.00 5.00 108.63
508.00 497.00 1.00 4.00 79.83
494.00 517.00 1.00 1.00 102.12
1.00 487.00 1.00 4.00 37.27
514.00 349.00 1.00 5.00 171.72
511.00 322.00 0.00 2.00 109.92
506.00 274.00 0.00 2.00 89.93
493.00 499.00 1.00 1.00 90.60
477.00 175.00 1.00 4.00 183.11
264.00 117.00 1.00 3.00 148.53
238.00 89.00 0.00 5.00 111.19
272.00 316.00 1.00 2.00 109.86
214.00 96.00 0.00 5.00 53.01
271.00 294.00 1.00 3.00 186.46
313.00 420.00 1.00 4.00 44.58
486.00 337.00 1.00 2.00 121.30
493.00 513.00 0.00 1.00 62.06
43.00 506.00 1.00 1.00 187.33
253.00 327.00 0.00 5.00 75.38
502.00 223.00 0.00 3.00 180.42
332.00 41.00 1.00 4.00 138.62
73.00 493.00 1.00 3.00 180.75
515.00 26.00 1.00 3.00 48.75
517.00 491.00 1.00 4.00 76.91
506.00 493.00 0.00 3.00 84.59
59.00 486.00 0.00 3.00 142.59
75.00 236.00 0.00 3.00 143.43
79.00 485.00 1.00 4.00 129.06
263.00 282.00 0.00 3.00 38.10
338.00 33.00 1.00 4.00 117.54
244.00 221.00 0.00 5.00 54.07
42.00 411.00 0.00 5.00 161.29
486.00 284.00 0.00 1.00 68.73
496.00 184.00 0.00 5.00 137.78
514.00 349.00 1.00 1.00 59.68
63.00 490.00 0.00 3.00 69.34
498.00 208.00 1.00 3.00 157.94
509.00 20.00 0.00 1.00 77.90
489.00 465.00 1.00 2.00 88.24
240.00 34.00 1.00 5.00 144.78
405.00 500.00 1.00 4.00 125.08
506.00 486.00 0.00 2.00 189.10
512.00 336.00 0.00 2.00 141.26
212.00 162.00 1.00 1.00 146.65
508.00 491.00 0.00 1.00 100.27
516.00 506.00 0.00 4.00 108.43
490.00 504.00 1.00 2.00 136.87
186.00 402.00 1.00 2.00 179.76
147.00 35.00 1.00 4.00 98.83
362.00 491.00 0.00 5.00 55.41
517.00 136.00 0.00 4.00 76.11
512.00 488.00 1.00 2.00 125.45
252.00 98.00 1.00 5.00 199.61
489.00 513.00 0.00 5.00 176.30
448.00 513.00 0.00 2.00 160.53
503.00 402.00 0.00 4.00 178.12
288.00 341.00 0.00 1.00 143.69
5.00 490.00 0.00 1.00 62.81
389.00 512.00 0.00 4.00 122.98
506.00 186.00 0.00 4.00 161.35
500.00 508.00 0.00 4.00 92.07
462.00 100.00 1.00 1.00 177.27
179.00 497.00 1.00 1.00 96.66
495.00 490.00 1.00 1.00 114.17
504.00 311.00 1.00 1.00 64.00
381.00 335.00 1.00 2.00 33.33
116.00 507.00 0.00 3.00 195.26
504.00 373.00 0.00 5.00 132.61
267.00 502.00 1.00 3.00 177.89
237.00 494.00 0.00 5.00 158.68
492.00 475.00 0.00 2.00 114.09
514.00 487.00 1.00 5.00 80.65
517.00 159.00 0.00 2.00 125.51
70.00 514.00 0.00 5.00 90.24
492.00 80.00 1.00 4.00 195.46
494.00 501.00 1.00 3.00 141.92
68.00 487.00 0.00 3.00 174.79
491.00 146.00 0.00 4.00 126.05
494.00 515.00 1.00 2.00 102.95
515.00 486.00 1.00 3.00 93.78
224.00 513.00 1.00 1.00 90.56
445.00 494.00 1.00 2.00 125.05
491.00 486.00 1.00 2.00 183.63
69.00 496.00 0.00 3.00 106.50
511.00 380.00 0.00 4.00 31.96
179.00 241.00 1.00 1.00 105.46
107.00 6.00 1.00 4.00 63.68
260.00 385.00 1.00 2.00 46.10
296.00 320.00 0.00 3.00 86.40
41.00 500.00 1.00 4.00 162.07
501.00 508.00 0.00 5.00 61.66
170.00 497.00 0.00 4.00 158.82
489.00 511.00 1.00 3.00 41.65
504.00 162.00 1.00 5.00 74.18
516.00 88.00 1.00 4.00 193.35
422.00 370.00 0.00 5.00 146.09
166.00 496.00 0.00 3.00 159.68
128.00 489.00 1.00 5.00 170.17
505.00 174.00 0.00 2.00 148.66
516.00 280.00 0.00 4.00 167.72
504.00 494.00 1.00 4.00 101.28
515.00 492.00 1.00 3.00 106.52
494.00 227.00 1.00 1.00 161.58
487.00 228.00 1.00 5.00 181.27
314.00 512.00 0.00 4.00 135.13
167.00 172.00 1.00 2.00 32.42
489.00 197.00 1.00 2.00 114.63
487.00 514.00 1.00 1.00 32.66
417.00 322.00 0.00 2.00 118.98
95.00 507.00 0.00 2.00 197.02
496.00 122.00 1.00 2.00 98.70
436.00 290.00 1.00 3.00 197.40
462.00 488.00 1.00 4.00 171.26
500.00 220.00 1.00 4.00 174.95
489.00 516.00 0.00 2.00 180.95
332.00 258.00 1.00 3.00 157.65
488.00 383.00 0.00 4.00 178.83
121.00 364.00 0.00 1.00 129.27
148.00 393.00 1.00 3.00 43.61
492.00 499.00 0.00 2.00 102.18
149.00 477.00 1.00 2.00 54.06
512.00 504.00 1.00 2.00 162.57
459.00 443.00 0.00 2.00 32.37
429.00 62.00 0.00 1.00 169.07
77.00 64.00 0.00 1.00 150.64
509.00 491.00 1.00 1.00 179.98
32.00 396.00 0.00 4.00 145.23
360.00 68.00 1.00 2.00 174.07
503.00 517.00 0.00 1.00 114.72
79.00 516.00 1.00 2.00 133.59
502.00 510.00 0.00 2.00 116.67
491.00 192.00 1.00 2.00 166.66
396.00 58.00 0.00 3.00 46.68
471.00 149.00 0.00 4.00 135.31
498.00 170.00 1.00 1.00 98.66
506.00 137.00 1.00 1.00 55.05
136.00 61.00 0.00 1.00 96.46
270.00 497.00 0.00 5.00 74.70
500.00 491.00 1.00 5.00 98.87
492.00 499.00 0.00 2.00 68.45
489.00 38.00 1.00 2.00 163.66
273.00 163.00 1.00 3.00 126.19
310.00 388.00 1.00 4.00 78.35
497.00 165.00 0.00 5.00 46.31
516.00 476.00 1.00 2.00 161.79
517.00 502.00 0.00 4.00 122.66
187.00 510.00 0.00 3.00 73.55
489.00 228.00 1.00 2.00 153.21
457.00 494.00 0.00 1.00 102.63
196.00 345.00 0.00 2.00 43.21
491.00 117.00 0.00 5.00 154.69
512.00 487.00 0.00 3.00 138.87
201.00 501.00 1.00 1.00 183.89
328.00 496.00 1.00 1.00 87.86
505.00 245.00 1.00 2.00 99.26
489.00 376.00 1.00 1.00 124.26
506.00 218.00 1.00 4.00 31.05
442.00 189.00 0.00 2.00 44.73
505.00 371.00 0.00 3.00 162.52
512.00 494.00 1.00 5.00 81.51
180.00 313.00 0.00 4.00 185.85
50.00 509.00 0.00 4.00 87.05
486.00 498.00 1.00 5.00 183.02
460.00 421.00 0.00 3.00 180.40
257.00 271.00 1.00 4.00 116.07
339.00 84.00 1.00 4.00 96.70
510.00 192.00 1.00 2.00 84.54
503.00 53.00 0.00 4.00 101.23
506.00 512.00 1.00 1.00 131.67
192.00 423.00 1.00 2.00 54.56
502.00 514.00 0.00 4.00 103.19
177.00 503.00 1.00 3.00 64.92
509.00 504.00 1.00 2.00 194.48
212.00 509.00 0.00 3.00 72.98
492.00 507.00 1.00 5.00 174.80
513.00 433.00 1.00 5.00 57.63
46.00 325.00 0.00 5.00 63.73
505.00 179.00 0.00 2.00 83.24
499.00 504.00 0.00 3.00 181.32
489.00 505.00 1.00 1.00 171.25
44.00 424.00 0.00 4.00 61.16
17.00 441.00 1.00 1.00 65.82
517.00 26.00 0.00 4.00 182.84
327.00 498.00 1.00 1.00 50.18
511.00 501.00 0.00 5.00 35.91
399.00 506.00 0.00 5.00 32.77
294.00 499.00 1.00 5.00 158.41
216.00 507.00 0.00 5.00 113.30
484.00 494.00 0.00 2.00 166.24
496.00 502.00 0.00 2.00 116.89
464.00 404.00 1.00 5.00 111.13
95.00 184.00 0.00 2.00 55.25
338.00 62.00 0.00 2.00 104.97
491.00 248.00 0.00 2.00 157.14
325.00 28.00 1.00 3.00 96.42
489.00 515.00 0.00 1.00 182.64
127.00 488.00 0.00 1.00 107.28
126.00 423.00 0.00 4.00 121.42
500.00 490.00 0.00 1.00 106.58
79.00 463.00 0.00 5.00 44.20
503.00 192.00 1.00 3.00 120.57
504.00 26.00 1.00 3.00 197.05
205.00 511.00 1.00 2.00 78.20
36.00 0.00 1.00 4.00 186.58
511.00 486.00 1.00 1.00 85.70
495.00 512.00 0.00 5.00 83.95
496.00 504.00 1.00 1.00 132.51
511.00 387.00 1.00 3.00 181.71
58.00 388.00 1.00 3.00 54.99
284.00 452.00 0.00 5.00 192.84
451.00 441.00 0.00 3.00 78.14
12.00 493.00 0.00 5.00 47.71
399.00 487.00 0.00 1.00 149.07
511.00 29.00 0.00 1.00 61.31
301.00 486.00 1.00 1.00 41.31
490.00 245.00 1.00 3.00 136.72
509.00 490.00 1.00 2.00 107.80
491.00 515.00 0.00 4.00 90.23
506.00 499.00 1.00 3.00 144.66
510.00 22.00 0.00 1.00 68.98
494.00 504.00 1.00 1.00 115.14
511.00 217.00 0.00 2.00 86.14
498.00 113.00 0.00 5.00 78.20
231.00 517.00 0.00 1.00 86.13
510.00 501.00 1.00 1.00 51.52
515.00 490.00 1.00 5.00 139.25
52.00 498.00 0.00 2.00 71.26
365.00 505.00 1.00 3.00 32.98
507.00 501.00 1.00 4.00 126.75
89.00 501.00 0.00 2.00 194.44
80.00 504.00 1.00 2.00 179.52
309.00 492.00 1.00 1.00 134.29
513.00 273.00 0.00 1.00 102.25
502.00 438.00 0.00 3.00 110.85
516.00 508.00 1.00 2.00 44.26
32.00 206.00 0.00 5.00 127.27
505.00 489.00 1.00 2.00 108.23
516.00 499.00 0.00 4.00 44.17
493.00 506.00 1.00 1.00 31.42
168.00 472.00 0.00 5.00 45.76
495.00 516.00 0.00 2.00 58.26
157.00 491.00 0.00 4.00 126.14
512.00 501.00 0.00 3.00 52.29
495.00 486.00 0.00 1.00 171.71
512.00 488.00 0.00 4.00 52.19
360.00 496.00 0.00 5.00 68.12
130.00 492.00 1.00 4.00 114.31
493.00 346.00 1.00 4.00 69.89
424.00 504.00 0.00 5.00 89.58
490.00 501.00 1.00 5.00 52.01
465.00 145.00 1.00 5.00 167.33
496.00 508.00 1.00 2.00 140.90
74.00 455.00 1.00 2.00 47.95
427.00 491.00 0.00 1.00 141.96
154.00 515.00 1.00 2.00 165.55
489.00 515.00 0.00 4.00 75.88
323.00 510.00 1.00 5.00 166.24
496.00 14.00 0.00 3.00 46.33
295.00 503.00 1.00 2.00 163.73
411.00 497.00 0.00 4.00 171.34
509.00 499.00 0.00 3.00 65.72
474.00 496.00 0.00 4.00 109.96
405.00 473.00 1.00 5.00 188.54
120.00 445.00 1.00 1.00 145.95
274.00 511.00 0.00 4.00 153.16
146.00 468.00 0.00 5.00 36.16
516.00 499.00 1.00 3.00 187.66
417.00 508.00 0.00 4.00 74.55
514.00 392.00 1.00 2.00 52.87
495.00 310.00 1.00 1.00 31.99
434.00 516.00 0.00 5.00 90.70
452.00 307.00 0.00 1.00 34.33
497.00 508.00 1.00 5.00 110.83
501.00 490.00 1.00 5.00 145.28
171.00 88.00 0.00 4.00 171.82
495.00 512.00 0.00 3.00 88.78
491.00 456.00 0.00 3.00 123.58
508.00 494.00 1.00 3.00 140.67
308.00 366.00 1.00 1.00 76.87
72.00 115.00 1.00 1.00 64.66
508.00 517.00 1.00 3.00 98.31
467.00 396.00 1.00 3.00 120.41
517.00 18.00 0.00 2.00 139.65
224.00 391.00 1.00 5.00 111.83
192.00 446.00 0.00 3.00 120.31
488.00 502.00 1.00 2.00 69.98
19.00 512.00 0.00 1.00 134.23
33.00 499.00 0.00 5.00 35.02
103.00 506.00 1.00 5.00 60.11
305.00 491.00 0.00 2.00 198.46
516.00 504.00 1.00 5.00 168.01
517.00 155.00 1.00 2.00 103.02
266.00 155.00 1.00 2.00 133.39
505.00 391.00 0.00 1.00 73.92
399.00 314.00 0.00 1.00 187.12
490.00 514.00 1.00 1.00 135.69
492.00 358.00 0.00 5.00 143.92
490.00 287.00 0.00 1.00 49.55
178.00 222.00 0.00 3.00 64.57
326.00 491.00 0.00 5.00 129.63
494.00 515.00 1.00 5.00 54.85
95.00 225.00 1.00 1.00 68.82
513.00 346.00 1.00 1.00 149.38
511.00 505.00 1.00 2.00 165.87
494.00 489.00 0.00 1.00 80.43
504.00 77.00 0.00 1.00 195.38
98.00 496.00 1.00 4.00 106.85
504.00 515.00 0.00 1.00 74.06
511.00 516.00 1.00 4.00 194.36
507.00 361.00 0.00 1.00 191.76
8.00 499.00 0.00 2.00 78.74
16.00 23.00 1.00 1.00 71.43
501.00 154.00 0.00 5.00 105.93
494.00 517.00 1.00 1.00 139.34
248.00 122.00 0.00 2.00 89.78
284.00 400.00 1.00 5.00 176.24
487.00 517.00 0.00 3.00 117.60
512.00 488.00 0.00 4.00 47.24
505.00 491.00 0.00 2.00 149.31
325.00 432.00 1.00 4.00 70.51
491.00 513.00 1.00 4.00 162.91
493.00 510.00 0.00 2.00 48.03
374.00 513.00 1.00 2.00 63.13
499.00 483.00 0.00 5.00 116.24
493.00 510.00 1.00 3.00 73.69
498.00 472.00 1.00 2.00 137.13
488.00 288.00 0.00 1.00 140.65
494.00 509.00 0.00 2.00 170.43
304.00 161.00 1.00 4.00 71.23
10.00 486.00 1.00 1.00 125.55
426.00 480.00 0.00 1.00 99.18
489.00 167.00 0.00 5.00 128.32
510.00 12.00 0.00 3.00 189.49
495.00 512.00 0.00 3.00 178.92
486.00 163.00 1.00 4.00 82.93
214.00 183.00 1.00 5.00 110.23
396.00 493.00 0.00 3.00 74.33
514.00 499.00 0.00 5.00 111.80
92.00 507.00 1.00 5.00 106.17
73.00 504.00 1.00 3.00 157.81
55.00 506.00 0.00 3.00 113.40
