201.00 495.00 1.00 1.00 162.71
488.00 516.00 0.00 2.00 102.94
497.00 488.00 0.00 1.00 83.08
497.00 516.00 0.00 4.00 150.71
488.00 346.00 1.00 1.00 104.85
308.00 354.00 0.00 4.00 148.40
463.00 516.00 1.00 2.00 166.42
344.00 491.00 1.00 1.00 55.18
487.00 515.00 0.00 4.00 73.17
500.00 0.00 0.00 3.00 40.99
90.00 401.00 0.00 2.00 112.35
507.00 498.00 1.00 3.00 196.52
502.00 500.00 0.00 5.00 179.27
313.00 515.00 1.00 3.00 90.27
486.00 483.00 1.00 2.00 136.58
487.00 511.00 0.00 1.00 190.79
490.00 503.00 0.00 2.00 144.60
406.00 506.00 1.00 2.00 92.07
339.00 431.00 1.00 1.00 109.64
494.00 515.00 1.00 3.00 142.25
495.00 413.00 0.00 2.00 76.60
489.00 509.00 1.00 4.00 89.15
506.00 489.00 0.00 5.00 35.15
508.00 488.00 0.00 1.00 47.55
165.00 154.00 0.00 4.00 54.80
148.00 487.00 0.00 1.00 198.86
188.00 498.00 1.00 5.00 122.97
494.00 414.00 0.00 3.00 134.44
499.00 512.00 1.00 4.00 179.35
511.00 490.00 0.00 2.00 106.94
496.00 34.00 1.00 1.00 189.12
493.00 514.00 0.00 1.00 54.67
496.00 398.00 0.00 3.00 51.81
493.00 224.00 1.00 1.00 145.78
508.00 490.00 0.00 5.00 164.49
190.00 491.00 0.00 4.00 173.15
252.00 34.00 1.00 1.00 33.50
249.00 503.00 0.00 5.00 50.75
513.00 496.00 1.00 2.00 198.23
504.00 188.00 1.00 4.00 49.51
490.00 33.00 1.00 2.00 55.30
506.00 47.00 1.00 4.00 137.05
498.00 340.00 1.00 4.00 153.42
450.00 501.00 1.00 5.00 119.34
268.00 491.00 1.00 2.00 146.53
173.00 488.00 0.00 2.00 133.76
495.00 138.00 1.00 3.00 56.55
510.00 495.00 1.00 1.00 106.73
67.00 501.00 1.00 3.00 191.95
495.00 509.00 1.00 2.00 126.67
374.00 266.00 1.00 2.00 120.13
517.00 498.00 1.00 3.00 163.82
304.00 201.00 0.00 2.00 72.49
197.00 489.00 0.00 3.00 91.11
484.00 61.00 1.00 5.00 32.18
515.00 53.00 1.00 3.00 42.31
507.00 496.00 0.00 3.00 49.07
504.00 162.00 0.00 2.00 57.97
195.00 498.00 0.00 3.00 93.87
513.00 500.00 0.00 4.00 58.69
331.00 470.00 0.00 2.00 67.05
513.00 222.00 1.00 3.00 117.67
442.00 496.00 0.00 5.00 104.96
500.00 507.00 1.00 1.00 179.42
334.00 517.00 1.00 2.00 144.53
513.00 105.00 0.00 2.00 157.99
514.00 509.00 0.00 1.00 181.19
466.00 210.00 1.00 3.00 154.58
464.00 145.00 0.00 4.00 108.51
437.00 505.00 0.00 1.00 103.18
358.00 17.00 0.00 1.00 195.97
497.00 511.00 1.00 1.00 148.83
378.00 127.00 1.00 3.00 73.22
99.00 492.00 0.00 1.00 37.13
364.00 222.00 0.00 4.00 67.82
494.00 515.00 0.00 3.00 186.93
514.00 507.00 1.00 2.00 197.31
203.00 500.00 1.00 1.00 181.24
26.00 496.00 1.00 4.00 67.34
511.00 193.00 1.00 3.00 154.04
271.00 493.00 1.00 3.00 135.26
488.00 517.00 0.00 1.00 81.25
512.00 498.00 0.00 4.00 166.17
501.00 495.00 0.00 2.00 186.06
502.00 148.00 0.00 2.00 41.95
240.00 500.00 0.00 1.00 156.78
437.00 50.00 0.00 2.00 93.17
489.00 501.00 1.00 4.00 62.33
188.00 505.00 1.00 3.00 32.46
491.00 512.00 1.00 3.00 32.24
471.00 503.00 0.00 3.00 68.56
503.00 322.00 1.00 4.00 117.10
514.00 261.00 1.00 2.00 126.07
260.00 344.00 0.00 2.00 120.95
498.00 512.00 0.00 3.00 163.03
116.00 502.00 1.00 1.00 62.12
502.00 507.00 0.00 1.00 57.13
479.00 206.00 0.00 1.00 79.12
514.00 477.00 1.00 5.00 41.91
182.00 506.00 0.00 5.00 136.99
486.00 501.00 1.00 3.00 126.06
509.00 409.00 0.00 5.00 188.69
489.00 505.00 1.00 5.00 74.15
515.00 489.00 0.00 5.00 32.55
499.00 514.00 0.00 5.00 42.35
433.00 495.00 1.00 3.00 172.03
288.00 505.00 1.00 5.00 133.82
338.00 497.00 1.00 2.00 43.28
146.00 505.00 1.00 4.00 87.95
515.00 259.00 1.00 3.00 35.81
514.00 359.00 1.00 5.00 81.33
478.00 276.00 0.00 5.00 173.65
372.00 497.00 0.00 4.00 193.82
302.00 114.00 1.00 3.00 142.87
62.00 499.00 1.00 3.00 151.85
498.00 489.00 1.00 1.00 64.94
505.00 88.00 1.00 5.00 30.44
500.00 14.00 0.00 3.00 194.65
94.00 500.00 0.00 1.00 35.00
507.00 513.00 0.00 4.00 148.11
507.00 185.00 0.00 1.00 108.08
195.00 511.00 1.00 2.00 154.29
117.00 487.00 0.00 3.00 158.03
515.00 246.00 0.00 2.00 76.90
380.00 510.00 0.00 5.00 125.38
489.00 92.00 0.00 5.00 188.16
499.00 34.00 0.00 1.00 183.48
504.00 488.00 0.00 1.00 115.42
307.00 317.00 1.00 1.00 80.54
106.00 339.00 0.00 3.00 48.39
24.00 291.00 0.00 1.00 94.12
285.00 488.00 0.00 1.00 180.18
321.00 361.00 0.00 1.00 156.00
256.00 512.00 0.00 5.00 106.56
499.00 488.00 1.00 3.00 136.05
509.00 491.00 1.00 1.00 159.44
517.00 484.00 1.00 2.00 155.07
491.00 496.00 0.00 3.00 147.75
502.00 500.00 1.00 1.00 170.39
47.00 151.00 1.00 1.00 183.88
81.00 515.00 0.00 5.00 34.55
262.00 509.00 0.00 4.00 79.87
494.00 120.00 0.00 2.00 67.02
505.00 494.00 1.00 1.00 61.20
166.00 494.00 1.00 2.00 40.89
366.00 501.00 1.00 5.00 188.04
498.00 257.00 1.00 2.00 156.42
163.00 81.00 0.00 4.00 67.83
465.00 190.00 1.00 5.00 102.94
383.00 504.00 1.00 2.00 62.93
503.00 515.00 0.00 5.00 169.67
495.00 489.00 0.00 3.00 114.64
501.00 492.00 1.00 2.00 165.41
324.00 499.00 1.00 4.00 131.26
257.00 487.00 0.00 4.00 134.19
497.00 511.00 0.00 3.00 35.41
516.00 419.00 0.00 3.00 81.95
498.00 489.00 0.00 4.00 194.21
187.00 476.00 1.00 3.00 78.04
516.00 453.00 1.00 1.00 138.03
163.00 438.00 1.00 5.00 132.66
515.00 500.00 1.00 4.00 191.42
236.00 84.00 0.00 5.00 199.97
19.00 452.00 1.00 1.00 47.28
488.00 395.00 1.00 4.00 107.89
488.00 247.00 1.00 1.00 39.89
1.00 275.00 0.00 3.00 158.50
380.00 507.00 1.00 2.00 141.07
497.00 486.00 0.00 5.00 90.15
496.00 340.00 1.00 5.00 45.53
504.00 486.00 1.00 2.00 80.19
516.00 420.00 0.00 3.00 190.32
516.00 511.00 1.00 2.00 139.33
391.00 491.00 0.00 3.00 118.60
510.00 23.00 1.00 4.00 77.08
489.00 514.00 1.00 4.00 198.23
512.00 506.00 0.00 3.00 192.73
491.00 497.00 1.00 1.00 159.16
501.00 336.00 0.00 4.00 92.79
110.00 495.00 1.00 3.00 51.93
502.00 511.00 0.00 4.00 78.36
510.00 493.00 0.00 2.00 144.74
99.00 505.00 0.00 5.00 112.07
460.00 110.00 1.00 2.00 68.16
514.00 500.00 0.00 3.00 170.08
507.00 502.00 0.00 3.00 153.83
337.00 35.00 0.00 4.00 110.14
457.00 437.00 0.00 4.00 69.08
512.00 327.00 0.00 2.00 115.74
100.00 359.00 1.00 2.00 52.17
444.00 91.00 0.00 4.00 189.70
414.00 335.00 1.00 5.00 132.17
504.00 493.00 1.00 4.00 99.10
25.00 463.00 1.00 2.00 116.99
506.00 511.00 0.00 4.00 193.79
47.00 196.00 0.00 3.00 93.85
499.00 349.00 1.00 1.00 148.00
200.00 491.00 1.00 3.00 108.59
494.00 506.00 1.00 1.00 91.98
150.00 490.00 0.00 2.00 191.61
467.00 6.00 0.00 1.00 87.59
14.00 371.00 1.00 3.00 187.12
438.00 509.00 0.00 4.00 128.21
403.00 99.00 1.00 1.00 100.29
146.00 494.00 0.00 1.00 64.50
481.00 497.00 1.00 5.00 36.98
369.00 489.00 1.00 2.00 176.39
95.00 103.00 0.00 2.00 152.40
499.00 502.00 1.00 2.00 147.06
434.00 486.00 1.00 1.00 158.04
300.00 205.00 1.00 1.00 159.21
234.00 399.00 0.00 3.00 181.59
80.00 504.00 0.00 5.00 159.72
502.00 496.00 0.00 1.00 197.75
70.00 437.00 1.00 1.00 165.16
102.00 494.00 0.00 5.00 105.62
489.00 38.00 0.00 1.00 78.44
242.00 493.00 1.00 2.00 124.02
88.00 196.00 1.00 4.00 81.90
496.00 489.00 1.00 4.00 191.33
2.00 499.00 1.00 5.00 78.36
313.00 508.00 1.00 2.00 153.41
147.00 495.00 0.00 4.00 176.91
121.00 513.00 1.00 1.00 146.00
511.00 497.00 1.00 4.00 107.82
323.00 144.00 0.00 5.00 87.02
448.00 517.00 1.00 4.00 84.15
489.00 503.00 0.00 5.00 153.14
370.00 37.00 0.00 4.00 56.55
516.00 103.00 0.00 3.00 187.49
220.00 160.00 0.00 1.00 132.99
486.00 507.00 0.00 3.00 138.03
202.00 221.00 1.00 1.00 182.22
493.00 20.00 1.00 2.00 83.87
323.00 505.00 0.00 5.00 57.50
347.00 499.00 1.00 3.00 91.21
64.00 308.00 1.00 4.00 146.12
488.00 474.00 0.00 1.00 100.18
507.00 514.00 1.00 2.00 192.53
287.00 324.00 1.00 5.00 124.06
507.00 361.00 0.00 1.00 142.30
510.00 345.00 0.00 2.00 86.29
379.00 439.00 0.00 4.00 147.54
295.00 479.00 1.00 4.00 40.06
33.00 250.00 1.00 4.00 115.66
508.00 500.00 0.00 1.00 100.57
490.00 500.00 1.00 5.00 125.55
7.00 493.00 0.00 3.00 193.85
500.00 503.00 1.00 2.00 146.93
81.00 511.00 1.00 1.00 114.22
497.00 423.00 1.00 4.00 53.77
375.00 350.00 0.00 1.00 76.42
507.00 226.00 0.00 1.00 131.68
491.00 278.00 0.00 3.00 69.48
508.00 247.00 0.00 2.00 125.58
172.00 489.00 1.00 3.00 192.65
496.00 513.00 0.00 2.00 142.90
376.00 210.00 1.00 5.00 176.01
382.00 472.00 0.00 2.00 61.67
217.00 437.00 0.00 5.00 167.73
495.00 501.00 0.00 2.00 128.10
160.00 488.00 0.00 5.00 123.81
196.00 240.00 0.00 2.00 90.12
514.00 489.00 0.00 2.00 32.56
497.00 503.00 0.00 1.00 58.82
7.00 388.00 0.00 5.00 81.56
498.00 369.00 0.00 1.00 77.10
508.00 128.00 0.00 5.00 50.96
237.00 492.00 1.00 2.00 100.62
511.00 495.00 1.00 2.00 125.97
212.00 432.00 0.00 1.00 84.12
515.00 145.00 0.00 3.00 71.76
369.00 171.00 1.00 4.00 67.93
505.00 183.00 1.00 3.00 182.38
511.00 494.00 0.00 2.00 60.50
492.00 499.00 1.00 4.00 139.70
350.00 511.00 1.00 1.00 197.20
425.00 471.00 1.00 1.00 170.34
515.00 229.00 0.00 1.00 40.48
511.00 237.00 1.00 2.00 138.11
9.00 496.00 0.00 1.00 154.39
32.00 167.00 1.00 2.00 149.98
186.00 517.00 1.00 3.00 81.24
495.00 502.00 1.00 4.00 79.95
487.00 501.00 0.00 2.00 137.65
193.00 494.00 0.00 4.00 143.70
517.00 287.00 0.00 3.00 166.38
25.00 486.00 1.00 1.00 69.59
333.00 244.00 1.00 3.00 172.71
511.00 490.00 1.00 3.00 147.36
96.00 78.00 0.00 5.00 78.03
18.00 105.00 1.00 2.00 39.99
124.00 517.00 1.00 5.00 194.57
517.00 9.00 1.00 2.00 126.49
136.00 321.00 0.00 2.00 182.85
393.00 231.00 0.00 4.00 73.80
301.00 329.00 0.00 1.00 194.32
218.00 513.00 1.00 3.00 65.36
36.00 180.00 1.00 2.00 181.63
362.00 242.00 0.00 1.00 170.93
497.00 327.00 0.00 1.00 196.39
49.00 512.00 1.00 3.00 128.93
495.00 489.00 1.00 3.00 181.82
516.00 498.00 0.00 3.00 176.76
497.00 182.00 1.00 5.00 136.93
487.00 516.00 0.00 4.00 109.83
501.00 371.00 0.00 4.00 188.62
151.00 498.00 0.00 4.00 145.39
360.00 513.00 1.00 1.00 170.65
328.00 399.00 1.00 3.00 67.61
517.00 501.00 1.00 1.00 126.91
512.00 148.00 0.00 4.00 56.23
31.00 486.00 1.00 1.00 193.46
356.00 207.00 1.00 1.00 83.94
486.00 513.00 1.00 1.00 56.65
288.00 405.00 1.00 4.00 129.73
438.00 504.00 0.00 5.00 116.31
266.00 491.00 0.00 2.00 139.84
502.00 496.00 0.00 2.00 99.19
491.00 201.00 1.00 1.00 175.68
492.00 361.00 1.00 1.00 198.51
489.00 501.00 1.00 4.00 145.88
430.00 496.00 1.00 4.00 124.77
500.00 36.00 0.00 1.00 38.78
508.00 325.00 0.00 4.00 99.05
351.00 117.00 1.00 1.00 35.31
334.00 499.00 1.00 3.00 47.93
492.00 497.00 0.00 3.00 76.23
466.00 294.00 1.00 2.00 43.59
509.00 486.00 1.00 4.00 139.34
470.00 103.00 0.00 2.00 73.75
337.00 15.00 1.00 5.00 161.29
506.00 74.00 0.00 4.00 86.14
366.00 502.00 0.00 4.00 146.28
512.00 332.00 0.00 1.00 123.59
0.00 435.00 0.00 4.00 174.11
78.00 156.00 0.00 3.00 191.95
515.00 465.00 0.00 3.00 187.59
509.00 483.00 0.00 2.00 42.96
77.00 499.00 1.00 4.00 54.79
487.00 466.00 1.00 4.00 194.00
500.00 506.00 0.00 2.00 163.42
226.00 433.00 1.00 4.00 165.91
362.00 148.00 0.00 3.00 188.10
56.00 505.00 1.00 1.00 74.81
513.00 496.00 1.00 4.00 188.82
182.00 250.00 1.00 4.00 47.60
335.00 10.00 1.00 1.00 116.37
501.00 88.00 0.00 5.00 52.50
102.00 492.00 1.00 2.00 81.72
334.00 514.00 0.00 1.00 116.85
293.00 13.00 0.00 1.00 171.35
42.00 164.00 0.00 1.00 166.16
503.00 134.00 1.00 4.00 137.02
495.00 310.00 0.00 3.00 199.92
390.00 338.00 1.00 5.00 147.01
491.00 219.00 0.00 5.00 125.55
500.00 292.00 1.00 2.00 35.88
511.00 353.00 0.00 1.00 47.58
507.00 219.00 0.00 3.00 177.37
29.00 486.00 1.00 4.00 46.80
491.00 110.00 0.00 1.00 58.07
306.00 84.00 0.00 2.00 109.72
318.00 86.00 1.00 2.00 120.05
46.00 501.00 0.00 2.00 148.61
498.00 514.00 0.00 5.00 43.68
296.00 142.00 1.00 5.00 69.39
41.00 350.00 1.00 3.00 124.09
21.00 491.00 1.00 3.00 107.52
265.00 246.00 0.00 3.00 182.64
285.00 212.00 0.00 1.00 89.20
209.00 256.00 0.00 5.00 72.12
508.00 499.00 0.00 1.00 46.73
89.00 510.00 1.00 4.00 59.14
493.00 33.00 1.00 3.00 87.97
486.00 144.00 0.00 5.00 162.20
334.00 511.00 1.00 5.00 107.77
497.00 516.00 0.00 1.00 58.82
302.00 346.00 0.00 2.00 110.20
511.00 498.00 0.00 3.00 102.14
288.00 22.00 0.00 4.00 121.66
237.00 491.00 0.00 5.00 75.52
508.00 14.00 0.00 3.00 108.70
501.00 495.00 0.00 3.00 195.91
488.00 501.00 1.00 4.00 121.15
380.00 318.00 0.00 3.00 168.55
314.00 298.00 1.00 3.00 159.15
498.00 158.00 1.00 4.00 174.94
491.00 496.00 1.00 1.00 108.78
497.00 492.00 0.00 4.00 77.83
486.00 424.00 0.00 3.00 159.31
406.00 272.00 0.00 5.00 70.56
216.00 413.00 1.00 4.00 125.91
513.00 410.00 0.00 1.00 81.34
69.00 443.00 0.00 1.00 33.63
363.00 146.00 1.00 4.00 153.59
78.00 494.00 1.00 3.00 88.53
494.00 487.00 0.00 3.00 158.90
482.00 307.00 1.00 5.00 157.05
63.00 517.00 1.00 1.00 159.67
