517.00 510.00 1.00 4.00 88.47
240.00 517.00 1.00 2.00 176.97
270.00 466.00 0.00 3.00 168.11
508.00 242.00 1.00 2.00 105.13
489.00 503.00 1.00 3.00 178.10
513.00 74.00 0.00 2.00 121.92
482.00 188.00 1.00 3.00 47.60
490.00 506.00 1.00 5.00 184.96
67.00 254.00 1.00 5.00 65.13
235.00 390.00 0.00 4.00 117.45
500.00 487.00 0.00 5.00 121.11
493.00 81.00 0.00 3.00 177.62
50.00 18.00 0.00 5.00 142.07
516.00 72.00 0.00 4.00 77.42
256.00 487.00 0.00 5.00 116.00
503.00 322.00 1.00 5.00 114.28
491.00 272.00 0.00 2.00 33.40
412.00 510.00 0.00 3.00 110.79
335.00 511.00 0.00 2.00 179.30
193.00 500.00 1.00 2.00 103.06
504.00 253.00 1.00 2.00 136.39
496.00 309.00 1.00 5.00 127.10
144.00 517.00 1.00 5.00 114.65
50.00 305.00 0.00 1.00 116.20
164.00 487.00 0.00 3.00 182.95
498.00 261.00 0.00 1.00 156.49
487.00 505.00 1.00 4.00 173.28
500.00 486.00 1.00 3.00 84.28
267.00 499.00 1.00 4.00 86.46
381.00 284.00 0.00 5.00 60.20
85.00 489.00 1.00 5.00 172.53
352.00 488.00 0.00 1.00 46.21
514.00 493.00 0.00 2.00 194.51
491.00 517.00 1.00 4.00 150.73
246.00 446.00 1.00 1.00 141.15
507.00 60.00 0.00 5.00 97.73
88.00 407.00 1.00 2.00 166.19
380.00 490.00 1.00 4.00 138.61
107.00 510.00 0.00 1.00 198.31
401.00 378.00 0.00 1.00 129.85
510.00 248.00 0.00 4.00 162.63
509.00 19.00 1.00 4.00 179.45
492.00 320.00 1.00 2.00 149.21
138.00 493.00 1.00 5.00 131.53
374.00 507.00 0.00 5.00 132.05
501.00 206.00 0.00 1.00 44.07
506.00 488.00 0.00 4.00 94.99
493.00 500.00 1.00 4.00 88.10
499.00 514.00 0.00 2.00 89.37
293.00 512.00 1.00 2.00 48.75
497.00 509.00 0.00 1.00 30.50
516.00 51.00 1.00 3.00 96.63
76.00 280.00 0.00 4.00 90.08
493.00 507.00 0.00 1.00 98.82
492.00 173.00 0.00 3.00 48.80
489.00 73.00 1.00 3.00 96.35
359.00 513.00 1.00 1.00 190.65
506.00 246.00 0.00 1.00 50.22
516.00 405.00 0.00 5.00 160.01
224.00 495.00 1.00 1.00 196.37
509.00 487.00 1.00 1.00 195.77
313.00 304.00 1.00 5.00 173.96
225.00 490.00 0.00 3.00 132.39
338.00 290.00 0.00 2.00 170.88
499.00 479.00 1.00 2.00 117.59
159.00 264.00 1.00 2.00 162.98
286.00 95.00 1.00 3.00 190.66
503.00 330.00 1.00 1.00 131.69
120.00 348.00 1.00 5.00 61.48
245.00 457.00 1.00 1.00 109.02
239.00 486.00 1.00 4.00 113.88
503.00 495.00 1.00 5.00 172.75
360.00 497.00 0.00 3.00 125.76
496.00 328.00 0.00 4.00 31.41
81.00 509.00 0.00 4.00 162.18
291.00 72.00 1.00 1.00 186.18
517.00 498.00 0.00 1.00 155.78
517.00 497.00 0.00 3.00 188.42
96.00 68.00 1.00 1.00 149.03
514.00 498.00 0.00 1.00 103.12
16.00 357.00 0.00 5.00 36.75
494.00 512.00 1.00 1.00 46.14
507.00 47.00 0.00 4.00 170.33
327.00 511.00 1.00 2.00 115.12
330.00 106.00 1.00 4.00 185.12
391.00 506.00 1.00 2.00 35.73
431.00 185.00 1.00 5.00 149.38
83.00 511.00 1.00 3.00 199.32
17.00 472.00 1.00 1.00 67.77
510.00 517.00 1.00 4.00 173.24
235.00 294.00 0.00 2.00 123.39
233.00 168.00 0.00 2.00 105.15
441.00 34.00 0.00 4.00 173.18
500.00 438.00 1.00 1.00 176.73
504.00 489.00 1.00 3.00 158.97
226.00 513.00 1.00 3.00 95.56
502.00 325.00 1.00 4.00 125.66
237.00 449.00 0.00 1.00 186.58
499.00 492.00 1.00 4.00 89.56
212.00 361.00 1.00 3.00 43.80
15.00 482.00 0.00 3.00 106.82
514.00 198.00 0.00 3.00 85.06
278.00 502.00 1.00 1.00 188.25
228.00 512.00 1.00 5.00 82.21
71.00 517.00 0.00 2.00 72.71
492.00 215.00 1.00 3.00 45.47
395.00 512.00 1.00 2.00 38.06
511.00 148.00 0.00 5.00 167.92
500.00 509.00 0.00 1.00 125.74
503.00 90.00 1.00 3.00 150.96
510.00 501.00 0.00 5.00 183.60
513.00 130.00 0.00 5.00 178.39
403.00 490.00 0.00 3.00 111.18
502.00 509.00 0.00 3.00 121.67
8.00 498.00 0.00 5.00 54.41
501.00 66.00 1.00 2.00 170.21
492.00 227.00 0.00 1.00 38.25
491.00 195.00 0.00 1.00 123.55
346.00 261.00 1.00 5.00 87.06
215.00 254.00 0.00 2.00 167.87
33.00 515.00 0.00 1.00 179.41
180.00 294.00 0.00 2.00 183.75
171.00 154.00 0.00 3.00 85.46
200.00 462.00 1.00 3.00 194.71
320.00 80.00 0.00 3.00 85.05
475.00 498.00 1.00 3.00 93.06
499.00 58.00 0.00 3.00 98.26
499.00 81.00 1.00 4.00 155.04
492.00 96.00 1.00 1.00 152.60
256.00 512.00 1.00 5.00 95.21
512.00 198.00 1.00 2.00 174.02
516.00 273.00 0.00 1.00 182.15
488.00 144.00 0.00 4.00 95.34
471.00 501.00 0.00 3.00 106.22
297.00 508.00 1.00 1.00 120.72
499.00 507.00 0.00 3.00 153.70
101.00 70.00 1.00 5.00 167.78
425.00 325.00 0.00 5.00 102.57
416.00 498.00 0.00 1.00 175.20
510.00 284.00 0.00 1.00 176.12
505.00 169.00 1.00 2.00 169.48
36.00 514.00 0.00 3.00 151.68
154.00 255.00 1.00 5.00 43.14
416.00 489.00 0.00 4.00 183.50
130.00 414.00 0.00 1.00 155.00
372.00 154.00 1.00 1.00 91.11
499.00 175.00 0.00 2.00 63.54
42.00 501.00 0.00 2.00 95.82
501.00 465.00 1.00 5.00 86.25
493.00 3.00 1.00 3.00 123.86
255.00 421.00 1.00 4.00 106.39
20.00 360.00 0.00 5.00 188.69
359.00 181.00 1.00 5.00 78.22
236.00 494.00 1.00 1.00 30.77
14.00 30.00 0.00 4.00 92.97
297.00 507.00 0.00 1.00 183.39
295.00 516.00 0.00 3.00 88.08
516.00 501.00 0.00 1.00 150.03
507.00 515.00 0.00 3.00 132.29
361.00 504.00 0.00 3.00 165.38
510.00 23.00 0.00 5.00 193.46
511.00 501.00 0.00 4.00 38.93
252.00 496.00 1.00 2.00 147.33
460.00 496.00 0.00 5.00 112.52
361.00 69.00 1.00 2.00 183.40
402.00 504.00 1.00 1.00 173.84
515.00 487.00 1.00 2.00 184.18
510.00 491.00 0.00 2.00 186.02
230.00 501.00 1.00 5.00 40.13
263.00 506.00 1.00 1.00 184.96
514.00 494.00 1.00 4.00 38.54
29.00 55.00 1.00 2.00 122.07
382.00 233.00 1.00 3.00 78.97
285.00 512.00 1.00 4.00 186.31
21.00 514.00 1.00 3.00 123.86
219.00 503.00 1.00 4.00 31.75
495.00 517.00 1.00 5.00 185.37
512.00 495.00 0.00 5.00 118.50
152.00 432.00 1.00 1.00 197.70
515.00 494.00 0.00 4.00 139.18
486.00 68.00 0.00 5.00 159.03
64.00 44.00 0.00 5.00 106.10
503.00 516.00 0.00 1.00 113.91
484.00 507.00 0.00 3.00 197.98
510.00 229.00 1.00 2.00 40.96
512.00 497.00 0.00 2.00 80.65
414.00 486.00 0.00 1.00 138.07
330.00 244.00 0.00 4.00 45.10
504.00 112.00 0.00 1.00 136.34
85.00 502.00 0.00 3.00 148.68
10.00 500.00 0.00 4.00 186.41
402.00 508.00 1.00 2.00 87.72
490.00 8.00 1.00 3.00 129.32
503.00 95.00 0.00 2.00 187.83
368.00 509.00 0.00 5.00 63.47
396.00 275.00 1.00 3.00 122.07
100.00 497.00 0.00 5.00 64.48
493.00 153.00 1.00 3.00 168.89
7.00 517.00 0.00 1.00 163.68
495.00 513.00 0.00 1.00 162.97
125.00 392.00 0.00 4.00 56.14
492.00 18.00 0.00 2.00 45.47
492.00 497.00 1.00 5.00 176.91
489.00 504.00 1.00 3.00 54.40
102.00 504.00 0.00 3.00 128.28
157.00 489.00 1.00 4.00 162.33
96.00 506.00 1.00 1.00 113.69
362.00 511.00 1.00 2.00 69.47
508.00 491.00 1.00 2.00 44.31
378.00 494.00 0.00 1.00 81.05
199.00 485.00 1.00 1.00 164.45
298.00 101.00 1.00 4.00 173.48
489.00 240.00 1.00 4.00 193.78
496.00 186.00 1.00 4.00 74.94
500.00 517.00 1.00 2.00 176.81
513.00 192.00 0.00 3.00 143.25
274.00 492.00 1.00 5.00 88.09
486.00 497.00 0.00 5.00 173.38
152.00 492.00 0.00 1.00 190.68
334.00 13.00 0.00 4.00 133.25
171.00 514.00 0.00 5.00 144.67
495.00 516.00 1.00 3.00 167.56
496.00 350.00 0.00 1.00 102.93
358.00 120.00 0.00 4.00 78.20
130.00 500.00 1.00 5.00 83.21
380.00 74.00 0.00 3.00 50.13
393.00 437.00 1.00 3.00 154.32
498.00 493.00 1.00 5.00 41.76
514.00 505.00 0.00 3.00 162.66
514.00 222.00 0.00 3.00 97.21
488.00 516.00 1.00 4.00 171.08
45.00 488.00 1.00 2.00 154.32
497.00 510.00 1.00 3.00 142.75
488.00 516.00 1.00 4.00 179.91
116.00 506.00 0.00 4.00 123.97
289.00 499.00 0.00 5.00 165.27
501.00 517.00 0.00 2.00 116.77
354.00 497.00 1.00 2.00 87.62
503.00 488.00 1.00 5.00 54.33
506.00 499.00 0.00 2.00 174.69
49.00 477.00 1.00 5.00 48.90
503.00 330.00 0.00 1.00 96.96
125.00 511.00 0.00 4.00 109.56
227.00 388.00 0.00 4.00 191.85
262.00 455.00 0.00 2.00 176.25
280.00 450.00 1.00 2.00 40.90
501.00 214.00 1.00 1.00 149.59
510.00 338.00 0.00 1.00 119.73
398.00 503.00 0.00 3.00 197.76
310.00 85.00 1.00 4.00 33.95
475.00 452.00 1.00 4.00 136.63
61.00 498.00 1.00 4.00 88.79
504.00 454.00 1.00 3.00 47.40
514.00 493.00 0.00 1.00 67.23
250.00 21.00 0.00 3.00 48.51
79.00 499.00 0.00 2.00 53.46
504.00 494.00 1.00 3.00 124.63
103.00 511.00 1.00 4.00 180.02
504.00 164.00 0.00 3.00 90.74
517.00 512.00 0.00 4.00 105.11
127.00 505.00 1.00 3.00 71.63
130.00 452.00 0.00 2.00 111.06
208.00 138.00 1.00 4.00 174.55
115.00 506.00 1.00 4.00 171.63
479.00 9.00 1.00 1.00 37.03
496.00 387.00 1.00 1.00 152.98
504.00 495.00 1.00 3.00 71.09
516.00 312.00 1.00 4.00 65.95
503.00 69.00 1.00 1.00 63.74
427.00 501.00 0.00 5.00 69.97
506.00 120.00 0.00 5.00 152.93
511.00 488.00 0.00 1.00 139.59
511.00 501.00 1.00 2.00 192.52
118.00 382.00 0.00 5.00 198.26
337.00 491.00 0.00 4.00 45.65
515.00 501.00 0.00 3.00 169.41
188.00 53.00 1.00 4.00 136.96
204.00 92.00 0.00 1.00 94.19
307.00 175.00 1.00 3.00 75.77
494.00 210.00 1.00 4.00 154.48
508.00 487.00 0.00 5.00 103.50
498.00 105.00 0.00 4.00 191.64
514.00 74.00 1.00 4.00 188.43
517.00 510.00 0.00 5.00 118.59
297.00 501.00 0.00 1.00 119.93
505.00 492.00 0.00 3.00 65.01
163.00 504.00 1.00 3.00 161.00
241.00 454.00 1.00 5.00 143.93
494.00 512.00 1.00 3.00 99.66
439.00 505.00 0.00 3.00 89.97
508.00 491.00 0.00 2.00 130.89
77.00 98.00 0.00 3.00 144.04
509.00 489.00 0.00 5.00 179.08
116.00 316.00 1.00 1.00 136.50
123.00 492.00 0.00 1.00 185.94
217.00 487.00 1.00 5.00 195.88
377.00 512.00 0.00 5.00 153.11
498.00 486.00 0.00 1.00 176.99
376.00 390.00 1.00 3.00 37.84
513.00 210.00 1.00 2.00 78.36
515.00 501.00 0.00 1.00 51.93
496.00 514.00 1.00 5.00 146.93
64.00 432.00 0.00 1.00 149.68
505.00 487.00 0.00 2.00 77.46
338.00 153.00 0.00 3.00 117.33
285.00 349.00 1.00 4.00 138.44
502.00 495.00 0.00 5.00 113.29
494.00 487.00 0.00 3.00 53.83
509.00 317.00 1.00 3.00 62.03
512.00 499.00 1.00 2.00 91.13
389.00 290.00 1.00 1.00 66.06
146.00 494.00 0.00 2.00 92.30
176.00 517.00 0.00 5.00 107.35
235.00 374.00 1.00 2.00 30.80
90.00 241.00 0.00 5.00 147.94
496.00 503.00 1.00 5.00 188.77
252.00 488.00 0.00 2.00 122.08
487.00 405.00 1.00 5.00 123.30
346.00 378.00 1.00 2.00 80.62
503.00 496.00 1.00 1.00 104.25
506.00 143.00 1.00 5.00 147.97
496.00 486.00 0.00 5.00 188.62
498.00 510.00 1.00 3.00 170.87
502.00 266.00 1.00 4.00 49.01
486.00 517.00 0.00 2.00 68.56
490.00 108.00 1.00 5.00 195.63
102.00 139.00 1.00 3.00 73.76
324.00 286.00 1.00 4.00 142.60
168.00 227.00 0.00 3.00 194.08
492.00 509.00 1.00 4.00 58.08
147.00 498.00 1.00 3.00 63.95
505.00 272.00 0.00 2.00 34.35
282.00 465.00 1.00 4.00 45.27
508.00 468.00 0.00 2.00 53.39
194.00 487.00 0.00 2.00 44.28
516.00 511.00 1.00 5.00 98.26
512.00 498.00 1.00 2.00 178.98
506.00 513.00 1.00 1.00 144.22
514.00 494.00 1.00 4.00 135.42
508.00 495.00 1.00 3.00 67.09
220.00 515.00 1.00 3.00 121.04
489.00 500.00 1.00 3.00 118.81
488.00 505.00 0.00 1.00 145.59
505.00 430.00 0.00 5.00 87.59
503.00 508.00 1.00 3.00 123.35
509.00 499.00 1.00 5.00 142.99
501.00 492.00 0.00 3.00 51.84
500.00 133.00 1.00 5.00 102.01
332.00 462.00 0.00 2.00 115.56
162.00 199.00 1.00 1.00 134.37
201.00 450.00 0.00 4.00 156.42
506.00 513.00 1.00 1.00 175.93
487.00 496.00 0.00 2.00 188.01
515.00 275.00 1.00 4.00 144.29
509.00 421.00 1.00 1.00 173.52
193.00 266.00 1.00 4.00 134.13
486.00 335.00 0.00 1.00 91.69
490.00 509.00 0.00 1.00 66.40
491.00 37.00 1.00 1.00 143.69
162.00 153.00 0.00 1.00 47.60
512.00 493.00 0.00 3.00 117.87
506.00 196.00 1.00 2.00 155.98
352.00 212.00 1.00 2.00 153.49
486.00 104.00 0.00 1.00 116.52
194.00 356.00 0.00 5.00 78.72
8.00 269.00 0.00 3.00 42.53
90.00 305.00 1.00 2.00 181.52
516.00 344.00 0.00 4.00 61.75
41.00 187.00 1.00 2.00 171.48
487.00 458.00 0.00 3.00 115.35
506.00 187.00 0.00 4.00 195.24
4.00 373.00 1.00 5.00 115.96
87.00 456.00 1.00 2.00 193.19
496.00 504.00 1.00 1.00 166.49
165.00 487.00 1.00 2.00 37.53
26.00 361.00 1.00 1.00 172.42
4.00 507.00 1.00 1.00 45.81
498.00 490.00 0.00 1.00 36.24
494.00 96.00 1.00 2.00 69.35
416.00 516.00 1.00 1.00 168.54
436.00 117.00 1.00 4.00 179.09
512.00 192.00 1.00 2.00 38.57
503.00 253.00 1.00 2.00 89.11
488.00 299.00 1.00 2.00 46.85
96.00 494.00 0.00 5.00 120.17
494.00 298.00 1.00 1.00 109.95
514.00 44.00 0.00 1.00 66.28
62.00 505.00 1.00 2.00 142.56
490.00 498.00 1.00 2.00 100.38
492.00 502.00 0.00 4.00 115.83
491.00 381.00 1.00 2.00 51.77
484.00 487.00 1.00 3.00 107.12
511.00 498.00 0.00 1.00 94.31
365.00 493.00 0.00 1.00 79.49
80.00 494.00 0.00 5.00 106.32
88.00 506.00 0.00 3.00 117.42
207.00 504.00 1.00 5.00 59.49
510.00 297.00 1.00 4.00 152.60
502.00 498.00 1.00 1.00 114.73
500.00 379.00 1.00 4.00 93.26
461.00 512.00 0.00 5.00 173.60
361.00 498.00 1.00 2.00 45.08
488.00 493.00 0.00 3.00 188.17
490.00 509.00 1.00 1.00 39.71
468.00 497.00 0.00 4.00 122.49
496.00 504.00 1.00 4.00 96.20
237.00 105.00 0.00 5.00 89.12
206.00 443.00 1.00 2.00 114.90
145.00 494.00 1.00 1.00 187.81
489.00 512.00 1.00 1.00 117.10
513.00 217.00 1.00 2.00 166.99
497.00 509.00 0.00 4.00 170.18
498.00 307.00 0.00 2.00 198.12
10.00 513.00 1.00 4.00 53.93
417.00 502.00 1.00 3.00 92.95
499.00 80.00 0.00 4.00 133.39
427.00 141.00 1.00 3.00 126.26
496.00 461.00 0.00 1.00 85.14
335.00 42.00 1.00 4.00 123.11
501.00 167.00 1.00 3.00 106.59
19.00 288.00 0.00 2.00 180.06
278.00 51.00 0.00 3.00 80.20
515.00 38.00 1.00 1.00 35.94
498.00 488.00 0.00 3.00 110.43
165.00 196.00 0.00 5.00 88.87
513.00 372.00 0.00 5.00 159.60
481.00 501.00 1.00 2.00 89.77
452.00 172.00 0.00 5.00 187.99
508.00 275.00 0.00 2.00 50.32
503.00 477.00 0.00 5.00 174.68
288.00 345.00 1.00 4.00 199.08
325.00 504.00 1.00 3.00 111.06
324.00 468.00 0.00 3.00 176.50
261.00 241.00 1.00 1.00 120.80
359.00 313.00 1.00 4.00 94.53
490.00 501.00 1.00 1.00 43.04
139.00 248.00 1.00 4.00 120.68
124.00 487.00 0.00 4.00 66.27
332.00 514.00 0.00 2.00 61.55
429.00 226.00 1.00 5.00 34.56
4.00 52.00 1.00 1.00 189.11
491.00 497.00 0.00 5.00 120.66
5.00 506.00 0.00 5.00 131.90
493.00 243.00 0.00 2.00 71.33
494.00 517.00 1.00 5.00 83.50
416.00 392.00 0.00 1.00 150.20
354.00 368.00 0.00 4.00 126.75
131.00 508.00 1.00 4.00 190.85
24.00 487.00 0.00 3.00 181.07
121.00 515.00 1.00 1.00 56.07
