489.00 516.00 1.00 4.00 99.69
515.00 232.00 0.00 3.00 77.63
499.00 492.00 1.00 5.00 40.13
516.00 159.00 1.00 3.00 71.21
506.00 403.00 0.00 5.00 160.04
33.00 240.00 0.00 4.00 61.74
498.00 492.00 0.00 2.00 33.76
509.00 38.00 1.00 1.00 55.69
27.00 509.00 0.00 1.00 127.03
498.00 337.00 1.00 4.00 120.91
52.00 114.00 1.00 2.00 39.42
509.00 219.00 1.00 5.00 186.04
491.00 84.00 1.00 3.00 86.12
502.00 247.00 0.00 3.00 76.99
191.00 495.00 1.00 1.00 79.39
512.00 500.00 0.00 5.00 38.70
183.00 366.00 1.00 1.00 169.57
42.00 203.00 1.00 1.00 133.38
503.00 508.00 1.00 1.00 151.71
510.00 500.00 0.00 2.00 50.11
376.00 59.00 0.00 2.00 179.56
458.00 54.00 0.00 4.00 182.77
38.00 508.00 0.00 2.00 174.93
489.00 391.00 0.00 2.00 132.49
351.00 304.00 1.00 1.00 107.13
488.00 229.00 0.00 4.00 136.46
510.00 491.00 0.00 5.00 165.12
498.00 439.00 0.00 2.00 153.14
495.00 509.00 1.00 1.00 189.08
504.00 500.00 1.00 1.00 40.94
488.00 494.00 0.00 5.00 52.98
487.00 509.00 0.00 1.00 153.42
508.00 154.00 1.00 3.00 130.65
514.00 487.00 0.00 2.00 156.44
170.00 285.00 0.00 3.00 175.27
302.00 495.00 0.00 5.00 126.70
439.00 177.00 1.00 5.00 70.87
491.00 515.00 0.00 1.00 101.01
216.00 492.00 0.00 1.00 133.39
487.00 495.00 1.00 4.00 43.22
94.00 498.00 0.00 2.00 128.69
314.00 49.00 0.00 4.00 89.36
514.00 508.00 1.00 1.00 111.70
125.00 80.00 0.00 3.00 83.40
113.00 150.00 1.00 5.00 56.45
502.00 371.00 1.00 1.00 113.80
83.00 492.00 0.00 3.00 150.29
501.00 271.00 1.00 4.00 188.78
244.00 126.00 1.00 1.00 85.54
111.00 133.00 1.00 3.00 68.56
319.00 506.00 1.00 5.00 188.80
499.00 511.00 0.00 4.00 179.26
111.00 224.00 0.00 5.00 66.12
339.00 516.00 1.00 2.00 139.24
234.00 336.00 0.00 3.00 63.06
510.00 261.00 0.00 4.00 146.83
493.00 514.00 1.00 2.00 158.42
272.00 515.00 1.00 1.00 35.46
220.00 495.00 0.00 2.00 146.18
268.00 502.00 0.00 2.00 159.19
489.00 512.00 0.00 1.00 44.06
318.00 31.00 0.00 5.00 129.84
501.00 487.00 1.00 1.00 148.95
81.00 397.00 1.00 4.00 94.12
295.00 493.00 1.00 2.00 103.64
505.00 177.00 0.00 4.00 138.60
513.00 503.00 1.00 2.00 137.09
490.00 44.00 0.00 5.00 166.24
487.00 511.00 1.00 1.00 77.93
492.00 244.00 0.00 1.00 57.50
1.00 497.00 1.00 4.00 122.93
452.00 505.00 1.00 4.00 70.85
515.00 504.00 0.00 1.00 41.72
504.00 494.00 0.00 3.00 34.52
510.00 499.00 0.00 3.00 73.39
455.00 202.00 1.00 5.00 144.94
496.00 490.00 0.00 2.00 192.00
509.00 496.00 1.00 1.00 109.41
207.00 86.00 1.00 5.00 167.91
293.00 490.00 0.00 5.00 138.86
514.00 213.00 1.00 3.00 160.10
512.00 497.00 1.00 3.00 35.49
511.00 503.00 1.00 2.00 123.65
499.00 509.00 1.00 3.00 197.52
501.00 464.00 1.00 1.00 45.11
507.00 30.00 1.00 1.00 31.77
502.00 491.00 1.00 1.00 125.22
517.00 24.00 0.00 2.00 132.34
493.00 488.00 0.00 1.00 36.39
302.00 229.00 1.00 3.00 193.81
287.00 487.00 1.00 3.00 131.00
505.00 495.00 1.00 2.00 94.47
17.00 399.00 0.00 4.00 131.17
515.00 502.00 1.00 1.00 171.45
386.00 55.00 0.00 2.00 91.41
127.00 489.00 1.00 4.00 41.58
148.00 510.00 0.00 2.00 87.79
510.00 502.00 1.00 2.00 87.67
358.00 159.00 1.00 4.00 70.63
491.00 501.00 0.00 4.00 183.42
59.00 505.00 1.00 1.00 91.77
513.00 500.00 1.00 2.00 104.24
499.00 507.00 0.00 5.00 47.82
247.00 508.00 1.00 4.00 45.87
268.00 440.00 1.00 3.00 198.99
516.00 487.00 0.00 4.00 143.31
390.00 339.00 0.00 5.00 122.52
252.00 489.00 1.00 2.00 126.92
505.00 493.00 1.00 3.00 50.64
498.00 511.00 1.00 4.00 120.65
454.00 515.00 0.00 3.00 118.86
10.00 144.00 0.00 2.00 185.09
296.00 73.00 0.00 4.00 183.33
511.00 496.00 1.00 5.00 133.89
494.00 517.00 0.00 2.00 77.80
491.00 195.00 1.00 1.00 176.70
344.00 490.00 0.00 5.00 114.51
472.00 507.00 1.00 4.00 152.55
498.00 492.00 0.00 2.00 54.36
43.00 513.00 1.00 2.00 153.45
511.00 506.00 0.00 2.00 75.74
282.00 442.00 1.00 3.00 64.53
149.00 417.00 1.00 1.00 101.37
30.00 376.00 1.00 1.00 113.11
513.00 131.00 0.00 1.00 90.32
505.00 29.00 1.00 2.00 34.95
360.00 499.00 0.00 4.00 139.94
486.00 394.00 1.00 1.00 181.74
517.00 500.00 0.00 3.00 78.97
478.00 489.00 0.00 4.00 112.15
399.00 486.00 0.00 2.00 30.62
353.00 41.00 1.00 3.00 165.99
207.00 386.00 0.00 3.00 127.58
150.00 190.00 0.00 5.00 32.17
506.00 415.00 0.00 5.00 179.37
492.00 517.00 1.00 3.00 82.60
344.00 132.00 0.00 5.00 161.42
499.00 513.00 1.00 5.00 131.90
504.00 246.00 0.00 4.00 66.64
60.00 488.00 0.00 3.00 150.33
185.00 200.00 0.00 1.00 97.74
85.00 498.00 1.00 1.00 188.29
512.00 366.00 0.00 2.00 52.12
334.00 504.00 1.00 2.00 40.53
511.00 426.00 0.00 2.00 76.69
277.00 33.00 0.00 5.00 157.98
493.00 511.00 0.00 2.00 90.68
452.00 508.00 1.00 5.00 69.25
153.00 500.00 1.00 4.00 98.45
443.00 341.00 0.00 5.00 158.10
502.00 508.00 0.00 2.00 190.16
496.00 113.00 1.00 5.00 124.87
502.00 493.00 1.00 3.00 34.20
231.00 486.00 1.00 1.00 191.46
509.00 504.00 1.00 5.00 98.57
498.00 486.00 1.00 2.00 35.79
216.00 506.00 1.00 3.00 171.95
488.00 494.00 1.00 2.00 113.65
211.00 500.00 1.00 2.00 83.11
512.00 507.00 1.00 3.00 188.08
438.00 504.00 1.00 5.00 168.13
491.00 486.00 0.00 3.00 68.58
508.00 514.00 1.00 5.00 186.96
337.00 511.00 1.00 1.00 190.81
495.00 501.00 0.00 5.00 151.63
432.00 466.00 1.00 1.00 107.06
198.00 44.00 0.00 5.00 153.13
516.00 458.00 1.00 1.00 40.19
66.00 375.00 0.00 4.00 116.35
499.00 402.00 1.00 4.00 156.34
508.00 503.00 0.00 3.00 86.71
132.00 42.00 1.00 2.00 86.64
516.00 511.00 0.00 2.00 68.87
511.00 426.00 1.00 2.00 121.78
266.00 329.00 0.00 2.00 139.17
417.00 89.00 0.00 4.00 103.68
498.00 511.00 1.00 4.00 82.49
489.00 496.00 1.00 5.00 120.67
517.00 70.00 1.00 1.00 135.21
471.00 495.00 0.00 1.00 163.04
7.00 160.00 0.00 5.00 191.45
358.00 164.00 1.00 5.00 47.92
351.00 495.00 0.00 3.00 165.64
408.00 512.00 1.00 2.00 123.46
489.00 494.00 1.00 5.00 154.83
491.00 415.00 0.00 1.00 124.36
163.00 54.00 0.00 5.00 46.31
514.00 22.00 1.00 3.00 133.77
100.00 499.00 0.00 4.00 60.11
468.00 401.00 0.00 1.00 46.49
364.00 322.00 1.00 1.00 147.09
125.00 490.00 0.00 3.00 75.77
494.00 512.00 1.00 2.00 159.17
406.00 502.00 0.00 2.00 145.41
412.00 489.00 1.00 2.00 121.80
277.00 148.00 1.00 4.00 162.67
505.00 513.00 0.00 2.00 68.19
516.00 492.00 0.00 1.00 190.29
505.00 238.00 1.00 5.00 46.82
327.00 112.00 0.00 5.00 146.99
512.00 497.00 1.00 5.00 61.63
490.00 450.00 0.00 5.00 138.35
398.00 487.00 1.00 1.00 97.99
491.00 37.00 0.00 2.00 134.43
33.00 500.00 0.00 4.00 82.49
353.00 506.00 1.00 4.00 45.84
504.00 177.00 0.00 2.00 188.64
35.00 502.00 1.00 5.00 33.95
228.00 440.00 0.00 3.00 119.62
79.00 492.00 1.00 4.00 175.51
489.00 314.00 0.00 1.00 117.18
494.00 501.00 0.00 2.00 102.69
6.00 512.00 0.00 5.00 48.20
179.00 423.00 0.00 1.00 67.55
514.00 499.00 1.00 3.00 161.69
514.00 499.00 0.00 5.00 182.29
495.00 486.00 1.00 3.00 93.07
516.00 503.00 1.00 3.00 112.45
492.00 11.00 0.00 5.00 157.48
489.00 516.00 0.00 5.00 142.41
509.00 494.00 1.00 4.00 164.57
460.00 326.00 1.00 1.00 56.54
84.00 294.00 1.00 3.00 77.90
292.00 502.00 0.00 4.00 120.36
70.00 248.00 0.00 5.00 165.28
499.00 503.00 1.00 3.00 154.63
515.00 508.00 0.00 2.00 49.15
327.00 360.00 0.00 4.00 164.74
494.00 7.00 1.00 4.00 163.08
243.00 515.00 0.00 4.00 168.58
494.00 510.00 0.00 3.00 66.47
492.00 497.00 1.00 3.00 152.18
512.00 477.00 1.00 2.00 146.37
495.00 428.00 0.00 5.00 111.69
497.00 306.00 0.00 3.00 141.24
505.00 514.00 0.00 5.00 180.02
493.00 122.00 0.00 2.00 98.42
150.00 264.00 1.00 4.00 126.07
496.00 503.00 0.00 5.00 50.29
201.00 426.00 1.00 2.00 131.38
250.00 508.00 1.00 2.00 154.94
497.00 512.00 0.00 1.00 191.13
508.00 6.00 1.00 1.00 60.03
204.00 502.00 0.00 3.00 102.96
486.00 495.00 1.00 5.00 120.24
491.00 515.00 0.00 4.00 118.05
278.00 374.00 0.00 5.00 108.99
516.00 17.00 0.00 2.00 102.29
509.00 502.00 1.00 2.00 55.97
493.00 319.00 1.00 4.00 94.36
495.00 452.00 1.00 4.00 165.17
365.00 483.00 1.00 3.00 99.26
223.00 36.00 0.00 4.00 42.68
488.00 493.00 0.00 1.00 91.41
193.00 84.00 0.00 5.00 140.38
511.00 302.00 1.00 3.00 59.45
515.00 325.00 0.00 2.00 153.98
37.00 163.00 0.00 4.00 104.10
331.00 474.00 1.00 1.00 112.17
507.00 25.00 1.00 1.00 140.48
503.00 514.00 0.00 5.00 187.03
485.00 503.00 1.00 3.00 150.23
112.00 504.00 0.00 3.00 41.91
511.00 368.00 1.00 2.00 60.88
421.00 457.00 0.00 4.00 92.20
488.00 415.00 0.00 2.00 111.85
498.00 491.00 1.00 2.00 174.64
504.00 287.00 1.00 2.00 95.70
135.00 514.00 1.00 3.00 108.10
494.00 347.00 0.00 4.00 184.84
516.00 342.00 0.00 1.00 141.31
288.00 505.00 1.00 1.00 183.40
499.00 337.00 0.00 3.00 126.04
486.00 514.00 1.00 2.00 74.24
510.00 504.00 0.00 4.00 37.68
30.00 491.00 0.00 5.00 147.84
252.00 361.00 0.00 5.00 175.05
501.00 475.00 0.00 1.00 80.03
508.00 500.00 0.00 4.00 31.20
497.00 508.00 1.00 2.00 82.96
325.00 306.00 1.00 3.00 142.19
515.00 496.00 0.00 4.00 45.97
307.00 236.00 1.00 1.00 164.48
517.00 145.00 0.00 2.00 186.78
512.00 75.00 1.00 2.00 59.79
503.00 517.00 0.00 1.00 65.53
499.00 486.00 0.00 1.00 190.09
506.00 71.00 1.00 2.00 190.58
20.00 487.00 0.00 3.00 67.38
361.00 408.00 1.00 4.00 111.03
429.00 100.00 1.00 2.00 187.33
502.00 517.00 0.00 5.00 129.54
257.00 369.00 1.00 5.00 42.12
502.00 509.00 1.00 5.00 55.76
506.00 489.00 1.00 5.00 47.88
503.00 496.00 0.00 3.00 190.93
310.00 508.00 0.00 2.00 103.73
491.00 506.00 0.00 4.00 49.10
236.00 430.00 1.00 2.00 164.61
515.00 436.00 0.00 2.00 103.23
290.00 491.00 1.00 4.00 132.46
490.00 131.00 0.00 1.00 188.41
82.00 286.00 1.00 4.00 75.41
248.00 2.00 0.00 1.00 149.86
69.00 489.00 1.00 4.00 85.97
323.00 54.00 0.00 2.00 191.17
311.00 283.00 1.00 5.00 54.64
200.00 369.00 0.00 5.00 158.46
513.00 497.00 0.00 3.00 54.12
505.00 499.00 0.00 4.00 107.97
138.00 511.00 1.00 5.00 33.53
4.00 507.00 1.00 3.00 156.32
90.00 200.00 1.00 2.00 54.25
426.00 486.00 1.00 1.00 189.32
503.00 499.00 1.00 3.00 34.54
23.00 201.00 0.00 4.00 68.22
504.00 516.00 0.00 3.00 187.83
9.00 330.00 1.00 3.00 128.33
302.00 467.00 0.00 3.00 180.49
76.00 237.00 1.00 4.00 108.40
499.00 513.00 1.00 4.00 168.96
470.00 454.00 1.00 2.00 167.88
486.00 503.00 1.00 2.00 73.14
474.00 509.00 1.00 4.00 183.10
511.00 487.00 0.00 3.00 132.42
511.00 505.00 1.00 5.00 120.14
368.00 437.00 0.00 5.00 186.85
388.00 427.00 0.00 3.00 145.17
490.00 158.00 0.00 5.00 150.04
491.00 217.00 1.00 4.00 93.98
497.00 288.00 0.00 4.00 136.05
505.00 491.00 1.00 1.00 60.97
295.00 38.00 0.00 3.00 118.38
397.00 55.00 0.00 5.00 148.37
424.00 498.00 1.00 2.00 73.02
425.00 94.00 0.00 3.00 133.88
173.00 509.00 1.00 5.00 110.16
405.00 496.00 1.00 2.00 48.48
121.00 463.00 1.00 5.00 132.99
385.00 491.00 1.00 5.00 155.33
288.00 164.00 1.00 5.00 194.49
5.00 511.00 1.00 3.00 41.86
54.00 45.00 1.00 3.00 83.32
435.00 181.00 0.00 2.00 96.79
337.00 504.00 0.00 4.00 55.45
172.00 503.00 0.00 4.00 78.64
487.00 492.00 1.00 3.00 196.88
496.00 515.00 0.00 4.00 111.07
247.00 46.00 0.00 3.00 34.50
10.00 502.00 1.00 2.00 75.66
509.00 199.00 1.00 2.00 122.12
253.00 501.00 0.00 1.00 172.17
111.00 153.00 0.00 5.00 183.39
302.00 364.00 0.00 1.00 111.06
514.00 7.00 1.00 1.00 122.79
236.00 223.00 0.00 3.00 190.46
501.00 130.00 1.00 4.00 95.35
492.00 127.00 0.00 2.00 106.43
296.00 355.00 1.00 1.00 136.90
209.00 512.00 0.00 3.00 98.37
418.00 432.00 1.00 1.00 192.05
495.00 81.00 1.00 1.00 137.05
498.00 511.00 0.00 3.00 136.61
507.00 493.00 0.00 5.00 85.64
497.00 121.00 1.00 3.00 61.80
502.00 338.00 1.00 3.00 157.89
178.00 119.00 1.00 1.00 101.42
289.00 228.00 0.00 2.00 177.12
413.00 4.00 0.00 5.00 102.99
515.00 339.00 0.00 5.00 53.50
495.00 362.00 0.00 1.00 64.73
144.00 36.00 1.00 1.00 196.46
336.00 433.00 1.00 5.00 179.96
56.00 345.00 0.00 4.00 199.18
502.00 514.00 0.00 2.00 134.77
166.00 55.00 0.00 1.00 46.87
57.00 153.00 1.00 4.00 193.92
507.00 28.00 0.00 3.00 49.16
7.00 489.00 1.00 5.00 153.31
339.00 498.00 1.00 4.00 195.15
495.00 351.00 1.00 3.00 170.12
110.00 504.00 1.00 1.00 112.38
503.00 514.00 0.00 2.00 36.98
493.00 487.00 0.00 3.00 69.15
495.00 486.00 1.00 3.00 94.31
273.00 516.00 0.00 4.00 116.55
505.00 498.00 1.00 2.00 153.37
494.00 355.00 0.00 2.00 175.75
517.00 498.00 0.00 2.00 177.55
513.00 499.00 0.00 3.00 194.41
487.00 403.00 0.00 3.00 169.85
74.00 390.00 1.00 2.00 195.48
497.00 506.00 0.00 2.00 62.90
229.00 281.00 0.00 5.00 57.92
260.00 516.00 1.00 2.00 96.93
491.00 373.00 1.00 4.00 95.31
18.00 497.00 0.00 2.00 80.26
506.00 491.00 1.00 1.00 148.54
100.00 500.00 1.00 5.00 96.04
501.00 506.00 0.00 4.00 167.89
507.00 486.00 0.00 1.00 66.90
49.00 285.00 0.00 4.00 97.81
506.00 494.00 1.00 1.00 91.29
11.00 92.00 1.00 1.00 65.12
190.00 514.00 1.00 1.00 70.29
503.00 54.00 0.00 4.00 166.15
495.00 382.00 0.00 5.00 69.98
150.00 82.00 0.00 3.00 39.09
368.00 155.00 0.00 5.00 46.91
507.00 102.00 0.00 1.00 102.44
496.00 220.00 0.00 3.00 191.38
8.00 58.00 1.00 2.00 57.22
492.00 418.00 1.00 1.00 35.84
351.00 503.00 0.00 1.00 189.58
516.00 491.00 1.00 4.00 100.92
494.00 183.00 1.00 1.00 197.62
512.00 504.00 1.00 5.00 147.25
256.00 155.00 0.00 3.00 174.10
282.00 513.00 1.00 2.00 142.37
486.00 330.00 0.00 4.00 111.77
497.00 26.00 0.00 4.00 40.33
68.00 134.00 1.00 5.00 31.33
493.00 513.00 1.00 1.00 160.80
500.00 432.00 0.00 3.00 101.90
508.00 517.00 0.00 1.00 73.60
236.00 425.00 1.00 3.00 55.46
501.00 54.00 1.00 4.00 31.31
516.00 262.00 1.00 2.00 180.07
92.00 498.00 0.00 3.00 72.01
498.00 504.00 0.00 2.00 148.91
279.00 400.00 1.00 2.00 105.35
244.00 517.00 1.00 4.00 90.66
506.00 287.00 1.00 2.00 152.55
111.00 499.00 1.00 3.00 118.54
494.00 488.00 0.00 3.00 147.67
33.00 497.00 0.00 1.00 31.21
491.00 96.00 0.00 5.00 77.36
323.00 492.00 0.00 3.00 186.91
325.00 295.00 1.00 2.00 112.54
377.00 442.00 1.00 1.00 169.78
434.00 490.00 0.00 2.00 126.26
500.00 378.00 0.00 3.00 80.07
504.00 515.00 1.00 5.00 99.38
504.00 115.00 0.00 5.00 128.05
22.00 489.00 1.00 1.00 77.60
186.00 489.00 1.00 3.00 96.33
489.00 459.00 0.00 4.00 64.80
474.00 131.00 1.00 3.00 112.60
193.00 217.00 1.00 2.00 78.12
486.00 503.00 1.00 5.00 149.97
227.00 508.00 0.00 3.00 151.31
407.00 38.00 1.00 2.00 117.14
232.00 114.00 1.00 2.00 150.80
149.00 247.00 0.00 5.00 147.99
405.00 511.00 0.00 3.00 151.34
25.00 465.00 0.00 2.00 195.09
29.00 495.00 1.00 4.00 181.04
434.00 394.00 0.00 5.00 85.40
463.00 424.00 1.00 1.00 42.31
489.00 509.00 0.00 4.00 55.80
496.00 145.00 0.00 4.00 47.43
271.00 329.00 0.00 4.00 116.04
136.00 252.00 1.00 2.00 38.15
517.00 507.00 1.00 3.00 154.34
22.00 462.00 1.00 3.00 131.78
474.00 335.00 1.00 5.00 73.11
503.00 508.00 0.00 2.00 146.75
504.00 158.00 1.00 4.00 128.04
498.00 296.00 0.00 5.00 151.42
56.00 493.00 0.00 3.00 161.50
516.00 306.00 0.00 4.00 112.14
496.00 515.00 1.00 3.00 174.55
499.00 510.00 1.00 3.00 43.54
193.00 499.00 1.00 4.00 128.90
320.00 504.00 0.00 4.00 126.22
442.00 101.00 0.00 4.00 158.12
218.00 503.00 1.00 2.00 103.23
509.00 341.00 1.00 3.00 85.63
355.00 254.00 0.00 3.00 137.56
507.00 113.00 1.00 4.00 121.46
501.00 496.00 1.00 2.00 158.83
499.00 171.00 0.00 2.00 128.20
268.00 506.00 1.00 4.00 121.94
493.00 240.00 1.00 1.00 105.44
255.00 61.00 1.00 1.00 126.96
103.00 486.00 0.00 4.00 77.35
496.00 301.00 0.00 3.00 182.15
516.00 489.00 0.00 4.00 77.73
501.00 513.00 1.00 4.00 72.45
509.00 101.00 0.00 1.00 152.33
490.00 501.00 1.00 2.00 110.04
509.00 422.00 1.00 3.00 142.78
214.00 487.00 1.00 4.00 128.39
509.00 499.00 0.00 3.00 94.93
243.00 516.00 1.00 3.00 53.88
64.00 95.00 0.00 1.00 139.32
486.00 132.00 1.00 5.00 139.15
513.00 500.00 0.00 3.00 64.82
499.00 491.00 1.00 3.00 127.03
1.00 441.00 0.00 1.00 189.56
