508.00 221.00 1.00 2.00 149.94
226.00 14.00 0.00 5.00 50.62
290.00 240.00 1.00 1.00 142.00
280.00 143.00 0.00 3.00 69.05
457.00 508.00 0.00 2.00 53.94
490.00 498.00 1.00 2.00 98.52
514.00 502.00 1.00 4.00 57.27
137.00 93.00 0.00 2.00 30.96
508.00 488.00 0.00 2.00 58.39
510.00 64.00 0.00 4.00 165.90
155.00 365.00 0.00 5.00 72.01
388.00 416.00 1.00 5.00 87.58
385.00 141.00 1.00 4.00 98.30
502.00 122.00 0.00 3.00 140.76
461.00 502.00 1.00 5.00 166.19
503.00 361.00 1.00 2.00 39.28
245.00 211.00 0.00 5.00 180.69
233.00 486.00 0.00 5.00 90.73
100.00 444.00 1.00 2.00 169.75
492.00 205.00 0.00 1.00 96.27
323.00 135.00 0.00 5.00 196.89
49.00 432.00 0.00 4.00 57.39
80.00 492.00 0.00 2.00 188.79
490.00 352.00 0.00 1.00 50.91
242.00 514.00 1.00 1.00 121.89
487.00 516.00 1.00 5.00 63.01
270.00 183.00 1.00 4.00 54.71
503.00 205.00 1.00 1.00 188.16
24.00 510.00 0.00 2.00 68.70
19.00 487.00 0.00 3.00 165.40
334.00 491.00 1.00 2.00 98.45
508.00 165.00 0.00 1.00 169.58
455.00 251.00 1.00 1.00 153.80
508.00 433.00 0.00 1.00 147.81
1.00 486.00 0.00 2.00 181.46
336.00 2.00 1.00 2.00 94.70
377.00 105.00 0.00 2.00 184.61
478.00 403.00 1.00 1.00 136.32
482.00 63.00 0.00 4.00 129.38
181.00 284.00 0.00 3.00 51.37
515.00 220.00 0.00 1.00 96.90
312.00 238.00 0.00 1.00 37.93
503.00 517.00 0.00 5.00 56.23
492.00 284.00 0.00 3.00 136.30
432.00 303.00 0.00 2.00 193.93
167.00 366.00 0.00 2.00 189.57
492.00 499.00 1.00 1.00 139.77
504.00 486.00 1.00 1.00 144.48
393.00 508.00 1.00 3.00 68.57
491.00 64.00 0.00 2.00 116.12
