489.00 15.00 1.00 1.00 137.83
20.00 508.00 1.00 4.00 197.90
506.00 170.00 1.00 1.00 135.22
184.00 131.00 1.00 1.00 90.37
511.00 440.00 1.00 2.00 110.05
78.00 504.00 0.00 3.00 166.75
503.00 495.00 1.00 3.00 55.39
487.00 178.00 1.00 2.00 81.13
502.00 121.00 0.00 3.00 69.06
74.00 491.00 1.00 3.00 34.53
503.00 159.00 1.00 3.00 42.34
492.00 91.00 1.00 4.00 188.04
146.00 251.00 1.00 4.00 171.29
351.00 502.00 0.00 3.00 185.03
101.00 509.00 0.00 1.00 43.15
493.00 295.00 1.00 4.00 50.58
512.00 497.00 1.00 5.00 160.70
514.00 492.00 1.00 5.00 167.63
499.00 516.00 1.00 4.00 133.95
86.00 508.00 0.00 5.00 100.01
223.00 216.00 0.00 3.00 121.34
497.00 513.00 0.00 3.00 125.66
511.00 406.00 0.00 3.00 122.61
490.00 325.00 1.00 1.00 113.92
49.00 502.00 1.00 4.00 89.45
496.00 437.00 1.00 2.00 188.75
414.00 496.00 0.00 4.00 96.21
165.00 513.00 0.00 3.00 54.16
489.00 182.00 0.00 4.00 103.64
293.00 489.00 1.00 4.00 54.88
392.00 502.00 0.00 1.00 51.47
515.00 504.00 1.00 4.00 76.57
511.00 135.00 1.00 1.00 71.64
116.00 495.00 0.00 2.00 60.80
510.00 493.00 0.00 4.00 184.41
341.00 509.00 0.00 5.00 173.02
503.00 442.00 0.00 1.00 67.53
506.00 307.00 0.00 3.00 153.67
488.00 297.00 1.00 2.00 163.16
490.00 510.00 0.00 2.00 178.04
445.00 66.00 1.00 3.00 89.17
486.00 255.00 1.00 5.00 195.67
189.00 278.00 1.00 4.00 98.70
233.00 490.00 0.00 3.00 94.25
496.00 512.00 0.00 4.00 144.63
499.00 509.00 1.00 2.00 143.62
61.00 322.00 0.00 1.00 145.40
417.00 506.00 0.00 1.00 155.70
342.00 501.00 0.00 5.00 40.09
418.00 492.00 1.00 2.00 191.15
56.00 515.00 0.00 2.00 86.70
512.00 213.00 1.00 4.00 156.80
514.00 133.00 0.00 4.00 143.58
492.00 507.00 0.00 2.00 47.93
493.00 439.00 1.00 4.00 75.92
503.00 514.00 0.00 3.00 98.18
432.00 19.00 0.00 2.00 169.33
508.00 516.00 1.00 2.00 179.90
445.00 491.00 1.00 3.00 123.39
501.00 491.00 0.00 1.00 78.40
413.00 491.00 0.00 3.00 161.08
361.00 516.00 1.00 3.00 118.53
496.00 205.00 1.00 1.00 183.86
239.00 499.00 0.00 2.00 63.45
123.00 189.00 0.00 5.00 105.52
498.00 507.00 1.00 5.00 59.13
510.00 303.00 1.00 2.00 63.55
131.00 394.00 0.00 2.00 130.14
400.00 156.00 1.00 1.00 188.71
447.00 507.00 1.00 1.00 50.36
505.00 429.00 0.00 1.00 76.37
488.00 430.00 0.00 1.00 31.89
193.00 412.00 0.00 5.00 176.39
161.00 421.00 1.00 2.00 168.39
513.00 504.00 0.00 5.00 163.45
42.00 245.00 0.00 4.00 36.66
510.00 489.00 1.00 3.00 130.99
514.00 450.00 1.00 2.00 103.54
500.00 218.00 1.00 2.00 173.85
506.00 63.00 0.00 4.00 122.50
36.00 171.00 0.00 4.00 42.96
496.00 411.00 0.00 2.00 35.64
20.00 512.00 1.00 4.00 193.62
197.00 94.00 0.00 2.00 107.53
500.00 513.00 0.00 4.00 187.51
478.00 513.00 1.00 2.00 148.35
507.00 402.00 1.00 4.00 68.51
100.00 505.00 1.00 2.00 198.12
506.00 67.00 1.00 4.00 70.11
515.00 16.00 0.00 3.00 177.70
510.00 9.00 0.00 4.00 67.93
147.00 507.00 1.00 1.00 110.10
498.00 1.00 0.00 3.00 96.92
510.00 492.00 1.00 4.00 53.65
84.00 495.00 1.00 4.00 66.54
448.00 217.00 0.00 2.00 48.29
495.00 449.00 1.00 3.00 64.20
27.00 180.00 0.00 4.00 61.67
76.00 511.00 0.00 3.00 128.42
328.00 517.00 1.00 3.00 89.33
486.00 267.00 1.00 4.00 137.32
333.00 511.00 0.00 2.00 39.83
294.00 499.00 1.00 1.00 61.58
318.00 450.00 1.00 3.00 130.43
508.00 490.00 1.00 2.00 90.22
104.00 160.00 1.00 4.00 186.97
151.00 488.00 1.00 2.00 185.29
70.00 33.00 1.00 5.00 156.54
495.00 515.00 1.00 1.00 150.91
107.00 294.00 1.00 1.00 72.72
495.00 378.00 0.00 5.00 101.13
2.00 506.00 0.00 3.00 75.10
295.00 491.00 0.00 2.00 49.49
505.00 516.00 1.00 1.00 53.31
486.00 516.00 1.00 2.00 76.12
516.00 143.00 1.00 4.00 46.80
513.00 153.00 0.00 4.00 167.13
511.00 381.00 0.00 3.00 78.22
427.00 501.00 0.00 2.00 42.06
14.00 359.00 0.00 5.00 130.83
498.00 491.00 1.00 4.00 172.60
393.00 343.00 1.00 5.00 119.11
514.00 490.00 1.00 4.00 109.48
303.00 500.00 0.00 1.00 69.40
512.00 486.00 1.00 3.00 91.19
275.00 410.00 0.00 1.00 94.50
135.00 500.00 0.00 4.00 35.85
259.00 194.00 1.00 2.00 75.26
303.00 166.00 0.00 1.00 64.54
41.00 499.00 1.00 4.00 158.75
512.00 498.00 0.00 2.00 183.17
506.00 517.00 1.00 3.00 107.57
309.00 513.00 1.00 1.00 118.01
499.00 326.00 1.00 2.00 75.85
210.00 308.00 1.00 5.00 188.32
396.00 514.00 1.00 4.00 97.96
513.00 496.00 0.00 1.00 125.23
495.00 433.00 0.00 1.00 74.75
402.00 490.00 1.00 5.00 147.58
506.00 514.00 0.00 5.00 162.57
335.00 411.00 1.00 3.00 148.36
434.00 373.00 1.00 3.00 127.03
173.00 184.00 1.00 2.00 174.96
197.00 137.00 0.00 2.00 171.48
463.00 407.00 1.00 4.00 186.35
198.00 239.00 1.00 1.00 123.97
128.00 222.00 0.00 1.00 53.67
503.00 489.00 0.00 2.00 120.69
111.00 59.00 0.00 5.00 171.47
502.00 486.00 0.00 2.00 93.40
378.00 289.00 0.00 2.00 171.14
400.00 499.00 0.00 3.00 110.95
486.00 504.00 0.00 3.00 33.06
478.00 499.00 1.00 2.00 188.65
503.00 424.00 1.00 2.00 41.68
118.00 129.00 0.00 2.00 113.69
488.00 139.00 1.00 5.00 104.65
487.00 495.00 1.00 3.00 54.63
501.00 481.00 0.00 3.00 82.66
486.00 498.00 0.00 1.00 191.28
496.00 490.00 1.00 2.00 83.90
278.00 500.00 0.00 4.00 89.34
487.00 99.00 0.00 1.00 101.81
329.00 502.00 1.00 4.00 70.91
517.00 499.00 0.00 5.00 66.36
322.00 389.00 0.00 1.00 191.17
496.00 486.00 0.00 4.00 141.67
494.00 508.00 0.00 5.00 153.08
263.00 339.00 1.00 5.00 70.68
497.00 443.00 0.00 2.00 175.28
357.00 498.00 0.00 4.00 164.95
129.00 517.00 1.00 2.00 135.37
504.00 510.00 1.00 4.00 146.12
490.00 511.00 1.00 5.00 98.86
76.00 493.00 0.00 2.00 154.41
12.00 312.00 1.00 1.00 146.86
498.00 192.00 1.00 1.00 111.07
488.00 501.00 1.00 1.00 186.28
241.00 359.00 0.00 4.00 157.13
501.00 148.00 1.00 2.00 125.29
494.00 51.00 1.00 2.00 180.05
487.00 394.00 1.00 4.00 196.44
378.00 500.00 0.00 3.00 69.83
305.00 206.00 1.00 3.00 185.53
82.00 338.00 1.00 2.00 40.50
228.00 472.00 0.00 3.00 163.74
505.00 65.00 0.00 1.00 164.70
296.00 501.00 0.00 3.00 147.51
212.00 241.00 1.00 4.00 31.81
15.00 514.00 1.00 1.00 86.11
507.00 517.00 1.00 3.00 42.14
248.00 410.00 0.00 1.00 182.41
173.00 495.00 1.00 4.00 149.63
69.00 221.00 0.00 3.00 137.91
497.00 127.00 1.00 3.00 165.84
260.00 515.00 0.00 5.00 143.03
199.00 516.00 1.00 3.00 33.34
132.00 491.00 1.00 4.00 146.63
468.00 492.00 0.00 4.00 166.16
345.00 75.00 0.00 3.00 188.50
134.00 507.00 1.00 4.00 122.26
508.00 96.00 1.00 4.00 150.82
148.00 496.00 1.00 4.00 139.42
499.00 42.00 1.00 1.00 89.22
490.00 511.00 0.00 5.00 59.93
490.00 163.00 0.00 5.00 110.21
362.00 86.00 0.00 3.00 103.32
274.00 486.00 1.00 2.00 34.22
510.00 515.00 1.00 2.00 45.95
517.00 511.00 0.00 2.00 193.78
369.00 310.00 1.00 1.00 185.80
376.00 502.00 0.00 4.00 122.17
233.00 501.00 1.00 4.00 116.20
369.00 493.00 0.00 1.00 113.81
487.00 165.00 0.00 3.00 82.52
160.00 68.00 0.00 5.00 145.87
506.00 115.00 1.00 5.00 136.91
486.00 455.00 0.00 1.00 132.01
311.00 507.00 0.00 1.00 175.93
266.00 499.00 1.00 4.00 150.34
491.00 97.00 1.00 2.00 122.39
509.00 246.00 0.00 4.00 133.43
370.00 133.00 0.00 1.00 135.26
507.00 153.00 1.00 2.00 139.19
514.00 506.00 1.00 4.00 97.30
501.00 178.00 1.00 5.00 196.94
507.00 64.00 0.00 1.00 160.72
516.00 489.00 1.00 4.00 113.27
153.00 293.00 1.00 4.00 146.44
198.00 487.00 1.00 2.00 157.51
357.00 440.00 0.00 1.00 134.47
435.00 496.00 1.00 2.00 52.11
490.00 240.00 0.00 5.00 175.59
512.00 127.00 1.00 3.00 135.48
293.00 255.00 1.00 1.00 132.32
507.00 516.00 1.00 3.00 171.38
346.00 515.00 1.00 4.00 36.53
173.00 152.00 0.00 2.00 130.88
33.00 488.00 1.00 5.00 165.28
492.00 517.00 1.00 2.00 158.73
463.00 494.00 0.00 4.00 140.06
106.00 422.00 1.00 2.00 63.07
228.00 505.00 1.00 1.00 84.77
90.00 504.00 1.00 4.00 194.54
33.00 505.00 1.00 5.00 144.32
514.00 509.00 1.00 1.00 100.64
489.00 294.00 1.00 2.00 69.30
490.00 509.00 0.00 5.00 92.49
165.00 512.00 0.00 1.00 180.96
505.00 127.00 1.00 3.00 52.53
218.00 202.00 0.00 1.00 173.71
502.00 493.00 1.00 1.00 183.90
506.00 371.00 0.00 4.00 51.42
231.00 503.00 0.00 3.00 115.37
27.00 514.00 1.00 1.00 176.68
488.00 508.00 1.00 1.00 89.77
92.00 46.00 0.00 2.00 118.34
47.00 419.00 0.00 4.00 74.32
509.00 496.00 0.00 4.00 183.50
491.00 504.00 0.00 2.00 139.99
513.00 504.00 1.00 5.00 33.62
507.00 92.00 1.00 1.00 187.92
229.00 504.00 0.00 2.00 176.11
194.00 146.00 0.00 4.00 131.30
215.00 502.00 1.00 1.00 47.03
511.00 17.00 0.00 1.00 124.69
496.00 348.00 0.00 4.00 51.27
495.00 124.00 1.00 4.00 150.50
504.00 499.00 0.00 1.00 96.23
512.00 120.00 1.00 3.00 54.11
506.00 514.00 1.00 5.00 170.26
475.00 512.00 1.00 3.00 87.74
491.00 505.00 1.00 2.00 91.84
469.00 504.00 1.00 1.00 121.96
491.00 451.00 0.00 2.00 180.46
42.00 501.00 1.00 3.00 95.65
496.00 501.00 0.00 5.00 103.18
499.00 241.00 1.00 4.00 121.49
491.00 335.00 0.00 1.00 120.82
502.00 482.00 1.00 2.00 170.06
285.00 487.00 0.00 3.00 104.78
513.00 492.00 1.00 2.00 64.69
513.00 382.00 1.00 3.00 152.34
470.00 249.00 1.00 3.00 37.30
505.00 511.00 1.00 5.00 156.88
499.00 508.00 0.00 1.00 199.37
220.00 501.00 0.00 2.00 102.85
513.00 497.00 0.00 4.00 147.31
513.00 503.00 1.00 2.00 67.51
501.00 240.00 0.00 5.00 181.98
501.00 488.00 0.00 2.00 154.84
506.00 511.00 1.00 5.00 107.59
346.00 80.00 0.00 2.00 186.41
267.00 515.00 1.00 1.00 51.41
99.00 242.00 1.00 2.00 98.51
237.00 78.00 0.00 5.00 84.14
502.00 54.00 0.00 2.00 123.65
399.00 97.00 1.00 4.00 79.69
496.00 371.00 1.00 2.00 198.47
1.00 448.00 1.00 5.00 159.11
507.00 502.00 1.00 5.00 181.81
345.00 339.00 0.00 5.00 177.55
508.00 517.00 1.00 3.00 72.45
504.00 318.00 1.00 1.00 164.52
517.00 498.00 1.00 5.00 115.27
509.00 497.00 0.00 3.00 113.28
509.00 25.00 1.00 3.00 195.29
492.00 183.00 0.00 1.00 79.55
154.00 267.00 0.00 4.00 61.30
228.00 515.00 1.00 4.00 193.39
508.00 98.00 1.00 2.00 160.09
496.00 517.00 1.00 3.00 108.31
285.00 72.00 0.00 3.00 149.29
488.00 289.00 0.00 3.00 61.87
508.00 491.00 0.00 4.00 73.21
43.00 187.00 0.00 4.00 56.26
323.00 296.00 1.00 5.00 54.80
495.00 404.00 1.00 2.00 157.75
228.00 106.00 0.00 5.00 47.82
280.00 515.00 1.00 5.00 117.51
461.00 516.00 1.00 5.00 99.64
476.00 496.00 0.00 4.00 163.35
505.00 407.00 0.00 4.00 155.55
98.00 487.00 0.00 5.00 186.15
501.00 318.00 0.00 3.00 33.56
489.00 494.00 0.00 5.00 154.43
487.00 271.00 1.00 5.00 37.84
508.00 180.00 1.00 2.00 49.39
313.00 498.00 0.00 5.00 70.73
487.00 493.00 1.00 2.00 178.69
503.00 487.00 1.00 4.00 39.95
503.00 494.00 0.00 2.00 68.73
507.00 403.00 0.00 4.00 99.28
490.00 199.00 0.00 1.00 99.45
509.00 26.00 0.00 4.00 190.16
462.00 430.00 1.00 5.00 136.85
105.00 502.00 1.00 5.00 51.17
512.00 492.00 0.00 1.00 158.31
428.00 432.00 0.00 3.00 167.76
488.00 511.00 0.00 4.00 48.72
494.00 133.00 0.00 1.00 142.71
494.00 168.00 1.00 2.00 81.93
516.00 400.00 0.00 3.00 46.07
404.00 115.00 1.00 3.00 135.01
504.00 515.00 0.00 5.00 141.72
91.00 495.00 0.00 5.00 55.12
281.00 158.00 1.00 5.00 193.60
512.00 494.00 0.00 2.00 131.77
515.00 502.00 0.00 4.00 163.90
506.00 493.00 1.00 4.00 199.05
492.00 96.00 0.00 5.00 143.14
478.00 188.00 0.00 1.00 61.30
501.00 310.00 1.00 5.00 78.65
481.00 158.00 0.00 1.00 41.87
87.00 146.00 0.00 2.00 103.51
121.00 491.00 0.00 2.00 156.53
159.00 511.00 1.00 1.00 150.65
507.00 494.00 1.00 2.00 124.53
497.00 335.00 1.00 5.00 195.59
38.00 501.00 1.00 5.00 77.42
381.00 493.00 1.00 4.00 63.23
495.00 510.00 0.00 1.00 95.58
257.00 514.00 0.00 4.00 74.73
127.00 494.00 1.00 4.00 41.20
450.00 489.00 1.00 5.00 137.28
495.00 154.00 1.00 3.00 91.21
268.00 512.00 0.00 3.00 39.17
514.00 199.00 0.00 1.00 175.40
2.00 506.00 0.00 3.00 115.66
502.00 492.00 0.00 4.00 75.56
507.00 517.00 1.00 3.00 68.77
118.00 347.00 0.00 3.00 147.08
517.00 504.00 1.00 3.00 64.17
196.00 294.00 0.00 4.00 47.94
512.00 497.00 0.00 3.00 107.15
509.00 325.00 0.00 4.00 36.91
330.00 307.00 0.00 3.00 41.44
496.00 509.00 1.00 4.00 153.82
490.00 293.00 1.00 5.00 73.00
443.00 195.00 1.00 5.00 190.00
195.00 512.00 1.00 5.00 155.65
371.00 492.00 0.00 1.00 31.05
197.00 213.00 0.00 1.00 97.31
509.00 496.00 1.00 3.00 100.05
3.00 492.00 1.00 1.00 181.36
495.00 140.00 0.00 3.00 139.00
180.00 507.00 1.00 4.00 141.88
380.00 197.00 1.00 4.00 97.75
339.00 329.00 0.00 4.00 143.70
47.00 105.00 0.00 3.00 191.70
92.00 151.00 1.00 5.00 44.00
509.00 496.00 1.00 2.00 53.42
127.00 492.00 0.00 5.00 88.85
54.00 305.00 1.00 2.00 171.84
509.00 488.00 1.00 5.00 88.05
495.00 109.00 0.00 5.00 118.89
494.00 142.00 1.00 4.00 30.23
412.00 509.00 0.00 3.00 57.64
87.00 348.00 0.00 4.00 97.26
66.00 314.00 1.00 3.00 105.59
508.00 517.00 1.00 2.00 54.57
143.00 487.00 1.00 3.00 136.45
48.00 137.00 0.00 5.00 180.87
457.00 512.00 1.00 4.00 46.26
18.00 163.00 1.00 5.00 62.90
493.00 500.00 0.00 5.00 194.33
499.00 487.00 0.00 2.00 165.92
504.00 183.00 1.00 3.00 79.73
171.00 501.00 1.00 4.00 140.29
171.00 419.00 1.00 2.00 175.21
469.00 496.00 1.00 1.00 118.14
497.00 443.00 1.00 2.00 86.84
280.00 509.00 1.00 3.00 90.93
41.00 511.00 1.00 4.00 110.49
499.00 393.00 1.00 2.00 98.82
421.00 448.00 1.00 2.00 62.55
493.00 506.00 0.00 4.00 180.29
401.00 40.00 1.00 3.00 145.81
11.00 498.00 0.00 2.00 195.08
79.00 508.00 1.00 1.00 164.86
495.00 486.00 0.00 5.00 64.42
27.00 216.00 1.00 5.00 102.53
495.00 316.00 1.00 3.00 140.68
86.00 400.00 0.00 4.00 62.01
374.00 506.00 1.00 5.00 185.92
49.00 493.00 0.00 5.00 190.62
502.00 495.00 1.00 3.00 166.04
508.00 89.00 1.00 5.00 95.87
475.00 353.00 1.00 3.00 99.93
489.00 272.00 1.00 1.00 33.58
233.00 513.00 1.00 2.00 194.01
498.00 514.00 0.00 5.00 84.28
261.00 362.00 0.00 4.00 81.88
290.00 505.00 0.00 5.00 153.19
513.00 486.00 0.00 4.00 68.63
510.00 516.00 1.00 1.00 81.92
143.00 252.00 0.00 5.00 189.15
143.00 457.00 1.00 2.00 105.17
106.00 504.00 0.00 4.00 44.22
272.00 97.00 1.00 2.00 74.88
508.00 352.00 1.00 3.00 186.48
495.00 384.00 1.00 5.00 188.51
503.00 512.00 0.00 3.00 70.05
154.00 499.00 1.00 5.00 169.33
505.00 335.00 0.00 5.00 196.24
501.00 114.00 1.00 5.00 85.45
512.00 40.00 0.00 5.00 136.00
500.00 276.00 1.00 3.00 105.46
512.00 502.00 1.00 2.00 166.35
34.00 498.00 0.00 3.00 194.22
514.00 501.00 0.00 3.00 193.65
351.00 52.00 0.00 4.00 70.22
504.00 430.00 1.00 4.00 169.03
488.00 115.00 0.00 3.00 145.27
492.00 464.00 0.00 4.00 143.36
492.00 502.00 0.00 4.00 98.79
437.00 452.00 1.00 3.00 47.03
516.00 451.00 0.00 3.00 177.59
510.00 499.00 1.00 2.00 90.98
498.00 504.00 0.00 5.00 88.57
507.00 493.00 0.00 2.00 114.63
135.00 474.00 0.00 2.00 159.85
488.00 506.00 0.00 4.00 78.55
465.00 512.00 0.00 4.00 52.44
488.00 254.00 0.00 3.00 135.34
491.00 498.00 0.00 1.00 101.55
198.00 121.00 1.00 3.00 111.42
516.00 115.00 0.00 1.00 161.51
499.00 487.00 1.00 2.00 49.00
252.00 449.00 0.00 4.00 47.44
487.00 295.00 1.00 2.00 147.63
501.00 493.00 0.00 2.00 98.17
320.00 178.00 1.00 3.00 181.82
168.00 425.00 0.00 4.00 76.89
462.00 453.00 1.00 3.00 59.83
513.00 175.00 0.00 3.00 183.67
422.00 511.00 0.00 5.00 144.13
305.00 46.00 0.00 3.00 157.09
493.00 499.00 1.00 4.00 171.64
501.00 124.00 1.00 4.00 93.95
501.00 489.00 1.00 1.00 45.88
509.00 159.00 1.00 4.00 185.99
490.00 79.00 0.00 2.00 152.99
174.00 506.00 0.00 3.00 125.50
506.00 290.00 0.00 5.00 49.96
516.00 487.00 1.00 2.00 93.95
500.00 110.00 1.00 2.00 51.60
499.00 327.00 0.00 5.00 53.17
8.00 510.00 0.00 5.00 182.95
503.00 327.00 1.00 1.00 142.81
94.00 493.00 1.00 1.00 170.93
347.00 486.00 1.00 1.00 65.92
504.00 70.00 1.00 3.00 101.76
509.00 500.00 1.00 4.00 34.05
360.00 68.00 0.00 2.00 159.74
196.00 511.00 0.00 1.00 155.91
515.00 319.00 1.00 1.00 58.41
409.00 95.00 1.00 2.00 77.56
406.00 499.00 1.00 2.00 99.99
511.00 412.00 0.00 3.00 158.74
473.00 510.00 1.00 1.00 32.71
39.00 501.00 1.00 3.00 84.78
504.00 496.00 1.00 4.00 36.02
504.00 493.00 0.00 3.00 165.31
196.00 133.00 0.00 4.00 145.22
264.00 67.00 1.00 4.00 74.03
512.00 507.00 1.00 4.00 183.43
490.00 497.00 1.00 5.00 169.65
172.00 77.00 1.00 5.00 70.02
306.00 495.00 0.00 2.00 170.38
19.00 51.00 1.00 3.00 168.21
410.00 499.00 0.00 4.00 78.08
142.00 488.00 0.00 1.00 38.65
92.00 396.00 0.00 3.00 113.19
387.00 497.00 1.00 3.00 197.88
210.00 515.00 1.00 5.00 39.51
486.00 492.00 1.00 3.00 143.95
502.00 307.00 0.00 3.00 143.21
128.00 244.00 0.00 1.00 152.78
46.00 8.00 1.00 5.00 143.41
19.00 369.00 0.00 4.00 195.88
342.00 304.00 0.00 5.00 193.14
510.00 501.00 0.00 3.00 35.51
517.00 503.00 1.00 3.00 58.96
504.00 493.00 1.00 1.00 150.01
512.00 113.00 1.00 4.00 34.14
238.00 486.00 0.00 4.00 153.00
500.00 481.00 0.00 2.00 188.05
514.00 509.00 1.00 5.00 170.13
506.00 326.00 1.00 4.00 145.17
496.00 501.00 1.00 1.00 69.39
495.00 31.00 0.00 5.00 41.64
499.00 510.00 1.00 2.00 146.32
143.00 106.00 0.00 2.00 184.75
507.00 91.00 1.00 3.00 52.34
187.00 87.00 0.00 3.00 94.18
227.00 489.00 1.00 1.00 171.62
497.00 386.00 1.00 1.00 138.20
239.00 287.00 1.00 1.00 33.30
494.00 222.00 0.00 3.00 198.77
315.00 513.00 1.00 3.00 62.17
207.00 392.00 0.00 3.00 141.67
450.00 91.00 1.00 4.00 134.18
435.00 495.00 1.00 4.00 139.05
509.00 498.00 0.00 4.00 62.14
495.00 234.00 1.00 4.00 161.02
496.00 511.00 0.00 4.00 172.63
492.00 294.00 0.00 2.00 185.28
109.00 443.00 0.00 4.00 181.00
114.00 513.00 1.00 2.00 184.46
