211.00 489.00 0.00 2.00 67.44
515.00 507.00 0.00 2.00 79.48
381.00 268.00 1.00 2.00 97.34
250.00 501.00 1.00 5.00 119.76
120.00 501.00 0.00 3.00 91.16
493.00 499.00 1.00 3.00 98.18
437.00 253.00 1.00 2.00 56.17
514.00 115.00 1.00 4.00 104.46
442.00 350.00 0.00 3.00 199.66
132.00 258.00 0.00 2.00 32.97
400.00 171.00 0.00 2.00 48.76
264.00 436.00 1.00 5.00 100.44
511.00 436.00 0.00 3.00 82.57
509.00 42.00 0.00 5.00 103.78
491.00 504.00 0.00 2.00 48.38
508.00 122.00 0.00 2.00 66.06
516.00 145.00 0.00 1.00 65.62
517.00 511.00 0.00 3.00 153.21
502.00 140.00 1.00 1.00 84.85
495.00 167.00 1.00 3.00 131.01
320.00 160.00 0.00 3.00 158.54
509.00 492.00 1.00 5.00 90.38
365.00 234.00 1.00 3.00 90.89
337.00 312.00 1.00 1.00 95.60
498.00 143.00 0.00 2.00 197.57
503.00 88.00 1.00 5.00 187.11
503.00 496.00 0.00 2.00 180.64
512.00 501.00 0.00 5.00 45.24
516.00 223.00 1.00 1.00 105.99
517.00 230.00 0.00 3.00 74.15
250.00 512.00 1.00 3.00 84.23
178.00 40.00 1.00 1.00 195.12
327.00 487.00 0.00 3.00 94.14
340.00 493.00 0.00 1.00 135.62
516.00 503.00 0.00 1.00 139.72
141.00 330.00 1.00 1.00 118.83
514.00 489.00 1.00 3.00 185.50
139.00 516.00 0.00 1.00 92.71
223.00 496.00 1.00 2.00 78.57
516.00 502.00 1.00 3.00 81.24
513.00 496.00 1.00 2.00 35.87
503.00 262.00 1.00 1.00 122.92
286.00 262.00 0.00 3.00 186.43
516.00 72.00 1.00 5.00 44.70
497.00 509.00 1.00 5.00 31.82
503.00 509.00 0.00 4.00 36.48
274.00 503.00 0.00 1.00 123.99
460.00 199.00 0.00 4.00 127.09
361.00 252.00 1.00 4.00 148.05
382.00 500.00 1.00 2.00 66.75
344.00 354.00 1.00 1.00 57.51
496.00 40.00 0.00 1.00 83.23
501.00 16.00 0.00 5.00 171.01
498.00 314.00 1.00 2.00 92.94
148.00 495.00 0.00 4.00 31.44
497.00 124.00 1.00 2.00 56.59
493.00 185.00 1.00 3.00 66.71
488.00 310.00 0.00 1.00 156.16
501.00 102.00 0.00 5.00 98.74
201.00 138.00 1.00 1.00 141.98
498.00 209.00 0.00 5.00 103.79
300.00 512.00 1.00 2.00 136.51
488.00 91.00 1.00 2.00 57.42
131.00 475.00 1.00 2.00 81.37
514.00 41.00 1.00 3.00 97.89
508.00 491.00 1.00 2.00 110.68
502.00 326.00 1.00 5.00 119.69
511.00 386.00 1.00 2.00 31.87
494.00 301.00 1.00 2.00 177.08
459.00 489.00 0.00 1.00 180.33
487.00 346.00 1.00 2.00 47.86
517.00 497.00 1.00 4.00 154.20
405.00 499.00 0.00 5.00 190.86
182.00 494.00 0.00 3.00 66.20
499.00 397.00 1.00 3.00 86.27
347.00 488.00 0.00 4.00 197.54
509.00 282.00 0.00 5.00 31.27
500.00 168.00 0.00 3.00 191.72
48.00 112.00 1.00 4.00 181.87
499.00 473.00 0.00 5.00 43.87
497.00 507.00 1.00 1.00 187.38
506.00 500.00 1.00 5.00 142.12
74.00 499.00 1.00 2.00 88.91
488.00 514.00 1.00 1.00 146.73
489.00 308.00 1.00 5.00 94.90
116.00 515.00 0.00 4.00 172.00
52.00 503.00 0.00 5.00 89.98
495.00 502.00 1.00 5.00 185.21
152.00 133.00 0.00 1.00 95.18
507.00 495.00 0.00 2.00 42.80
501.00 504.00 0.00 3.00 52.36
97.00 488.00 0.00 2.00 133.17
504.00 342.00 1.00 5.00 74.08
235.00 515.00 0.00 3.00 31.89
493.00 246.00 1.00 1.00 139.48
486.00 370.00 1.00 5.00 185.57
252.00 510.00 0.00 5.00 144.46
513.00 492.00 0.00 5.00 82.45
357.00 163.00 0.00 3.00 181.96
488.00 222.00 1.00 1.00 187.16
372.00 420.00 1.00 2.00 95.64
507.00 222.00 1.00 4.00 132.58
216.00 259.00 1.00 4.00 149.82
443.00 506.00 0.00 4.00 172.51
498.00 517.00 0.00 5.00 175.54
498.00 448.00 0.00 2.00 130.96
37.00 505.00 0.00 4.00 123.64
282.00 149.00 1.00 2.00 154.25
514.00 489.00 1.00 3.00 68.37
492.00 499.00 1.00 5.00 101.85
84.00 235.00 1.00 1.00 58.67
160.00 502.00 1.00 3.00 77.07
486.00 503.00 0.00 4.00 186.94
325.00 117.00 1.00 2.00 131.45
517.00 511.00 1.00 3.00 72.39
502.00 166.00 0.00 5.00 153.50
326.00 503.00 1.00 3.00 90.14
497.00 20.00 0.00 4.00 46.96
30.00 259.00 1.00 2.00 186.48
217.00 506.00 0.00 3.00 54.38
101.00 478.00 0.00 5.00 48.73
340.00 275.00 0.00 1.00 135.90
492.00 486.00 1.00 3.00 135.70
48.00 314.00 1.00 3.00 109.44
55.00 326.00 0.00 4.00 137.42
194.00 257.00 1.00 2.00 170.42
503.00 278.00 1.00 2.00 198.18
513.00 448.00 1.00 2.00 72.59
441.00 123.00 1.00 1.00 135.72
517.00 500.00 0.00 2.00 193.27
509.00 49.00 1.00 4.00 90.30
496.00 510.00 0.00 4.00 157.85
371.00 514.00 1.00 4.00 58.02
506.00 501.00 1.00 1.00 154.22
490.00 497.00 1.00 5.00 187.86
326.00 434.00 0.00 3.00 52.92
181.00 206.00 1.00 4.00 83.77
130.00 491.00 0.00 4.00 145.48
510.00 503.00 0.00 4.00 73.14
204.00 511.00 1.00 2.00 90.01
430.00 493.00 1.00 1.00 149.25
505.00 442.00 1.00 1.00 172.68
17.00 502.00 1.00 2.00 85.11
493.00 517.00 1.00 1.00 86.72
154.00 507.00 0.00 4.00 168.25
511.00 498.00 0.00 2.00 180.64
502.00 498.00 1.00 2.00 194.58
516.00 415.00 0.00 4.00 190.50
395.00 265.00 0.00 5.00 159.67
500.00 512.00 0.00 2.00 198.14
486.00 512.00 1.00 5.00 147.51
118.00 504.00 1.00 5.00 147.09
387.00 491.00 0.00 4.00 126.24
490.00 502.00 1.00 2.00 59.36
215.00 502.00 1.00 3.00 145.50
120.00 352.00 1.00 5.00 58.18
517.00 351.00 1.00 4.00 104.95
121.00 167.00 1.00 2.00 49.27
181.00 514.00 0.00 2.00 38.32
9.00 502.00 1.00 5.00 95.52
129.00 452.00 0.00 5.00 82.99
509.00 486.00 0.00 5.00 179.29
38.00 216.00 0.00 1.00 36.06
484.00 103.00 1.00 2.00 46.81
330.00 509.00 0.00 5.00 82.19
434.00 165.00 1.00 4.00 89.84
508.00 208.00 1.00 2.00 192.15
53.00 515.00 1.00 1.00 156.83
113.00 190.00 0.00 1.00 48.63
516.00 239.00 0.00 3.00 39.75
506.00 374.00 0.00 2.00 179.55
110.00 513.00 0.00 3.00 36.06
381.00 495.00 1.00 2.00 53.74
361.00 487.00 0.00 3.00 103.33
349.00 474.00 0.00 2.00 117.20
314.00 507.00 0.00 4.00 142.78
301.00 494.00 0.00 4.00 76.12
450.00 118.00 1.00 2.00 171.66
481.00 204.00 0.00 1.00 102.96
42.00 492.00 0.00 5.00 115.35
472.00 503.00 1.00 3.00 129.31
488.00 481.00 0.00 2.00 108.42
517.00 422.00 1.00 1.00 42.60
510.00 495.00 1.00 1.00 50.12
246.00 33.00 1.00 4.00 35.71
506.00 513.00 0.00 4.00 97.35
511.00 500.00 1.00 4.00 165.09
360.00 398.00 0.00 5.00 105.18
243.00 387.00 0.00 1.00 35.17
327.00 512.00 1.00 1.00 195.46
502.00 204.00 0.00 3.00 122.02
66.00 27.00 1.00 1.00 199.47
507.00 411.00 0.00 3.00 52.19
504.00 396.00 0.00 2.00 198.58
496.00 513.00 0.00 4.00 165.88
109.00 488.00 0.00 4.00 49.23
309.00 432.00 0.00 5.00 169.49
381.00 436.00 0.00 3.00 74.36
492.00 99.00 0.00 3.00 134.80
502.00 351.00 1.00 4.00 192.65
515.00 402.00 1.00 4.00 59.05
510.00 237.00 1.00 4.00 154.91
490.00 503.00 0.00 2.00 186.05
468.00 507.00 0.00 5.00 98.76
400.00 508.00 1.00 5.00 53.78
507.00 502.00 0.00 5.00 195.62
199.00 402.00 1.00 3.00 75.97
503.00 219.00 0.00 5.00 115.86
359.00 306.00 0.00 5.00 148.02
430.00 496.00 0.00 3.00 56.53
501.00 487.00 1.00 4.00 98.72
18.00 438.00 0.00 4.00 193.29
182.00 416.00 1.00 4.00 154.40
492.00 497.00 0.00 4.00 38.55
477.00 89.00 0.00 5.00 133.11
503.00 494.00 1.00 2.00 147.62
499.00 144.00 1.00 4.00 192.13
492.00 278.00 0.00 5.00 164.50
498.00 514.00 1.00 4.00 196.44
328.00 513.00 1.00 3.00 36.07
491.00 516.00 0.00 4.00 56.11
495.00 476.00 0.00 1.00 95.42
493.00 468.00 0.00 5.00 80.35
290.00 191.00 1.00 1.00 144.79
514.00 315.00 0.00 1.00 161.63
24.00 192.00 1.00 2.00 33.46
43.00 487.00 1.00 3.00 145.73
501.00 504.00 1.00 3.00 135.22
500.00 187.00 0.00 4.00 57.64
478.00 422.00 1.00 3.00 85.57
499.00 510.00 0.00 2.00 41.34
298.00 142.00 0.00 3.00 148.63
242.00 505.00 0.00 3.00 147.09
513.00 498.00 0.00 3.00 120.06
497.00 325.00 1.00 2.00 199.34
25.00 340.00 1.00 4.00 190.98
513.00 283.00 0.00 1.00 155.08
272.00 215.00 1.00 4.00 75.39
491.00 501.00 1.00 5.00 118.77
28.00 514.00 0.00 4.00 143.99
352.00 503.00 1.00 4.00 131.15
487.00 436.00 1.00 1.00 130.36
373.00 509.00 1.00 2.00 49.29
123.00 251.00 1.00 5.00 106.95
515.00 487.00 0.00 3.00 192.44
511.00 36.00 0.00 5.00 53.37
506.00 488.00 0.00 1.00 64.71
493.00 288.00 1.00 2.00 161.76
512.00 496.00 1.00 5.00 162.53
511.00 361.00 1.00 3.00 146.50
504.00 327.00 0.00 3.00 167.13
490.00 501.00 0.00 5.00 91.59
169.00 499.00 1.00 1.00 158.57
505.00 487.00 1.00 5.00 61.42
499.00 511.00 0.00 5.00 57.94
4.00 511.00 1.00 1.00 186.21
235.00 279.00 0.00 5.00 117.27
514.00 322.00 0.00 3.00 133.81
499.00 169.00 1.00 2.00 72.64
2.00 449.00 0.00 2.00 75.87
182.00 514.00 1.00 1.00 177.32
505.00 515.00 1.00 1.00 69.94
148.00 506.00 0.00 1.00 70.30
508.00 359.00 0.00 3.00 86.78
425.00 491.00 0.00 4.00 173.37
499.00 220.00 1.00 4.00 139.36
163.00 492.00 0.00 3.00 111.23
500.00 505.00 0.00 2.00 61.47
514.00 500.00 1.00 3.00 93.58
149.00 503.00 0.00 2.00 169.08
509.00 23.00 1.00 3.00 55.32
11.00 72.00 1.00 5.00 59.31
395.00 94.00 1.00 4.00 71.94
43.00 489.00 1.00 3.00 154.81
511.00 147.00 1.00 5.00 120.72
158.00 511.00 0.00 5.00 153.12
2.00 112.00 0.00 3.00 58.30
516.00 133.00 1.00 4.00 41.98
496.00 491.00 1.00 5.00 165.25
439.00 501.00 0.00 5.00 131.56
498.00 38.00 1.00 3.00 169.56
513.00 260.00 1.00 2.00 187.91
211.00 501.00 1.00 3.00 69.18
514.00 504.00 1.00 4.00 112.23
493.00 507.00 0.00 4.00 156.50
20.00 516.00 0.00 3.00 103.42
515.00 133.00 1.00 4.00 171.15
506.00 488.00 0.00 3.00 129.80
231.00 9.00 0.00 2.00 85.27
507.00 451.00 1.00 5.00 92.71
412.00 331.00 1.00 4.00 163.77
357.00 295.00 1.00 3.00 60.03
437.00 387.00 1.00 5.00 162.21
502.00 121.00 1.00 2.00 170.83
508.00 203.00 1.00 2.00 88.52
391.00 496.00 1.00 3.00 132.67
21.00 502.00 0.00 4.00 136.63
468.00 489.00 0.00 2.00 185.80
513.00 312.00 0.00 2.00 189.02
503.00 512.00 1.00 2.00 89.20
319.00 493.00 0.00 3.00 140.33
494.00 517.00 1.00 3.00 113.35
511.00 490.00 0.00 2.00 197.18
498.00 506.00 1.00 1.00 33.74
493.00 443.00 0.00 4.00 169.54
376.00 433.00 1.00 2.00 40.78
495.00 501.00 1.00 4.00 84.39
125.00 494.00 0.00 1.00 141.05
216.00 183.00 1.00 1.00 84.96
509.00 493.00 1.00 3.00 161.98
169.00 507.00 1.00 1.00 119.23
60.00 236.00 1.00 5.00 105.54
332.00 382.00 1.00 1.00 109.10
503.00 490.00 1.00 4.00 186.23
507.00 191.00 0.00 1.00 186.02
63.00 26.00 1.00 2.00 178.24
514.00 501.00 0.00 3.00 147.66
497.00 366.00 1.00 4.00 170.91
420.00 489.00 0.00 2.00 174.72
509.00 492.00 1.00 2.00 133.81
516.00 490.00 0.00 1.00 148.86
498.00 326.00 1.00 1.00 187.08
503.00 486.00 1.00 5.00 83.58
442.00 510.00 0.00 5.00 147.69
515.00 241.00 0.00 4.00 36.04
81.00 491.00 0.00 4.00 56.60
365.00 97.00 1.00 5.00 186.57
497.00 51.00 1.00 1.00 188.32
504.00 510.00 1.00 4.00 175.83
142.00 490.00 0.00 2.00 160.67
197.00 373.00 0.00 1.00 69.97
513.00 486.00 0.00 4.00 77.24
509.00 504.00 1.00 1.00 58.49
262.00 491.00 0.00 5.00 194.23
443.00 386.00 1.00 4.00 143.81
510.00 373.00 1.00 2.00 154.01
496.00 118.00 1.00 3.00 165.35
512.00 498.00 0.00 5.00 114.57
3.00 236.00 0.00 5.00 47.59
162.00 217.00 0.00 1.00 123.82
492.00 245.00 0.00 4.00 152.91
495.00 359.00 1.00 5.00 145.23
291.00 501.00 0.00 1.00 68.94
416.00 488.00 0.00 2.00 149.26
487.00 501.00 0.00 1.00 50.32
489.00 510.00 1.00 2.00 174.96
55.00 505.00 1.00 2.00 78.10
513.00 505.00 1.00 3.00 172.24
221.00 494.00 1.00 1.00 89.15
514.00 490.00 0.00 2.00 172.73
415.00 496.00 1.00 3.00 41.58
499.00 255.00 1.00 2.00 108.93
235.00 177.00 1.00 1.00 66.74
516.00 501.00 1.00 1.00 140.95
489.00 293.00 0.00 4.00 180.71
500.00 490.00 1.00 2.00 114.79
351.00 516.00 0.00 4.00 186.08
495.00 52.00 1.00 4.00 97.83
510.00 501.00 1.00 1.00 85.15
502.00 487.00 0.00 4.00 101.34
72.00 240.00 1.00 4.00 86.98
491.00 498.00 0.00 5.00 197.53
512.00 497.00 1.00 3.00 166.64
210.00 393.00 0.00 1.00 171.24
386.00 493.00 0.00 2.00 105.83
498.00 54.00 1.00 1.00 85.38
491.00 178.00 0.00 5.00 48.50
308.00 374.00 1.00 3.00 141.96
238.00 19.00 1.00 5.00 169.76
330.00 6.00 1.00 5.00 130.26
444.00 0.00 0.00 2.00 136.27
487.00 508.00 0.00 4.00 162.95
492.00 181.00 1.00 3.00 193.68
500.00 514.00 1.00 4.00 98.97
487.00 512.00 1.00 3.00 107.74
430.00 505.00 1.00 5.00 31.57
16.00 439.00 0.00 3.00 56.64
490.00 516.00 1.00 1.00 135.31
335.00 370.00 0.00 3.00 180.99
500.00 491.00 1.00 1.00 177.72
496.00 513.00 1.00 2.00 131.38
21.00 320.00 0.00 1.00 153.99
296.00 113.00 1.00 2.00 57.58
512.00 517.00 0.00 4.00 173.69
503.00 206.00 1.00 5.00 78.93
255.00 425.00 1.00 1.00 175.35
507.00 89.00 1.00 3.00 33.64
272.00 340.00 0.00 1.00 189.79
490.00 48.00 0.00 3.00 69.44
517.00 497.00 1.00 5.00 191.47
8.00 494.00 0.00 3.00 141.85
500.00 515.00 1.00 3.00 73.56
15.00 498.00 0.00 4.00 186.16
502.00 72.00 1.00 1.00 186.67
264.00 455.00 0.00 2.00 72.01
497.00 7.00 0.00 1.00 118.31
407.00 382.00 1.00 1.00 64.32
492.00 504.00 0.00 1.00 45.01
486.00 508.00 1.00 4.00 199.87
492.00 130.00 1.00 4.00 87.42
115.00 172.00 0.00 2.00 132.33
506.00 257.00 0.00 5.00 160.81
349.00 507.00 1.00 3.00 120.19
261.00 234.00 1.00 2.00 77.05
353.00 495.00 0.00 5.00 96.72
12.00 517.00 1.00 4.00 156.41
499.00 449.00 1.00 2.00 187.70
491.00 514.00 0.00 5.00 199.47
505.00 21.00 0.00 3.00 154.56
488.00 505.00 1.00 1.00 166.17
510.00 495.00 1.00 1.00 191.10
446.00 77.00 1.00 5.00 71.72
513.00 127.00 1.00 3.00 132.15
488.00 497.00 0.00 1.00 84.65
511.00 455.00 1.00 2.00 108.83
502.00 493.00 0.00 3.00 132.39
58.00 231.00 0.00 3.00 179.45
1.00 505.00 0.00 3.00 51.03
21.00 515.00 0.00 1.00 144.58
361.00 491.00 1.00 3.00 86.67
45.00 496.00 0.00 2.00 176.47
150.00 48.00 1.00 4.00 65.72
509.00 4.00 0.00 4.00 199.31
291.00 487.00 1.00 3.00 63.53
166.00 147.00 0.00 3.00 135.11
121.00 511.00 0.00 1.00 176.78
400.00 227.00 1.00 2.00 97.96
284.00 487.00 0.00 3.00 131.80
503.00 417.00 1.00 1.00 72.77
209.00 127.00 1.00 1.00 97.53
491.00 193.00 0.00 1.00 46.75
515.00 72.00 1.00 4.00 100.72
486.00 517.00 0.00 2.00 107.34
30.00 313.00 1.00 2.00 94.65
467.00 487.00 1.00 2.00 45.03
345.00 319.00 1.00 5.00 43.82
213.00 514.00 0.00 3.00 97.90
509.00 493.00 0.00 3.00 70.44
345.00 505.00 0.00 1.00 155.65
489.00 399.00 1.00 4.00 45.34
43.00 487.00 0.00 2.00 48.15
502.00 128.00 1.00 5.00 47.76
51.00 261.00 0.00 1.00 96.55
270.00 493.00 0.00 1.00 110.48
432.00 513.00 0.00 3.00 187.80
439.00 102.00 1.00 3.00 33.40
466.00 216.00 0.00 5.00 169.21
334.00 129.00 0.00 3.00 180.89
270.00 491.00 1.00 3.00 135.49
515.00 88.00 1.00 5.00 31.44
134.00 503.00 1.00 4.00 59.20
513.00 235.00 0.00 3.00 94.43
449.00 512.00 0.00 3.00 165.98
489.00 180.00 0.00 1.00 188.71
513.00 288.00 1.00 3.00 113.43
513.00 112.00 0.00 1.00 65.22
498.00 491.00 1.00 4.00 127.42
76.00 504.00 0.00 2.00 150.93
512.00 486.00 0.00 3.00 130.13
512.00 303.00 1.00 3.00 195.55
491.00 503.00 0.00 4.00 144.56
514.00 503.00 0.00 3.00 199.08
516.00 487.00 0.00 5.00 55.48
414.00 72.00 0.00 1.00 191.49
64.00 510.00 1.00 5.00 110.90
411.00 512.00 1.00 4.00 194.71
87.00 319.00 1.00 2.00 118.94
143.00 332.00 0.00 4.00 37.12
505.00 168.00 0.00 5.00 157.83
101.00 148.00 1.00 3.00 47.14
218.00 0.00 1.00 2.00 131.60
475.00 189.00 1.00 5.00 40.05
166.00 293.00 1.00 4.00 160.55
483.00 137.00 1.00 3.00 146.12
405.00 488.00 1.00 5.00 188.67
501.00 508.00 0.00 1.00 70.68
270.00 495.00 1.00 2.00 36.75
502.00 40.00 1.00 3.00 55.85
372.00 508.00 1.00 2.00 97.36
232.00 293.00 1.00 3.00 190.02
490.00 515.00 1.00 4.00 103.63
396.00 94.00 1.00 5.00 75.08
494.00 488.00 0.00 2.00 149.52
494.00 146.00 0.00 1.00 66.84
472.00 122.00 0.00 2.00 165.60
504.00 200.00 1.00 3.00 48.30
503.00 498.00 1.00 2.00 62.99
239.00 488.00 0.00 1.00 175.61
486.00 207.00 0.00 3.00 168.06
517.00 494.00 0.00 2.00 145.17
497.00 11.00 1.00 4.00 175.09
336.00 27.00 1.00 3.00 152.07
493.00 512.00 1.00 2.00 193.75
322.00 337.00 0.00 1.00 59.01
490.00 505.00 0.00 3.00 149.39
50.00 515.00 0.00 3.00 175.61
248.00 490.00 1.00 1.00 165.90
371.00 516.00 1.00 5.00 197.19
362.00 491.00 1.00 4.00 121.79
492.00 225.00 1.00 1.00 75.45
426.00 307.00 1.00 5.00 110.77
488.00 44.00 1.00 4.00 170.86
237.00 398.00 1.00 1.00 123.45
130.00 497.00 1.00 5.00 93.62
507.00 486.00 1.00 1.00 85.39
0.00 504.00 1.00 4.00 195.30
511.00 421.00 0.00 2.00 131.62
367.00 503.00 1.00 2.00 139.35
21.00 348.00 0.00 1.00 130.09
41.00 98.00 1.00 4.00 92.29
517.00 377.00 0.00 1.00 199.09
508.00 491.00 0.00 2.00 117.47
258.00 497.00 1.00 1.00 104.76
419.00 197.00 0.00 1.00 110.24
503.00 29.00 0.00 2.00 103.37
448.00 75.00 0.00 4.00 166.48
491.00 271.00 1.00 4.00 55.68
70.00 123.00 0.00 4.00 160.26
496.00 490.00 1.00 3.00 196.76
10.00 499.00 0.00 5.00 183.73
330.00 494.00 0.00 3.00 181.45
516.00 342.00 0.00 2.00 155.06
495.00 505.00 0.00 5.00 70.13
198.00 280.00 1.00 5.00 148.43
429.00 489.00 0.00 3.00 70.09
84.00 504.00 0.00 4.00 121.21
491.00 468.00 0.00 4.00 83.72
509.00 126.00 1.00 1.00 197.24
501.00 432.00 0.00 1.00 50.26
194.00 488.00 0.00 4.00 180.39
75.00 189.00 1.00 4.00 106.38
497.00 32.00 1.00 4.00 65.95
505.00 362.00 0.00 5.00 113.17
515.00 242.00 0.00 4.00 68.58
184.00 332.00 0.00 1.00 175.85
501.00 428.00 1.00 5.00 107.45
500.00 63.00 0.00 4.00 68.14
320.00 499.00 0.00 3.00 142.17
417.00 451.00 1.00 4.00 130.49
492.00 250.00 1.00 1.00 172.03
496.00 313.00 0.00 4.00 152.69
502.00 406.00 0.00 5.00 66.43
496.00 490.00 1.00 4.00 79.28
509.00 91.00 1.00 5.00 117.98
127.00 195.00 1.00 4.00 63.01
201.00 489.00 1.00 5.00 91.76
487.00 495.00 1.00 1.00 83.96
488.00 496.00 1.00 3.00 172.52
515.00 494.00 0.00 5.00 180.98
491.00 509.00 1.00 5.00 143.23
500.00 512.00 1.00 3.00 182.70
491.00 486.00 1.00 5.00 104.67
501.00 512.00 1.00 5.00 33.94
375.00 325.00 1.00 2.00 98.96
501.00 99.00 1.00 1.00 172.42
492.00 402.00 1.00 4.00 63.08
312.00 457.00 0.00 5.00 71.43
495.00 176.00 1.00 1.00 84.91
494.00 87.00 1.00 4.00 81.71
259.00 178.00 1.00 4.00 111.15
155.00 507.00 1.00 5.00 121.34
508.00 486.00 0.00 2.00 72.81
466.00 313.00 1.00 1.00 88.28
202.00 459.00 1.00 5.00 86.21
496.00 517.00 0.00 5.00 162.60
415.00 162.00 1.00 1.00 193.44
212.00 512.00 0.00 2.00 108.24
265.00 168.00 1.00 1.00 58.32
508.00 67.00 0.00 1.00 36.85
501.00 490.00 1.00 5.00 151.12
512.00 494.00 1.00 2.00 32.99
86.00 457.00 1.00 3.00 48.10
511.00 457.00 1.00 2.00 122.09
444.00 511.00 0.00 4.00 185.16
516.00 501.00 0.00 5.00 162.79
510.00 78.00 1.00 1.00 99.51
488.00 514.00 1.00 4.00 118.45
513.00 508.00 1.00 4.00 164.97
513.00 207.00 0.00 1.00 56.57
499.00 130.00 0.00 4.00 108.76
512.00 500.00 0.00 2.00 169.11
507.00 278.00 1.00 5.00 96.86
218.00 511.00 0.00 1.00 88.66
283.00 492.00 0.00 3.00 185.91
284.00 300.00 1.00 5.00 61.22
511.00 498.00 1.00 3.00 86.04
240.00 430.00 0.00 1.00 87.62
490.00 514.00 1.00 1.00 72.12
275.00 12.00 1.00 4.00 48.95
321.00 501.00 1.00 2.00 56.78
505.00 512.00 1.00 2.00 86.02
508.00 220.00 0.00 3.00 50.45
506.00 491.00 0.00 5.00 48.80
512.00 399.00 1.00 3.00 85.52
487.00 512.00 0.00 1.00 103.75
163.00 490.00 0.00 4.00 176.21
397.00 506.00 0.00 2.00 173.63
242.00 39.00 1.00 5.00 129.41
507.00 491.00 0.00 5.00 142.25
487.00 496.00 1.00 1.00 34.82
