337.00 257.00 1.00 5.00 193.87
9.00 307.00 1.00 1.00 189.09
457.00 351.00 0.00 1.00 96.89
481.00 172.00 0.00 1.00 160.28
378.00 494.00 0.00 3.00 190.59
380.00 313.00 0.00 3.00 62.52
382.00 135.00 1.00 3.00 50.97
515.00 493.00 0.00 2.00 68.28
474.00 506.00 0.00 2.00 78.90
345.00 122.00 0.00 2.00 33.53
472.00 487.00 0.00 1.00 153.52
467.00 516.00 1.00 2.00 149.60
517.00 272.00 0.00 1.00 33.22
231.00 490.00 0.00 4.00 75.79
509.00 515.00 1.00 4.00 190.02
211.00 507.00 0.00 4.00 179.24
499.00 493.00 1.00 4.00 76.18
487.00 293.00 0.00 2.00 153.03
486.00 514.00 1.00 5.00 68.62
493.00 509.00 1.00 4.00 187.50
146.00 37.00 0.00 2.00 47.26
252.00 492.00 1.00 2.00 149.85
495.00 505.00 0.00 4.00 66.36
396.00 506.00 0.00 4.00 105.74
486.00 513.00 0.00 4.00 90.21
511.00 489.00 0.00 4.00 185.12
495.00 502.00 1.00 2.00 184.83
223.00 499.00 0.00 1.00 70.45
24.00 495.00 0.00 5.00 184.18
365.00 492.00 1.00 2.00 68.94
127.00 1.00 0.00 5.00 180.01
492.00 37.00 1.00 5.00 118.76
504.00 52.00 0.00 3.00 72.26
423.00 499.00 0.00 3.00 120.68
301.00 122.00 0.00 4.00 173.51
497.00 204.00 1.00 1.00 124.69
76.00 510.00 0.00 1.00 38.50
488.00 200.00 1.00 1.00 79.43
510.00 488.00 0.00 5.00 154.24
102.00 328.00 0.00 2.00 193.97
98.00 122.00 0.00 5.00 65.81
54.00 515.00 1.00 3.00 141.87
369.00 506.00 1.00 2.00 94.88
127.00 506.00 1.00 2.00 112.68
113.00 238.00 0.00 4.00 189.65
312.00 495.00 1.00 5.00 113.79
193.00 151.00 1.00 3.00 89.95
498.00 514.00 0.00 5.00 177.79
312.00 488.00 0.00 1.00 86.32
143.00 390.00 0.00 5.00 55.34
429.00 492.00 0.00 5.00 38.42
504.00 495.00 1.00 5.00 142.01
489.00 505.00 0.00 5.00 130.47
35.00 502.00 1.00 3.00 146.05
242.00 140.00 1.00 1.00 50.53
510.00 285.00 1.00 2.00 92.91
129.00 345.00 1.00 4.00 45.23
391.00 504.00 0.00 2.00 128.47
161.00 23.00 0.00 3.00 87.13
492.00 231.00 0.00 3.00 76.70
507.00 328.00 1.00 1.00 46.74
502.00 499.00 1.00 4.00 177.89
494.00 143.00 1.00 3.00 64.10
494.00 512.00 0.00 5.00 132.77
315.00 222.00 1.00 4.00 151.66
506.00 276.00 1.00 2.00 161.01
498.00 493.00 0.00 1.00 157.61
225.00 502.00 1.00 1.00 30.49
507.00 498.00 1.00 4.00 126.33
60.00 488.00 1.00 4.00 69.07
389.00 219.00 1.00 2.00 124.39
444.00 490.00 0.00 2.00 177.05
492.00 511.00 0.00 5.00 148.77
396.00 158.00 0.00 3.00 99.08
509.00 114.00 1.00 2.00 146.57
123.00 500.00 1.00 5.00 124.19
503.00 345.00 1.00 2.00 137.41
162.00 500.00 1.00 5.00 31.83
42.00 439.00 0.00 4.00 67.78
49.00 505.00 1.00 2.00 161.69
418.00 504.00 0.00 3.00 182.02
517.00 258.00 1.00 5.00 69.45
443.00 513.00 1.00 3.00 199.66
423.00 318.00 0.00 2.00 102.49
272.00 50.00 1.00 3.00 46.83
130.00 216.00 1.00 5.00 141.23
137.00 501.00 0.00 2.00 83.51
511.00 179.00 1.00 5.00 120.10
504.00 210.00 0.00 2.00 88.56
18.00 407.00 0.00 3.00 85.94
510.00 412.00 0.00 2.00 127.89
516.00 305.00 0.00 4.00 51.41
215.00 476.00 0.00 2.00 130.78
511.00 491.00 1.00 5.00 111.65
41.00 516.00 1.00 2.00 133.93
136.00 495.00 1.00 2.00 175.17
66.00 186.00 0.00 3.00 188.49
482.00 106.00 0.00 1.00 131.75
514.00 431.00 0.00 5.00 82.74
264.00 494.00 1.00 3.00 142.05
514.00 504.00 1.00 3.00 174.28
487.00 500.00 0.00 2.00 145.86
231.00 312.00 0.00 5.00 191.86
457.00 510.00 1.00 2.00 154.39
160.00 490.00 1.00 4.00 59.83
516.00 492.00 1.00 3.00 126.81
384.00 371.00 1.00 5.00 103.90
248.00 508.00 0.00 1.00 130.76
460.00 327.00 1.00 5.00 35.21
506.00 408.00 1.00 4.00 121.26
350.00 490.00 0.00 5.00 129.73
196.00 117.00 0.00 1.00 187.43
89.00 0.00 1.00 5.00 145.02
501.00 89.00 1.00 1.00 176.11
233.00 500.00 1.00 5.00 82.02
494.00 423.00 0.00 4.00 101.43
517.00 197.00 1.00 5.00 125.46
454.00 492.00 0.00 5.00 74.73
496.00 384.00 1.00 2.00 124.66
114.00 498.00 0.00 1.00 157.56
513.00 73.00 1.00 5.00 184.19
503.00 311.00 0.00 1.00 62.47
510.00 491.00 1.00 5.00 70.01
499.00 489.00 1.00 2.00 176.28
504.00 170.00 0.00 5.00 32.69
462.00 514.00 0.00 3.00 103.61
514.00 289.00 0.00 4.00 66.94
376.00 350.00 1.00 5.00 192.86
506.00 87.00 1.00 3.00 78.82
225.00 495.00 0.00 3.00 194.86
503.00 501.00 1.00 5.00 92.29
487.00 497.00 1.00 2.00 185.20
379.00 56.00 1.00 2.00 102.01
382.00 446.00 1.00 3.00 64.66
498.00 355.00 1.00 2.00 41.22
507.00 95.00 1.00 2.00 188.04
488.00 423.00 0.00 3.00 122.95
497.00 203.00 1.00 4.00 57.90
280.00 447.00 0.00 3.00 169.59
509.00 349.00 1.00 3.00 135.70
83.00 447.00 1.00 3.00 172.31
513.00 490.00 1.00 3.00 110.86
495.00 30.00 0.00 4.00 125.86
118.00 313.00 0.00 3.00 180.82
148.00 494.00 1.00 5.00 136.39
53.00 468.00 1.00 2.00 136.92
513.00 508.00 1.00 2.00 135.19
331.00 493.00 1.00 4.00 144.04
501.00 156.00 0.00 3.00 180.66
268.00 64.00 1.00 5.00 112.51
506.00 30.00 1.00 5.00 180.33
223.00 509.00 0.00 5.00 174.63
26.00 448.00 1.00 4.00 142.73
511.00 275.00 1.00 4.00 129.44
507.00 426.00 1.00 5.00 30.89
517.00 292.00 1.00 3.00 118.01
504.00 489.00 1.00 3.00 42.62
494.00 508.00 1.00 5.00 128.83
35.00 363.00 1.00 2.00 93.70
486.00 495.00 0.00 5.00 149.04
230.00 492.00 0.00 3.00 39.79
496.00 12.00 1.00 4.00 108.69
488.00 347.00 1.00 4.00 68.11
77.00 65.00 1.00 4.00 45.15
389.00 515.00 0.00 5.00 31.23
508.00 498.00 0.00 5.00 182.41
510.00 29.00 1.00 3.00 162.64
150.00 508.00 0.00 1.00 173.11
487.00 350.00 1.00 4.00 100.16
517.00 195.00 1.00 1.00 101.68
516.00 510.00 1.00 2.00 75.51
474.00 435.00 1.00 1.00 156.86
428.00 203.00 0.00 1.00 107.18
465.00 512.00 0.00 3.00 134.79
457.00 28.00 0.00 2.00 51.57
160.00 500.00 0.00 1.00 46.06
178.00 493.00 0.00 2.00 55.66
177.00 397.00 1.00 3.00 153.49
31.00 486.00 1.00 4.00 113.98
182.00 501.00 0.00 3.00 56.02
37.00 28.00 0.00 1.00 123.07
517.00 511.00 1.00 5.00 195.76
486.00 511.00 0.00 4.00 30.12
491.00 503.00 1.00 4.00 197.16
310.00 501.00 1.00 2.00 95.54
124.00 511.00 0.00 2.00 33.90
501.00 180.00 1.00 5.00 189.67
505.00 493.00 0.00 4.00 58.30
47.00 509.00 0.00 1.00 170.53
11.00 510.00 1.00 3.00 173.24
516.00 123.00 1.00 5.00 184.91
234.00 513.00 0.00 4.00 69.05
109.00 509.00 1.00 1.00 196.20
223.00 283.00 1.00 1.00 194.34
0.00 140.00 0.00 4.00 59.89
491.00 515.00 0.00 4.00 144.38
487.00 6.00 0.00 1.00 100.63
505.00 514.00 0.00 4.00 47.83
325.00 203.00 1.00 3.00 117.37
343.00 231.00 0.00 4.00 195.80
51.00 513.00 0.00 2.00 167.84
115.00 288.00 0.00 4.00 68.44
487.00 513.00 1.00 5.00 154.84
488.00 299.00 1.00 5.00 132.71
502.00 517.00 0.00 3.00 183.10
182.00 66.00 1.00 2.00 135.62
508.00 159.00 0.00 1.00 150.56
85.00 499.00 1.00 2.00 97.48
493.00 296.00 0.00 2.00 162.76
179.00 487.00 0.00 4.00 170.60
514.00 499.00 0.00 1.00 196.39
28.00 488.00 1.00 1.00 112.86
514.00 490.00 0.00 1.00 141.58
489.00 285.00 0.00 2.00 114.40
500.00 490.00 0.00 2.00 180.34
514.00 207.00 1.00 4.00 122.55
121.00 143.00 1.00 4.00 171.14
19.00 512.00 0.00 5.00 99.29
22.00 504.00 1.00 5.00 138.50
47.00 507.00 1.00 1.00 92.83
181.00 517.00 0.00 1.00 66.27
517.00 310.00 1.00 1.00 89.71
487.00 507.00 0.00 2.00 101.55
509.00 100.00 0.00 1.00 189.32
507.00 495.00 1.00 4.00 184.23
498.00 113.00 1.00 3.00 103.85
500.00 504.00 1.00 5.00 135.10
495.00 501.00 1.00 5.00 109.73
304.00 161.00 1.00 1.00 194.78
487.00 515.00 0.00 5.00 128.04
353.00 490.00 1.00 3.00 161.22
370.00 158.00 0.00 1.00 153.83
496.00 509.00 1.00 2.00 190.37
223.00 319.00 0.00 2.00 195.15
501.00 245.00 0.00 2.00 172.44
488.00 145.00 0.00 1.00 149.97
118.00 502.00 0.00 3.00 108.94
296.00 504.00 1.00 4.00 78.56
496.00 280.00 1.00 1.00 32.53
499.00 502.00 1.00 5.00 68.55
512.00 246.00 0.00 5.00 71.44
331.00 244.00 1.00 4.00 68.04
499.00 506.00 0.00 5.00 80.78
497.00 4.00 1.00 2.00 70.27
309.00 291.00 0.00 4.00 189.13
504.00 305.00 1.00 3.00 73.71
407.00 512.00 0.00 1.00 103.49
172.00 496.00 0.00 3.00 80.56
176.00 505.00 0.00 2.00 157.39
141.00 511.00 1.00 5.00 87.25
430.00 499.00 0.00 1.00 149.51
515.00 341.00 0.00 3.00 31.23
391.00 429.00 0.00 3.00 117.43
513.00 504.00 0.00 3.00 100.22
513.00 342.00 1.00 4.00 39.19
297.00 80.00 0.00 1.00 94.04
253.00 143.00 0.00 2.00 62.10
511.00 55.00 1.00 1.00 41.75
509.00 497.00 1.00 2.00 157.00
457.00 441.00 1.00 5.00 79.07
256.00 493.00 1.00 1.00 54.45
407.00 503.00 0.00 5.00 56.30
231.00 74.00 1.00 5.00 40.36
145.00 502.00 0.00 4.00 160.51
504.00 73.00 1.00 3.00 87.05
501.00 130.00 0.00 5.00 60.80
401.00 418.00 0.00 5.00 158.55
495.00 189.00 0.00 3.00 118.72
102.00 499.00 1.00 3.00 105.16
174.00 110.00 0.00 5.00 129.46
331.00 507.00 0.00 4.00 167.86
167.00 512.00 0.00 4.00 83.20
501.00 160.00 1.00 5.00 114.82
142.00 293.00 0.00 5.00 112.22
498.00 517.00 1.00 4.00 127.11
497.00 488.00 0.00 5.00 102.68
501.00 505.00 0.00 3.00 157.87
515.00 493.00 1.00 1.00 167.73
311.00 51.00 0.00 2.00 128.76
511.00 503.00 1.00 4.00 30.10
490.00 506.00 0.00 5.00 136.56
11.00 500.00 0.00 5.00 146.70
289.00 252.00 0.00 4.00 173.73
478.00 489.00 1.00 5.00 86.75
340.00 85.00 1.00 3.00 159.70
508.00 513.00 1.00 3.00 84.34
192.00 345.00 1.00 2.00 195.61
72.00 516.00 1.00 2.00 85.77
494.00 335.00 0.00 1.00 87.42
217.00 358.00 1.00 1.00 53.73
498.00 81.00 0.00 3.00 96.98
21.00 39.00 0.00 2.00 37.47
486.00 457.00 1.00 3.00 133.72
422.00 513.00 1.00 2.00 188.55
492.00 1.00 0.00 1.00 44.24
449.00 512.00 1.00 5.00 183.69
291.00 517.00 0.00 4.00 180.07
492.00 504.00 1.00 2.00 164.18
506.00 513.00 1.00 1.00 199.36
505.00 462.00 1.00 3.00 138.98
22.00 496.00 1.00 4.00 197.29
493.00 331.00 0.00 3.00 171.29
492.00 157.00 0.00 3.00 120.32
419.00 502.00 0.00 5.00 57.82
322.00 504.00 0.00 4.00 78.37
515.00 502.00 0.00 1.00 161.72
488.00 279.00 0.00 4.00 35.79
66.00 307.00 1.00 2.00 151.36
502.00 492.00 0.00 3.00 97.60
84.00 291.00 1.00 3.00 155.30
66.00 184.00 1.00 1.00 41.25
217.00 463.00 1.00 2.00 155.00
516.00 162.00 0.00 5.00 104.44
508.00 513.00 0.00 4.00 124.87
497.00 515.00 1.00 2.00 144.09
515.00 349.00 1.00 1.00 68.94
176.00 489.00 0.00 3.00 67.93
490.00 501.00 0.00 5.00 98.09
122.00 511.00 1.00 2.00 66.13
39.00 516.00 0.00 4.00 79.66
506.00 491.00 0.00 3.00 99.78
517.00 500.00 0.00 1.00 44.62
195.00 506.00 0.00 3.00 147.14
498.00 512.00 0.00 3.00 85.91
517.00 492.00 1.00 1.00 182.87
495.00 486.00 0.00 5.00 89.46
32.00 170.00 0.00 2.00 106.48
492.00 216.00 1.00 4.00 69.50
505.00 514.00 1.00 1.00 115.28
512.00 495.00 0.00 2.00 158.85
269.00 505.00 1.00 3.00 87.27
37.00 495.00 1.00 3.00 113.25
509.00 497.00 1.00 5.00 147.18
517.00 492.00 0.00 3.00 175.23
512.00 360.00 1.00 2.00 90.45
19.00 261.00 0.00 2.00 190.57
475.00 235.00 0.00 2.00 32.94
133.00 500.00 1.00 3.00 145.45
459.00 488.00 0.00 5.00 155.42
512.00 185.00 1.00 3.00 94.59
493.00 413.00 0.00 5.00 194.83
493.00 517.00 0.00 1.00 139.22
337.00 517.00 0.00 1.00 171.26
509.00 499.00 0.00 5.00 147.57
514.00 499.00 0.00 5.00 66.74
501.00 508.00 0.00 4.00 150.57
19.00 508.00 1.00 1.00 61.45
58.00 79.00 1.00 5.00 41.28
494.00 509.00 0.00 3.00 89.74
138.00 286.00 1.00 2.00 196.20
389.00 60.00 1.00 3.00 61.25
513.00 206.00 0.00 3.00 106.36
33.00 337.00 0.00 4.00 53.45
486.00 492.00 0.00 2.00 112.34
406.00 512.00 0.00 4.00 161.34
511.00 327.00 1.00 3.00 108.40
260.00 495.00 0.00 2.00 109.44
505.00 516.00 0.00 1.00 77.88
59.00 135.00 0.00 4.00 90.80
507.00 514.00 0.00 5.00 187.24
508.00 146.00 0.00 3.00 135.24
491.00 427.00 0.00 1.00 64.52
515.00 501.00 1.00 1.00 131.18
499.00 118.00 0.00 3.00 90.45
49.00 503.00 1.00 5.00 169.36
496.00 502.00 0.00 5.00 132.65
493.00 517.00 0.00 2.00 81.73
86.00 503.00 1.00 2.00 33.21
486.00 86.00 1.00 1.00 75.26
339.00 449.00 1.00 5.00 68.70
513.00 497.00 1.00 2.00 150.15
502.00 115.00 1.00 4.00 169.65
513.00 442.00 0.00 5.00 102.54
490.00 451.00 0.00 2.00 107.07
332.00 503.00 0.00 2.00 198.11
517.00 504.00 0.00 3.00 118.78
359.00 517.00 1.00 1.00 51.72
502.00 394.00 1.00 1.00 96.84
513.00 454.00 1.00 5.00 190.25
417.00 511.00 0.00 3.00 118.61
500.00 479.00 1.00 5.00 199.16
492.00 514.00 0.00 2.00 99.80
67.00 474.00 1.00 1.00 189.60
501.00 517.00 0.00 3.00 105.06
396.00 507.00 0.00 1.00 65.69
513.00 499.00 1.00 5.00 144.40
374.00 516.00 0.00 4.00 108.13
269.00 517.00 0.00 1.00 158.01
225.00 489.00 0.00 5.00 105.24
489.00 498.00 1.00 2.00 37.95
512.00 501.00 1.00 5.00 55.42
503.00 336.00 1.00 3.00 104.57
9.00 104.00 0.00 3.00 122.58
142.00 516.00 0.00 5.00 84.28
500.00 506.00 1.00 2.00 172.33
498.00 491.00 1.00 4.00 143.55
515.00 491.00 1.00 2.00 152.71
74.00 329.00 1.00 1.00 97.78
504.00 509.00 0.00 3.00 72.62
160.00 489.00 1.00 5.00 60.26
509.00 500.00 1.00 5.00 92.43
513.00 469.00 1.00 2.00 138.48
229.00 6.00 0.00 4.00 107.25
502.00 305.00 0.00 3.00 104.15
510.00 94.00 0.00 2.00 156.94
248.00 494.00 0.00 3.00 72.52
479.00 503.00 1.00 4.00 103.14
431.00 362.00 0.00 2.00 110.18
516.00 496.00 1.00 5.00 169.45
498.00 490.00 1.00 2.00 152.26
486.00 155.00 1.00 3.00 139.80
182.00 516.00 0.00 4.00 135.10
510.00 494.00 1.00 3.00 43.46
500.00 385.00 1.00 4.00 106.98
489.00 510.00 0.00 2.00 34.42
395.00 320.00 0.00 2.00 128.90
31.00 517.00 0.00 1.00 124.86
489.00 498.00 1.00 2.00 127.53
490.00 517.00 1.00 4.00 105.57
486.00 280.00 0.00 2.00 165.04
509.00 514.00 1.00 4.00 80.90
58.00 499.00 0.00 3.00 99.88
508.00 232.00 1.00 4.00 46.05
507.00 488.00 0.00 3.00 87.07
500.00 505.00 0.00 3.00 72.20
517.00 405.00 1.00 2.00 191.84
78.00 511.00 0.00 5.00 147.46
491.00 27.00 0.00 3.00 195.21
497.00 465.00 0.00 5.00 112.53
250.00 185.00 1.00 2.00 152.56
381.00 163.00 1.00 5.00 186.18
311.00 492.00 1.00 3.00 105.58
510.00 500.00 1.00 5.00 150.57
489.00 230.00 1.00 5.00 118.01
498.00 486.00 1.00 2.00 59.83
161.00 28.00 1.00 1.00 186.16
236.00 195.00 1.00 4.00 98.48
332.00 233.00 0.00 2.00 106.59
498.00 514.00 1.00 3.00 78.11
453.00 516.00 0.00 4.00 162.47
411.00 44.00 1.00 2.00 112.59
439.00 499.00 1.00 1.00 39.82
173.00 507.00 1.00 4.00 153.32
375.00 459.00 0.00 4.00 121.14
512.00 341.00 1.00 4.00 104.55
500.00 247.00 0.00 1.00 94.50
250.00 494.00 1.00 1.00 179.48
499.00 513.00 1.00 4.00 112.92
517.00 506.00 0.00 3.00 134.47
486.00 496.00 1.00 3.00 38.99
223.00 490.00 0.00 2.00 189.82
489.00 515.00 1.00 5.00 41.01
277.00 507.00 0.00 3.00 78.77
490.00 511.00 1.00 3.00 48.11
295.00 397.00 0.00 1.00 62.46
495.00 489.00 0.00 5.00 132.75
269.00 20.00 1.00 1.00 164.69
169.00 390.00 1.00 1.00 96.96
486.00 475.00 1.00 1.00 189.54
432.00 507.00 1.00 2.00 188.50
462.00 221.00 1.00 3.00 123.78
512.00 149.00 1.00 5.00 31.11
304.00 220.00 1.00 3.00 78.86
237.00 511.00 0.00 4.00 175.45
489.00 503.00 1.00 4.00 184.21
167.00 503.00 0.00 5.00 146.54
281.00 399.00 0.00 3.00 79.58
82.00 100.00 0.00 4.00 199.69
448.00 495.00 1.00 1.00 137.79
279.00 165.00 0.00 4.00 77.29
284.00 500.00 0.00 2.00 154.64
466.00 486.00 0.00 5.00 127.18
169.00 416.00 0.00 5.00 84.99
511.00 486.00 1.00 5.00 173.29
403.00 512.00 0.00 3.00 59.77
143.00 185.00 1.00 5.00 104.52
508.00 497.00 0.00 3.00 86.88
510.00 490.00 0.00 2.00 116.67
501.00 328.00 0.00 4.00 110.59
192.00 498.00 0.00 1.00 116.91
204.00 511.00 1.00 5.00 39.50
502.00 219.00 1.00 5.00 73.86
489.00 515.00 0.00 5.00 185.01
512.00 173.00 0.00 3.00 198.12
336.00 464.00 1.00 5.00 43.84
492.00 511.00 1.00 3.00 151.96
492.00 384.00 1.00 2.00 144.02
516.00 499.00 1.00 4.00 193.76
43.00 512.00 0.00 5.00 116.08
508.00 497.00 0.00 3.00 71.91
513.00 408.00 1.00 5.00 155.90
492.00 513.00 1.00 3.00 91.16
506.00 372.00 0.00 2.00 151.44
486.00 494.00 0.00 2.00 106.62
158.00 497.00 1.00 3.00 91.05
517.00 507.00 1.00 5.00 123.15
498.00 509.00 0.00 4.00 139.60
513.00 343.00 1.00 1.00 66.28
491.00 484.00 1.00 3.00 151.20
40.00 226.00 1.00 5.00 46.80
141.00 498.00 0.00 4.00 138.37
41.00 514.00 1.00 5.00 71.05
494.00 404.00 1.00 5.00 188.98
39.00 435.00 1.00 5.00 139.70
494.00 311.00 0.00 1.00 70.91
329.00 371.00 1.00 1.00 187.27
73.00 118.00 1.00 4.00 98.74
43.00 513.00 0.00 1.00 174.85
372.00 495.00 1.00 1.00 74.53
504.00 352.00 1.00 2.00 70.23
29.00 441.00 1.00 5.00 40.85
488.00 130.00 1.00 3.00 114.58
305.00 487.00 0.00 2.00 161.22
449.00 442.00 0.00 1.00 187.87
498.00 502.00 1.00 4.00 159.36
517.00 487.00 0.00 2.00 56.04
514.00 120.00 0.00 5.00 192.98
486.00 507.00 0.00 3.00 100.13
502.00 439.00 1.00 1.00 122.52
236.00 87.00 1.00 5.00 35.74
247.00 496.00 0.00 3.00 154.68
465.00 269.00 0.00 3.00 93.30
217.00 504.00 1.00 5.00 60.56
503.00 486.00 1.00 5.00 62.84
491.00 516.00 1.00 3.00 65.90
249.00 493.00 1.00 5.00 149.47
493.00 504.00 0.00 3.00 156.07
490.00 394.00 0.00 1.00 75.62
127.00 510.00 0.00 3.00 157.56
224.00 486.00 1.00 2.00 70.05
515.00 504.00 0.00 3.00 121.86
82.00 413.00 1.00 3.00 94.85
503.00 152.00 0.00 5.00 58.56
412.00 505.00 0.00 4.00 172.77
451.00 394.00 1.00 3.00 115.44
514.00 371.00 0.00 1.00 136.05
113.00 510.00 1.00 4.00 180.10
496.00 15.00 0.00 4.00 138.57
496.00 442.00 0.00 2.00 193.35
503.00 181.00 1.00 2.00 169.77
114.00 326.00 0.00 1.00 165.23
517.00 506.00 1.00 4.00 77.88
340.00 247.00 1.00 3.00 96.18
494.00 88.00 0.00 5.00 167.83
511.00 40.00 0.00 1.00 184.15
248.00 505.00 1.00 1.00 107.09
159.00 503.00 1.00 5.00 195.09
298.00 455.00 1.00 3.00 30.39
488.00 104.00 1.00 5.00 76.28
283.00 235.00 0.00 3.00 153.32
214.00 502.00 1.00 5.00 145.16
490.00 508.00 0.00 5.00 60.98
213.00 296.00 0.00 2.00 88.10
517.00 510.00 0.00 4.00 74.33
515.00 29.00 1.00 4.00 104.72
511.00 499.00 0.00 4.00 185.03
269.00 79.00 1.00 3.00 43.63
503.00 404.00 1.00 5.00 148.22
239.00 394.00 0.00 5.00 188.49
515.00 119.00 0.00 1.00 53.28
82.00 517.00 1.00 5.00 50.44
383.00 166.00 0.00 2.00 53.29
444.00 5.00 0.00 3.00 183.34
403.00 499.00 0.00 3.00 64.42
2.00 498.00 0.00 3.00 180.31
500.00 487.00 0.00 2.00 163.67
517.00 508.00 1.00 2.00 167.98
505.00 291.00 0.00 4.00 180.82
489.00 511.00 1.00 4.00 37.74
476.00 323.00 1.00 5.00 81.50
514.00 399.00 1.00 1.00 111.46
182.00 501.00 1.00 2.00 183.49
512.00 503.00 1.00 5.00 165.48
109.00 513.00 1.00 3.00 96.92
505.00 341.00 1.00 2.00 191.07
505.00 497.00 1.00 1.00 113.16
502.00 499.00 1.00 1.00 167.67
489.00 508.00 1.00 5.00 155.74
494.00 435.00 1.00 2.00 75.80
499.00 311.00 1.00 3.00 155.84
105.00 445.00 1.00 2.00 118.46
51.00 504.00 1.00 4.00 139.13
394.00 512.00 0.00 5.00 148.86
489.00 386.00 0.00 4.00 112.74
509.00 492.00 0.00 4.00 61.59
439.00 157.00 0.00 1.00 48.50
222.00 502.00 1.00 3.00 104.58
444.00 495.00 0.00 5.00 57.23
499.00 505.00 0.00 2.00 157.60
514.00 160.00 1.00 3.00 61.32
470.00 95.00 0.00 2.00 174.52
500.00 302.00 0.00 3.00 87.18
511.00 495.00 1.00 5.00 137.75
379.00 301.00 1.00 3.00 153.88
516.00 489.00 1.00 1.00 89.54
362.00 492.00 0.00 5.00 172.07
358.00 196.00 1.00 4.00 78.27
507.00 487.00 1.00 5.00 31.53
509.00 144.00 1.00 2.00 106.43
284.00 110.00 1.00 3.00 165.64
150.00 495.00 1.00 2.00 57.00
62.00 511.00 1.00 4.00 125.91
504.00 58.00 1.00 3.00 119.64
37.00 263.00 0.00 5.00 58.84
74.00 204.00 0.00 2.00 198.32
466.00 86.00 0.00 5.00 65.37
506.00 513.00 1.00 5.00 156.04
502.00 491.00 1.00 3.00 41.07
512.00 491.00 1.00 2.00 143.26
499.00 33.00 0.00 5.00 163.25
254.00 209.00 0.00 4.00 166.72
279.00 487.00 1.00 2.00 33.39
280.00 134.00 1.00 3.00 185.47
505.00 496.00 0.00 2.00 84.01
487.00 510.00 0.00 1.00 178.56
181.00 420.00 0.00 3.00 96.21
490.00 514.00 1.00 5.00 123.14
83.00 515.00 0.00 5.00 119.76
304.00 83.00 1.00 3.00 51.73
496.00 190.00 1.00 5.00 41.11
514.00 491.00 1.00 5.00 122.44
491.00 496.00 1.00 3.00 119.36
286.00 338.00 0.00 4.00 96.95
470.00 488.00 1.00 5.00 124.98
516.00 358.00 1.00 1.00 109.65
503.00 501.00 0.00 5.00 62.71
517.00 495.00 1.00 3.00 58.74
499.00 212.00 0.00 4.00 179.68
12.00 270.00 1.00 3.00 65.97
497.00 178.00 1.00 4.00 173.51
188.00 316.00 0.00 5.00 44.27
137.00 147.00 1.00 5.00 194.34
516.00 449.00 0.00 4.00 157.94
501.00 447.00 1.00 2.00 86.30
217.00 487.00 0.00 1.00 34.64
58.00 459.00 0.00 4.00 100.33
505.00 411.00 1.00 4.00 49.27
162.00 185.00 0.00 5.00 73.40
504.00 498.00 0.00 3.00 168.69
98.00 393.00 1.00 5.00 189.70
513.00 227.00 1.00 4.00 118.34
262.00 492.00 1.00 5.00 49.72
499.00 488.00 1.00 3.00 75.50
500.00 507.00 1.00 3.00 169.95
507.00 126.00 0.00 3.00 41.37
491.00 28.00 1.00 4.00 30.91
232.00 327.00 1.00 3.00 53.51
324.00 492.00 1.00 4.00 32.69
236.00 117.00 1.00 4.00 100.49
488.00 15.00 0.00 3.00 73.68
