394.00 144.00 1.00 2.00 54.95
467.00 489.00 1.00 1.00 46.75
503.00 266.00 1.00 3.00 121.67
493.00 513.00 1.00 2.00 121.22
503.00 377.00 0.00 4.00 144.15
503.00 511.00 0.00 4.00 131.88
157.00 264.00 0.00 3.00 60.56
516.00 397.00 1.00 5.00 79.84
341.00 211.00 0.00 5.00 114.74
500.00 515.00 1.00 4.00 88.58
407.00 517.00 0.00 1.00 117.53
323.00 462.00 1.00 5.00 182.56
78.00 491.00 0.00 3.00 43.90
94.00 515.00 0.00 1.00 199.66
81.00 505.00 1.00 1.00 186.60
511.00 504.00 1.00 5.00 56.43
226.00 509.00 0.00 4.00 190.98
292.00 496.00 1.00 1.00 182.16
367.00 497.00 1.00 2.00 136.42
488.00 493.00 0.00 2.00 68.10
496.00 135.00 1.00 3.00 41.63
0.00 291.00 0.00 4.00 53.91
510.00 239.00 0.00 3.00 49.76
502.00 473.00 1.00 1.00 179.18
495.00 516.00 1.00 3.00 89.81
501.00 440.00 0.00 3.00 168.31
486.00 440.00 1.00 5.00 181.78
123.00 404.00 1.00 3.00 113.33
99.00 57.00 0.00 1.00 143.41
317.00 487.00 1.00 3.00 43.57
497.00 277.00 1.00 3.00 192.61
473.00 61.00 0.00 3.00 158.02
491.00 334.00 1.00 3.00 175.95
515.00 506.00 1.00 1.00 72.89
505.00 104.00 1.00 2.00 148.56
513.00 261.00 0.00 5.00 48.31
508.00 493.00 1.00 4.00 96.20
1.00 494.00 1.00 3.00 194.56
34.00 169.00 1.00 1.00 186.80
280.00 298.00 0.00 5.00 193.35
507.00 492.00 1.00 1.00 49.45
423.00 499.00 1.00 3.00 64.32
497.00 489.00 1.00 5.00 166.67
256.00 423.00 0.00 3.00 149.15
487.00 128.00 1.00 2.00 155.25
228.00 502.00 0.00 1.00 49.72
161.00 174.00 1.00 4.00 44.61
516.00 509.00 0.00 3.00 166.72
489.00 39.00 0.00 3.00 103.19
504.00 493.00 0.00 5.00 84.72
516.00 503.00 1.00 4.00 192.50
487.00 499.00 1.00 3.00 48.46
510.00 491.00 0.00 3.00 32.68
46.00 500.00 0.00 4.00 66.45
226.00 486.00 0.00 5.00 114.79
92.00 383.00 1.00 1.00 148.09
512.00 489.00 1.00 2.00 133.24
493.00 504.00 0.00 1.00 120.16
490.00 292.00 0.00 1.00 152.11
507.00 19.00 0.00 4.00 117.13
153.00 509.00 1.00 4.00 123.21
512.00 505.00 0.00 4.00 66.07
200.00 491.00 0.00 3.00 77.64
185.00 508.00 1.00 3.00 81.02
487.00 507.00 0.00 4.00 141.51
515.00 498.00 0.00 1.00 193.24
502.00 500.00 0.00 4.00 142.56
514.00 96.00 1.00 1.00 179.05
509.00 496.00 0.00 2.00 176.60
13.00 487.00 1.00 3.00 167.75
218.00 16.00 0.00 2.00 48.72
499.00 491.00 1.00 3.00 134.59
52.00 285.00 0.00 2.00 115.88
206.00 513.00 0.00 4.00 69.82
511.00 502.00 0.00 4.00 51.88
440.00 512.00 0.00 3.00 133.53
501.00 44.00 1.00 1.00 91.06
508.00 500.00 0.00 3.00 34.95
70.00 277.00 0.00 5.00 162.49
507.00 489.00 0.00 5.00 189.62
377.00 515.00 1.00 4.00 171.58
185.00 325.00 1.00 1.00 96.87
500.00 129.00 0.00 3.00 101.96
495.00 508.00 0.00 3.00 113.98
284.00 489.00 1.00 4.00 148.62
516.00 357.00 1.00 5.00 73.38
92.00 71.00 1.00 1.00 174.70
509.00 515.00 1.00 1.00 179.14
497.00 111.00 0.00 3.00 173.20
162.00 492.00 1.00 3.00 149.72
107.00 244.00 0.00 3.00 71.31
212.00 490.00 0.00 3.00 154.15
496.00 431.00 0.00 1.00 86.66
502.00 510.00 0.00 1.00 180.82
349.00 470.00 0.00 5.00 174.80
495.00 199.00 1.00 3.00 57.91
91.00 484.00 1.00 5.00 75.09
504.00 513.00 1.00 3.00 93.32
446.00 340.00 1.00 2.00 71.39
322.00 500.00 0.00 5.00 144.70
500.00 39.00 1.00 3.00 60.79
515.00 158.00 1.00 4.00 163.97
489.00 517.00 0.00 5.00 32.64
52.00 203.00 0.00 4.00 123.59
489.00 509.00 0.00 3.00 174.96
435.00 496.00 1.00 2.00 53.59
69.00 489.00 0.00 2.00 165.10
282.00 325.00 1.00 5.00 88.56
510.00 500.00 1.00 4.00 70.99
401.00 300.00 0.00 2.00 182.97
410.00 504.00 1.00 4.00 192.26
267.00 508.00 0.00 2.00 106.61
515.00 133.00 0.00 1.00 81.32
140.00 503.00 1.00 4.00 116.40
514.00 121.00 1.00 5.00 53.25
512.00 415.00 0.00 2.00 119.24
509.00 514.00 0.00 4.00 188.87
205.00 111.00 0.00 3.00 183.08
287.00 491.00 1.00 2.00 184.92
516.00 413.00 1.00 5.00 152.46
342.00 4.00 0.00 5.00 190.24
408.00 501.00 0.00 5.00 136.70
283.00 506.00 1.00 3.00 199.08
33.00 491.00 0.00 4.00 59.40
123.00 486.00 1.00 3.00 84.87
504.00 167.00 1.00 2.00 90.60
506.00 489.00 1.00 3.00 62.71
516.00 268.00 0.00 3.00 50.08
115.00 274.00 0.00 5.00 79.39
494.00 142.00 0.00 5.00 106.03
486.00 509.00 0.00 5.00 116.51
488.00 504.00 0.00 3.00 54.48
7.00 139.00 1.00 2.00 95.73
501.00 507.00 1.00 4.00 85.25
501.00 494.00 0.00 5.00 97.52
61.00 176.00 0.00 3.00 82.60
505.00 25.00 1.00 1.00 56.86
215.00 260.00 0.00 2.00 192.25
138.00 516.00 0.00 2.00 64.37
45.00 487.00 1.00 3.00 116.86
508.00 501.00 1.00 2.00 86.54
506.00 314.00 0.00 4.00 61.52
114.00 62.00 0.00 5.00 74.28
510.00 259.00 0.00 5.00 170.74
517.00 216.00 0.00 3.00 79.58
238.00 438.00 0.00 1.00 92.79
501.00 212.00 1.00 3.00 40.60
487.00 499.00 0.00 4.00 186.69
490.00 497.00 1.00 5.00 31.42
426.00 346.00 0.00 2.00 86.13
506.00 491.00 1.00 2.00 188.17
258.00 507.00 0.00 1.00 170.61
502.00 497.00 0.00 2.00 68.32
499.00 44.00 0.00 3.00 195.89
495.00 501.00 1.00 4.00 112.38
38.00 461.00 1.00 2.00 171.67
58.00 219.00 1.00 5.00 167.57
199.00 498.00 0.00 2.00 165.53
493.00 246.00 0.00 5.00 57.04
488.00 230.00 1.00 1.00 149.79
514.00 486.00 1.00 2.00 134.96
454.00 89.00 0.00 3.00 80.31
510.00 187.00 1.00 3.00 60.81
494.00 504.00 0.00 3.00 99.30
516.00 489.00 1.00 1.00 55.38
183.00 45.00 1.00 4.00 92.30
468.00 507.00 0.00 4.00 131.54
499.00 510.00 0.00 5.00 196.96
68.00 486.00 0.00 2.00 38.08
497.00 426.00 1.00 2.00 120.30
501.00 25.00 1.00 2.00 90.28
279.00 164.00 0.00 1.00 87.90
495.00 513.00 0.00 3.00 121.87
227.00 510.00 1.00 5.00 30.31
280.00 53.00 0.00 5.00 147.40
511.00 98.00 0.00 3.00 57.65
507.00 172.00 1.00 3.00 50.38
269.00 355.00 1.00 5.00 151.78
505.00 494.00 1.00 1.00 176.24
210.00 108.00 0.00 5.00 80.51
513.00 274.00 1.00 3.00 157.61
117.00 506.00 1.00 1.00 40.04
496.00 502.00 1.00 1.00 134.04
236.00 503.00 0.00 5.00 35.38
227.00 493.00 0.00 1.00 129.18
14.00 171.00 1.00 1.00 71.77
511.00 263.00 1.00 4.00 57.89
507.00 494.00 1.00 2.00 159.46
503.00 495.00 0.00 3.00 76.44
494.00 504.00 1.00 3.00 149.46
330.00 492.00 1.00 2.00 127.06
105.00 457.00 0.00 4.00 164.63
228.00 41.00 0.00 5.00 129.53
512.00 517.00 0.00 4.00 165.51
489.00 428.00 1.00 3.00 163.54
279.00 486.00 0.00 4.00 126.22
364.00 503.00 0.00 2.00 168.24
20.00 509.00 0.00 5.00 124.40
494.00 513.00 0.00 2.00 156.28
413.00 510.00 0.00 4.00 78.88
495.00 404.00 0.00 3.00 90.01
94.00 57.00 0.00 2.00 88.48
19.00 335.00 1.00 4.00 76.32
487.00 515.00 0.00 2.00 74.48
237.00 444.00 1.00 5.00 176.18
247.00 98.00 1.00 4.00 175.48
327.00 228.00 1.00 4.00 57.35
492.00 510.00 1.00 1.00 62.18
496.00 510.00 1.00 1.00 63.32
513.00 476.00 0.00 1.00 189.49
492.00 298.00 0.00 3.00 42.87
498.00 434.00 0.00 4.00 43.22
350.00 358.00 1.00 2.00 160.74
278.00 488.00 0.00 5.00 98.50
465.00 489.00 1.00 3.00 184.01
486.00 476.00 0.00 4.00 111.08
487.00 277.00 0.00 4.00 113.18
379.00 7.00 1.00 1.00 176.76
516.00 362.00 1.00 2.00 139.56
498.00 514.00 0.00 3.00 134.64
264.00 211.00 0.00 5.00 197.76
487.00 501.00 1.00 3.00 106.28
200.00 506.00 1.00 4.00 146.57
347.00 508.00 1.00 3.00 44.92
167.00 72.00 1.00 5.00 157.38
490.00 410.00 1.00 1.00 129.59
482.00 509.00 1.00 3.00 153.16
431.00 395.00 0.00 3.00 50.97
497.00 387.00 1.00 1.00 59.36
200.00 53.00 0.00 3.00 119.21
506.00 489.00 0.00 5.00 180.41
150.00 515.00 0.00 3.00 116.68
294.00 499.00 1.00 4.00 162.98
513.00 299.00 0.00 5.00 68.08
12.00 288.00 0.00 3.00 37.56
204.00 492.00 0.00 3.00 173.45
32.00 379.00 0.00 5.00 89.96
511.00 407.00 1.00 4.00 175.37
319.00 436.00 1.00 2.00 93.89
131.00 487.00 1.00 4.00 175.14
33.00 453.00 0.00 1.00 162.77
239.00 454.00 0.00 2.00 110.72
486.00 507.00 1.00 4.00 66.55
517.00 500.00 1.00 5.00 107.97
56.00 510.00 0.00 1.00 122.44
500.00 148.00 1.00 1.00 107.67
516.00 499.00 0.00 4.00 199.26
474.00 509.00 0.00 5.00 39.20
517.00 289.00 0.00 4.00 116.54
516.00 100.00 1.00 5.00 88.25
515.00 490.00 1.00 4.00 42.21
170.00 92.00 0.00 5.00 91.90
510.00 181.00 0.00 5.00 105.13
517.00 495.00 0.00 4.00 199.00
510.00 115.00 0.00 5.00 116.80
422.00 43.00 0.00 5.00 45.85
504.00 498.00 1.00 5.00 163.63
190.00 445.00 1.00 3.00 49.16
506.00 492.00 0.00 3.00 70.56
45.00 499.00 1.00 1.00 49.55
483.00 233.00 1.00 2.00 107.65
161.00 409.00 0.00 4.00 152.16
468.00 427.00 1.00 4.00 128.71
467.00 393.00 1.00 2.00 68.50
439.00 501.00 0.00 3.00 54.91
488.00 154.00 0.00 2.00 136.76
489.00 164.00 1.00 3.00 151.68
389.00 505.00 0.00 2.00 91.50
486.00 458.00 1.00 3.00 97.36
80.00 491.00 1.00 2.00 170.62
488.00 495.00 0.00 2.00 142.91
501.00 107.00 0.00 4.00 133.16
496.00 509.00 0.00 1.00 86.49
472.00 488.00 1.00 1.00 36.01
486.00 382.00 0.00 1.00 65.64
97.00 499.00 1.00 1.00 143.95
116.00 363.00 1.00 1.00 99.00
387.00 516.00 1.00 4.00 70.81
486.00 265.00 1.00 5.00 99.67
512.00 60.00 1.00 5.00 99.17
490.00 496.00 1.00 4.00 123.53
14.00 495.00 1.00 2.00 76.13
502.00 352.00 1.00 5.00 69.64
99.00 329.00 1.00 4.00 50.95
486.00 477.00 0.00 1.00 157.30
413.00 489.00 1.00 3.00 179.45
489.00 506.00 1.00 2.00 182.23
494.00 70.00 1.00 1.00 128.10
376.00 515.00 1.00 1.00 32.22
449.00 487.00 1.00 1.00 152.93
406.00 492.00 1.00 3.00 177.43
514.00 366.00 1.00 2.00 152.40
508.00 15.00 1.00 4.00 42.70
491.00 508.00 0.00 5.00 60.71
513.00 490.00 0.00 3.00 161.12
508.00 472.00 0.00 5.00 160.31
517.00 231.00 1.00 4.00 43.78
505.00 318.00 1.00 2.00 168.38
514.00 305.00 1.00 2.00 141.18
68.00 489.00 1.00 5.00 39.43
512.00 488.00 1.00 1.00 55.55
443.00 113.00 1.00 5.00 173.28
507.00 515.00 0.00 4.00 105.82
509.00 247.00 1.00 2.00 60.10
280.00 504.00 1.00 3.00 146.12
202.00 507.00 0.00 3.00 194.62
509.00 364.00 0.00 2.00 78.78
493.00 40.00 0.00 4.00 31.64
326.00 293.00 1.00 5.00 46.11
491.00 120.00 1.00 1.00 89.12
492.00 102.00 0.00 3.00 151.21
250.00 42.00 0.00 4.00 59.36
497.00 383.00 1.00 4.00 168.96
488.00 512.00 0.00 3.00 84.94
487.00 141.00 0.00 3.00 69.59
499.00 261.00 0.00 1.00 55.97
473.00 506.00 0.00 1.00 52.91
245.00 495.00 1.00 5.00 55.72
491.00 236.00 0.00 4.00 38.70
310.00 29.00 1.00 2.00 85.93
85.00 38.00 1.00 1.00 119.02
500.00 205.00 1.00 5.00 144.06
512.00 69.00 0.00 3.00 198.55
129.00 498.00 1.00 4.00 36.32
336.00 90.00 0.00 3.00 170.39
509.00 503.00 0.00 5.00 30.09
497.00 503.00 0.00 4.00 195.32
333.00 508.00 0.00 5.00 180.82
194.00 80.00 1.00 1.00 64.59
498.00 505.00 0.00 3.00 54.39
488.00 493.00 0.00 2.00 110.47
196.00 371.00 1.00 3.00 67.53
517.00 349.00 1.00 2.00 91.64
274.00 510.00 1.00 1.00 114.91
343.00 324.00 0.00 1.00 151.11
4.00 433.00 0.00 2.00 83.74
492.00 87.00 1.00 4.00 133.24
336.00 513.00 1.00 5.00 180.35
213.00 486.00 1.00 3.00 36.65
505.00 343.00 1.00 1.00 32.34
225.00 509.00 1.00 3.00 184.47
493.00 471.00 0.00 2.00 116.42
312.00 407.00 0.00 2.00 32.96
506.00 407.00 1.00 5.00 152.72
324.00 515.00 1.00 5.00 99.18
240.00 496.00 1.00 1.00 138.03
496.00 490.00 1.00 1.00 154.50
515.00 503.00 1.00 2.00 158.02
516.00 501.00 1.00 4.00 101.02
496.00 513.00 0.00 2.00 157.80
502.00 258.00 0.00 3.00 66.84
357.00 517.00 1.00 4.00 68.65
517.00 506.00 0.00 4.00 62.43
504.00 498.00 1.00 5.00 140.94
270.00 132.00 0.00 2.00 183.98
256.00 350.00 1.00 3.00 193.42
495.00 395.00 0.00 1.00 165.48
300.00 499.00 1.00 2.00 35.12
512.00 116.00 0.00 1.00 170.60
381.00 505.00 1.00 5.00 123.39
418.00 483.00 1.00 1.00 112.92
490.00 505.00 0.00 3.00 122.60
220.00 487.00 0.00 5.00 106.12
126.00 511.00 0.00 4.00 118.47
232.00 267.00 0.00 2.00 144.56
499.00 368.00 0.00 4.00 41.76
496.00 31.00 0.00 4.00 37.68
289.00 136.00 0.00 1.00 150.73
487.00 154.00 0.00 5.00 187.20
506.00 403.00 0.00 3.00 197.78
120.00 494.00 1.00 2.00 112.69
492.00 237.00 0.00 4.00 79.82
245.00 275.00 1.00 4.00 172.72
501.00 487.00 0.00 4.00 152.31
508.00 490.00 0.00 5.00 179.93
499.00 517.00 0.00 4.00 86.69
502.00 514.00 1.00 2.00 165.73
515.00 498.00 1.00 5.00 181.64
491.00 511.00 1.00 2.00 178.83
195.00 214.00 1.00 1.00 73.58
494.00 499.00 1.00 4.00 163.12
495.00 500.00 1.00 5.00 187.77
70.00 221.00 0.00 1.00 89.47
496.00 513.00 1.00 4.00 78.25
494.00 514.00 1.00 1.00 144.06
72.00 511.00 1.00 5.00 92.33
144.00 81.00 1.00 5.00 82.03
513.00 498.00 1.00 4.00 188.76
486.00 515.00 1.00 2.00 140.42
307.00 161.00 1.00 1.00 43.97
506.00 334.00 1.00 2.00 80.01
515.00 496.00 1.00 3.00 41.60
209.00 490.00 1.00 4.00 71.83
512.00 486.00 0.00 2.00 179.92
514.00 506.00 0.00 2.00 125.74
507.00 514.00 1.00 3.00 43.42
506.00 491.00 0.00 3.00 119.66
415.00 513.00 0.00 3.00 176.81
109.00 484.00 1.00 5.00 192.64
512.00 504.00 1.00 2.00 102.91
502.00 108.00 0.00 4.00 134.88
329.00 497.00 1.00 4.00 126.09
504.00 510.00 1.00 3.00 113.65
382.00 468.00 0.00 2.00 119.59
279.00 503.00 1.00 2.00 67.39
488.00 418.00 0.00 4.00 184.81
491.00 500.00 0.00 1.00 65.53
515.00 442.00 0.00 5.00 155.64
446.00 495.00 1.00 3.00 186.92
517.00 232.00 0.00 3.00 109.20
250.00 60.00 1.00 4.00 189.54
495.00 515.00 1.00 2.00 153.21
504.00 513.00 1.00 5.00 126.82
496.00 488.00 1.00 2.00 198.74
174.00 129.00 0.00 4.00 59.54
492.00 423.00 1.00 2.00 117.55
487.00 429.00 0.00 1.00 89.30
512.00 208.00 1.00 3.00 128.21
494.00 509.00 1.00 4.00 138.80
502.00 511.00 1.00 5.00 121.88
512.00 503.00 1.00 1.00 197.99
503.00 188.00 0.00 1.00 174.35
357.00 502.00 0.00 2.00 112.17
503.00 316.00 1.00 1.00 31.22
65.00 96.00 1.00 5.00 160.58
268.00 501.00 0.00 2.00 98.87
441.00 500.00 1.00 5.00 119.97
495.00 516.00 1.00 5.00 126.61
506.00 316.00 0.00 5.00 64.18
513.00 441.00 1.00 1.00 120.00
496.00 42.00 1.00 1.00 59.86
493.00 511.00 0.00 2.00 86.17
511.00 516.00 0.00 5.00 40.23
64.00 516.00 1.00 5.00 107.27
12.00 514.00 1.00 4.00 146.74
361.00 516.00 0.00 3.00 88.14
105.00 504.00 1.00 5.00 129.95
2.00 282.00 0.00 4.00 127.21
516.00 444.00 0.00 2.00 81.46
262.00 517.00 1.00 3.00 194.35
503.00 57.00 1.00 3.00 58.26
487.00 512.00 1.00 2.00 158.30
517.00 503.00 1.00 2.00 78.37
349.00 131.00 0.00 3.00 130.72
99.00 23.00 0.00 3.00 70.79
512.00 470.00 1.00 2.00 197.15
495.00 418.00 1.00 5.00 172.90
497.00 486.00 0.00 1.00 130.54
40.00 505.00 0.00 2.00 41.02
504.00 127.00 1.00 2.00 124.61
9.00 156.00 1.00 4.00 30.38
515.00 492.00 0.00 3.00 154.59
498.00 517.00 0.00 5.00 129.56
496.00 439.00 1.00 3.00 110.84
255.00 509.00 1.00 4.00 60.51
204.00 497.00 1.00 2.00 179.20
507.00 130.00 1.00 3.00 181.97
497.00 340.00 1.00 5.00 48.81
503.00 493.00 1.00 1.00 137.88
259.00 72.00 0.00 5.00 104.14
87.00 494.00 1.00 2.00 52.31
197.00 463.00 0.00 4.00 153.65
499.00 505.00 1.00 1.00 125.81
512.00 493.00 1.00 5.00 78.13
500.00 493.00 0.00 1.00 48.26
489.00 506.00 1.00 3.00 153.47
517.00 315.00 1.00 1.00 89.93
83.00 70.00 1.00 2.00 126.98
154.00 120.00 0.00 1.00 84.29
433.00 140.00 1.00 4.00 106.15
509.00 225.00 0.00 3.00 124.23
455.00 399.00 0.00 4.00 106.33
500.00 490.00 1.00 2.00 165.72
357.00 509.00 0.00 2.00 118.41
511.00 496.00 0.00 1.00 120.96
306.00 500.00 0.00 4.00 36.52
504.00 514.00 1.00 3.00 90.00
75.00 300.00 1.00 3.00 138.55
167.00 199.00 1.00 1.00 116.40
512.00 282.00 0.00 1.00 97.14
276.00 499.00 0.00 1.00 99.65
162.00 505.00 0.00 2.00 106.15
515.00 416.00 1.00 4.00 60.73
472.00 389.00 1.00 5.00 49.68
313.00 513.00 1.00 4.00 40.10
513.00 507.00 1.00 1.00 176.15
322.00 287.00 0.00 2.00 62.82
339.00 501.00 1.00 1.00 32.15
328.00 380.00 0.00 5.00 37.55
369.00 252.00 0.00 5.00 59.49
505.00 250.00 0.00 4.00 144.18
517.00 335.00 0.00 1.00 137.27
508.00 503.00 0.00 5.00 146.58
514.00 488.00 0.00 5.00 158.94
513.00 221.00 1.00 1.00 108.12
221.00 514.00 0.00 2.00 120.06
499.00 336.00 0.00 3.00 116.14
247.00 349.00 0.00 3.00 186.30
84.00 294.00 0.00 1.00 157.59
508.00 79.00 1.00 4.00 108.32
509.00 399.00 1.00 2.00 150.66
278.00 322.00 1.00 4.00 175.75
507.00 332.00 0.00 4.00 183.68
506.00 496.00 1.00 1.00 75.34
180.00 497.00 0.00 3.00 134.71
22.00 493.00 0.00 3.00 114.24
405.00 227.00 1.00 2.00 58.19
24.00 324.00 1.00 2.00 188.71
482.00 509.00 1.00 5.00 139.13
369.00 487.00 0.00 1.00 129.67
49.00 497.00 0.00 2.00 124.27
495.00 285.00 1.00 1.00 67.10
382.00 127.00 0.00 2.00 47.03
499.00 374.00 0.00 5.00 174.40
167.00 230.00 0.00 1.00 121.16
499.00 62.00 1.00 2.00 73.64
274.00 489.00 1.00 2.00 175.51
111.00 172.00 0.00 1.00 147.84
493.00 215.00 1.00 3.00 132.08
491.00 115.00 0.00 5.00 187.10
491.00 12.00 0.00 1.00 149.65
489.00 95.00 0.00 3.00 70.16
103.00 86.00 0.00 1.00 77.10
496.00 508.00 1.00 5.00 57.00
440.00 501.00 1.00 3.00 111.54
447.00 210.00 1.00 3.00 61.84
199.00 497.00 1.00 1.00 90.13
116.00 517.00 1.00 2.00 189.22
511.00 373.00 0.00 2.00 108.69
91.00 115.00 1.00 2.00 147.89
443.00 450.00 0.00 2.00 49.07
517.00 225.00 0.00 4.00 54.81
501.00 494.00 0.00 3.00 151.23
491.00 87.00 0.00 5.00 77.36
503.00 357.00 1.00 4.00 126.25
402.00 146.00 0.00 2.00 199.98
513.00 493.00 1.00 1.00 32.34
510.00 363.00 1.00 1.00 68.80
502.00 517.00 1.00 5.00 51.56
462.00 143.00 0.00 3.00 199.92
272.00 486.00 0.00 4.00 62.60
23.00 496.00 0.00 1.00 102.58
422.00 359.00 1.00 4.00 60.24
391.00 53.00 1.00 3.00 121.31
185.00 138.00 0.00 2.00 97.24
515.00 490.00 0.00 1.00 156.09
240.00 515.00 1.00 1.00 199.93
169.00 499.00 0.00 2.00 169.60
509.00 503.00 0.00 3.00 162.96
28.00 115.00 1.00 4.00 189.90
92.00 499.00 1.00 5.00 190.89
210.00 396.00 1.00 2.00 111.52
287.00 497.00 1.00 3.00 165.92
491.00 233.00 1.00 1.00 37.79
495.00 384.00 1.00 4.00 95.41
333.00 385.00 1.00 5.00 33.98
263.00 141.00 0.00 4.00 43.56
515.00 509.00 0.00 3.00 81.24
69.00 181.00 0.00 2.00 111.41
501.00 104.00 1.00 1.00 35.59
491.00 508.00 0.00 5.00 35.84
511.00 179.00 1.00 4.00 162.66
508.00 198.00 1.00 5.00 89.30
490.00 226.00 1.00 5.00 51.92
261.00 504.00 0.00 1.00 187.00
264.00 492.00 1.00 5.00 105.73
252.00 463.00 1.00 5.00 157.88
369.00 497.00 1.00 3.00 66.81
487.00 382.00 1.00 1.00 132.88
451.00 216.00 0.00 5.00 132.49
503.00 269.00 1.00 3.00 64.83
516.00 505.00 1.00 4.00 44.63
506.00 94.00 0.00 3.00 177.18
509.00 498.00 1.00 5.00 44.97
463.00 371.00 0.00 2.00 194.31
164.00 133.00 0.00 5.00 31.33
167.00 378.00 1.00 4.00 131.18
243.00 496.00 1.00 1.00 89.19
198.00 515.00 1.00 5.00 66.37
490.00 511.00 0.00 2.00 62.48
374.00 486.00 1.00 1.00 50.26
412.00 266.00 0.00 3.00 150.28
292.00 494.00 1.00 4.00 193.29
67.00 336.00 1.00 2.00 109.71
499.00 469.00 0.00 4.00 142.77
510.00 43.00 0.00 4.00 152.64
491.00 379.00 0.00 5.00 78.23
489.00 110.00 0.00 1.00 118.58
162.00 447.00 1.00 2.00 194.49
512.00 245.00 0.00 4.00 82.76
338.00 256.00 1.00 5.00 99.68
255.00 487.00 1.00 2.00 147.52
4.00 194.00 1.00 3.00 195.90
491.00 339.00 0.00 5.00 90.20
498.00 502.00 0.00 4.00 96.21
516.00 507.00 0.00 2.00 80.16
456.00 189.00 1.00 5.00 197.25
493.00 517.00 0.00 3.00 63.74
502.00 493.00 0.00 2.00 191.52
504.00 160.00 1.00 5.00 157.75
290.00 494.00 0.00 2.00 167.16
514.00 60.00 0.00 3.00 172.33
479.00 503.00 0.00 4.00 73.91
301.00 497.00 1.00 4.00 129.24
501.00 490.00 1.00 4.00 145.26
233.00 490.00 0.00 2.00 90.87
40.00 281.00 0.00 2.00 133.19
517.00 508.00 0.00 1.00 178.59
167.00 6.00 1.00 2.00 145.12
174.00 507.00 1.00 4.00 81.78
497.00 503.00 0.00 1.00 148.37
494.00 487.00 1.00 1.00 119.24
509.00 348.00 1.00 2.00 120.70
491.00 258.00 1.00 5.00 74.11
433.00 488.00 1.00 2.00 42.84
330.00 189.00 1.00 5.00 39.52
487.00 515.00 0.00 3.00 157.36
96.00 214.00 1.00 5.00 35.93
496.00 514.00 0.00 4.00 92.03
496.00 515.00 1.00 3.00 134.09
498.00 511.00 1.00 5.00 78.35
494.00 507.00 0.00 5.00 145.99
235.00 507.00 0.00 1.00 73.48
487.00 227.00 0.00 3.00 42.31
501.00 289.00 1.00 2.00 199.67
399.00 325.00 1.00 3.00 40.78
18.00 384.00 0.00 2.00 110.55
122.00 171.00 1.00 5.00 57.43
43.00 493.00 0.00 5.00 180.26
489.00 25.00 0.00 1.00 175.23
2.00 471.00 1.00 2.00 182.52
285.00 514.00 0.00 1.00 58.85
506.00 513.00 0.00 4.00 94.88
307.00 135.00 0.00 4.00 41.29
494.00 439.00 0.00 2.00 172.50
501.00 42.00 0.00 4.00 118.15
487.00 514.00 0.00 3.00 97.33
489.00 98.00 1.00 5.00 74.17
515.00 42.00 1.00 3.00 104.45
497.00 516.00 1.00 3.00 86.13
458.00 226.00 1.00 4.00 173.99
505.00 461.00 1.00 2.00 189.35
115.00 486.00 0.00 4.00 125.01
516.00 509.00 1.00 5.00 141.31
517.00 508.00 1.00 2.00 180.74
510.00 496.00 0.00 1.00 106.76
517.00 112.00 1.00 3.00 36.27
91.00 489.00 1.00 4.00 78.93
25.00 492.00 1.00 2.00 115.58
504.00 464.00 0.00 5.00 35.52
466.00 504.00 0.00 5.00 43.54
506.00 433.00 0.00 4.00 181.19
144.00 511.00 0.00 3.00 130.99
246.00 342.00 1.00 2.00 101.01
385.00 329.00 0.00 5.00 75.40
109.00 367.00 1.00 3.00 181.14
244.00 488.00 1.00 5.00 199.59
210.00 411.00 1.00 3.00 155.56
506.00 494.00 1.00 2.00 177.18
106.00 500.00 1.00 3.00 153.78
499.00 100.00 0.00 5.00 70.87
200.00 504.00 0.00 1.00 186.36
377.00 506.00 1.00 4.00 184.05
329.00 203.00 1.00 5.00 61.36
511.00 488.00 1.00 3.00 125.46
241.00 498.00 0.00 4.00 60.11
491.00 508.00 1.00 3.00 161.79
510.00 495.00 1.00 3.00 165.58
215.00 306.00 0.00 4.00 158.08
505.00 512.00 0.00 3.00 57.99
503.00 498.00 1.00 3.00 110.90
517.00 492.00 1.00 3.00 90.42
185.00 507.00 0.00 3.00 177.20
513.00 186.00 0.00 5.00 127.40
378.00 513.00 1.00 4.00 146.64
101.00 447.00 0.00 3.00 71.09
173.00 58.00 0.00 3.00 119.29
490.00 516.00 1.00 2.00 183.44
348.00 515.00 1.00 3.00 105.30
497.00 405.00 1.00 2.00 55.74
487.00 326.00 0.00 3.00 122.50
515.00 493.00 1.00 1.00 197.54
503.00 191.00 0.00 5.00 122.20
73.00 306.00 1.00 2.00 47.78
405.00 12.00 1.00 2.00 195.42
491.00 96.00 0.00 1.00 80.29
503.00 508.00 0.00 5.00 196.93
510.00 103.00 1.00 5.00 67.88
512.00 307.00 0.00 1.00 59.69
86.00 486.00 1.00 2.00 147.74
426.00 325.00 1.00 1.00 132.31
503.00 43.00 0.00 2.00 197.41
499.00 414.00 1.00 2.00 35.89
496.00 379.00 0.00 5.00 93.38
495.00 513.00 1.00 1.00 156.87
495.00 486.00 1.00 5.00 135.43
500.00 257.00 1.00 1.00 172.00
377.00 292.00 0.00 5.00 60.21
375.00 516.00 0.00 3.00 48.93
512.00 507.00 0.00 4.00 67.16
