280.00 513.00 1.00 5.00 114.66
512.00 500.00 0.00 3.00 164.50
507.00 388.00 0.00 1.00 187.96
275.00 234.00 0.00 4.00 136.75
117.00 509.00 0.00 1.00 43.50
516.00 239.00 0.00 3.00 114.20
505.00 496.00 1.00 1.00 159.39
517.00 496.00 0.00 2.00 116.66
341.00 372.00 1.00 1.00 172.43
490.00 515.00 1.00 4.00 117.65
508.00 516.00 1.00 5.00 101.41
501.00 411.00 0.00 4.00 61.68
252.00 53.00 1.00 3.00 61.37
491.00 368.00 0.00 3.00 163.38
173.00 155.00 0.00 1.00 95.50
313.00 487.00 0.00 2.00 195.37
172.00 499.00 0.00 5.00 81.08
514.00 409.00 0.00 1.00 49.39
489.00 506.00 1.00 3.00 49.30
92.00 508.00 1.00 5.00 167.56
228.00 512.00 1.00 4.00 181.24
506.00 486.00 0.00 2.00 75.70
500.00 492.00 1.00 5.00 196.84
96.00 499.00 0.00 5.00 60.77
456.00 488.00 0.00 3.00 183.63
488.00 495.00 0.00 2.00 36.34
491.00 507.00 1.00 4.00 105.43
340.00 390.00 1.00 1.00 142.22
319.00 400.00 0.00 5.00 99.46
353.00 505.00 0.00 2.00 113.85
477.00 362.00 1.00 1.00 33.84
515.00 499.00 0.00 3.00 174.19
179.00 513.00 0.00 4.00 52.50
508.00 159.00 1.00 2.00 152.66
495.00 370.00 0.00 3.00 47.65
364.00 493.00 0.00 3.00 176.51
306.00 487.00 1.00 4.00 31.17
512.00 298.00 0.00 4.00 40.87
318.00 500.00 1.00 5.00 185.76
129.00 487.00 1.00 3.00 144.37
442.00 256.00 0.00 4.00 171.65
329.00 489.00 0.00 4.00 79.00
495.00 487.00 0.00 4.00 157.27
488.00 225.00 0.00 3.00 64.80
500.00 441.00 1.00 2.00 122.89
494.00 505.00 0.00 5.00 41.44
517.00 503.00 0.00 3.00 176.14
39.00 491.00 1.00 5.00 55.76
497.00 507.00 0.00 5.00 117.68
514.00 184.00 1.00 5.00 126.02
349.00 194.00 1.00 1.00 102.80
452.00 248.00 1.00 4.00 137.81
288.00 223.00 1.00 4.00 78.84
494.00 517.00 1.00 5.00 67.78
492.00 122.00 1.00 1.00 69.12
491.00 486.00 0.00 2.00 107.17
368.00 405.00 0.00 5.00 147.20
491.00 512.00 0.00 5.00 102.02
491.00 506.00 1.00 3.00 116.31
479.00 516.00 0.00 1.00 73.67
486.00 193.00 1.00 2.00 100.02
46.00 503.00 0.00 4.00 131.71
307.00 509.00 0.00 5.00 89.66
510.00 496.00 1.00 2.00 140.91
82.00 211.00 1.00 3.00 183.68
513.00 476.00 0.00 2.00 164.87
93.00 515.00 0.00 5.00 120.55
170.00 504.00 1.00 5.00 91.54
404.00 94.00 1.00 5.00 95.55
69.00 493.00 0.00 5.00 157.95
513.00 437.00 1.00 4.00 102.79
318.00 507.00 1.00 1.00 128.08
501.00 22.00 1.00 4.00 121.65
45.00 503.00 0.00 3.00 100.30
397.00 325.00 1.00 5.00 191.95
235.00 283.00 0.00 5.00 131.74
12.00 449.00 0.00 1.00 189.63
501.00 130.00 1.00 2.00 146.94
512.00 497.00 1.00 1.00 113.28
517.00 385.00 0.00 4.00 165.25
516.00 487.00 1.00 1.00 93.77
502.00 508.00 1.00 5.00 55.62
504.00 443.00 1.00 2.00 180.88
486.00 304.00 0.00 1.00 130.38
494.00 509.00 1.00 5.00 50.48
469.00 486.00 0.00 4.00 189.64
509.00 503.00 0.00 1.00 53.14
425.00 494.00 0.00 1.00 147.00
156.00 515.00 0.00 4.00 198.91
198.00 151.00 1.00 2.00 83.28
20.00 502.00 1.00 1.00 173.92
512.00 504.00 1.00 5.00 116.68
410.00 512.00 1.00 4.00 155.23
102.00 249.00 1.00 3.00 162.12
510.00 495.00 1.00 4.00 126.67
235.00 513.00 1.00 1.00 142.83
293.00 374.00 1.00 4.00 125.45
24.00 486.00 0.00 2.00 142.82
152.00 515.00 0.00 2.00 125.54
501.00 513.00 1.00 2.00 55.30
490.00 421.00 1.00 3.00 190.02
487.00 500.00 1.00 2.00 116.16
495.00 347.00 1.00 5.00 129.78
502.00 507.00 1.00 3.00 31.99
165.00 504.00 1.00 1.00 182.00
514.00 291.00 1.00 1.00 145.24
27.00 69.00 1.00 1.00 79.71
284.00 382.00 0.00 1.00 108.36
491.00 257.00 1.00 5.00 108.61
119.00 495.00 0.00 3.00 113.29
53.00 516.00 0.00 4.00 55.77
114.00 507.00 0.00 5.00 154.44
93.00 498.00 0.00 1.00 142.91
499.00 67.00 0.00 4.00 62.64
505.00 286.00 0.00 2.00 140.68
431.00 182.00 0.00 4.00 165.32
490.00 495.00 0.00 5.00 70.39
288.00 490.00 0.00 5.00 97.39
514.00 106.00 1.00 4.00 46.86
517.00 493.00 0.00 4.00 155.18
513.00 505.00 1.00 1.00 196.60
342.00 506.00 1.00 1.00 79.59
516.00 494.00 0.00 3.00 51.43
487.00 367.00 0.00 1.00 93.96
20.00 514.00 1.00 1.00 155.88
487.00 499.00 1.00 2.00 38.29
52.00 109.00 1.00 5.00 78.27
513.00 368.00 0.00 4.00 33.10
181.00 412.00 0.00 4.00 111.85
451.00 493.00 0.00 4.00 30.63
192.00 58.00 1.00 1.00 70.19
499.00 61.00 1.00 3.00 188.35
503.00 515.00 0.00 5.00 187.21
507.00 495.00 1.00 4.00 85.78
506.00 486.00 1.00 5.00 99.90
230.00 507.00 0.00 2.00 126.18
501.00 437.00 0.00 5.00 76.05
516.00 97.00 0.00 2.00 36.10
4.00 496.00 0.00 1.00 168.43
517.00 491.00 0.00 1.00 85.16
500.00 490.00 1.00 1.00 62.02
517.00 497.00 1.00 1.00 99.42
387.00 494.00 1.00 2.00 112.01
494.00 312.00 1.00 3.00 125.74
503.00 490.00 0.00 5.00 108.74
81.00 495.00 0.00 1.00 42.97
516.00 221.00 1.00 2.00 80.24
487.00 503.00 1.00 2.00 55.16
385.00 514.00 1.00 3.00 57.81
211.00 494.00 1.00 5.00 90.53
513.00 508.00 1.00 1.00 146.36
495.00 501.00 0.00 2.00 30.79
500.00 505.00 1.00 3.00 157.62
507.00 492.00 0.00 1.00 53.76
387.00 213.00 1.00 4.00 134.07
370.00 360.00 0.00 3.00 143.31
171.00 492.00 0.00 4.00 169.78
168.00 511.00 0.00 5.00 112.13
494.00 502.00 1.00 3.00 89.32
7.00 487.00 1.00 1.00 116.51
504.00 304.00 0.00 2.00 145.32
399.00 513.00 0.00 1.00 182.51
508.00 137.00 0.00 2.00 162.93
515.00 41.00 0.00 4.00 196.49
211.00 508.00 0.00 1.00 105.70
511.00 500.00 0.00 2.00 34.47
498.00 351.00 1.00 1.00 83.61
320.00 511.00 1.00 2.00 33.99
511.00 516.00 1.00 4.00 90.36
230.00 505.00 1.00 2.00 87.22
496.00 508.00 1.00 3.00 32.80
409.00 13.00 0.00 3.00 67.58
494.00 332.00 1.00 2.00 187.98
274.00 497.00 0.00 5.00 175.32
444.00 65.00 0.00 5.00 113.18
513.00 498.00 0.00 5.00 132.52
181.00 292.00 0.00 4.00 138.36
113.00 517.00 1.00 2.00 166.77
112.00 488.00 1.00 5.00 85.12
500.00 461.00 1.00 1.00 197.26
90.00 500.00 0.00 1.00 42.09
209.00 503.00 0.00 4.00 178.11
498.00 506.00 0.00 5.00 31.68
257.00 486.00 1.00 4.00 143.15
8.00 67.00 1.00 4.00 78.77
169.00 426.00 1.00 4.00 186.28
288.00 100.00 0.00 4.00 129.07
270.00 488.00 1.00 5.00 64.69
148.00 99.00 1.00 4.00 165.58
400.00 362.00 0.00 4.00 84.95
507.00 488.00 0.00 4.00 197.29
488.00 512.00 1.00 3.00 62.52
383.00 498.00 0.00 3.00 53.98
248.00 95.00 1.00 5.00 71.37
506.00 123.00 1.00 1.00 123.62
347.00 170.00 1.00 3.00 193.89
228.00 488.00 1.00 5.00 158.66
493.00 488.00 1.00 5.00 114.13
499.00 492.00 1.00 1.00 99.58
490.00 266.00 0.00 1.00 110.86
290.00 389.00 0.00 3.00 114.93
251.00 30.00 0.00 4.00 140.12
495.00 516.00 1.00 2.00 106.32
489.00 513.00 1.00 5.00 156.46
8.00 487.00 1.00 5.00 132.87
489.00 515.00 1.00 5.00 101.52
193.00 84.00 1.00 1.00 195.67
516.00 511.00 0.00 1.00 132.65
352.00 510.00 1.00 5.00 194.19
490.00 318.00 0.00 3.00 117.35
494.00 179.00 0.00 4.00 181.45
498.00 451.00 1.00 1.00 64.44
505.00 487.00 0.00 2.00 147.87
380.00 495.00 0.00 4.00 148.30
135.00 441.00 1.00 3.00 141.43
308.00 209.00 0.00 1.00 85.18
494.00 330.00 1.00 1.00 125.98
513.00 500.00 0.00 2.00 161.53
377.00 503.00 0.00 1.00 62.81
493.00 397.00 1.00 4.00 157.76
243.00 503.00 0.00 4.00 142.70
515.00 436.00 0.00 2.00 158.08
76.00 193.00 1.00 5.00 185.06
500.00 350.00 0.00 3.00 62.83
63.00 489.00 0.00 1.00 117.89
514.00 492.00 0.00 2.00 144.49
504.00 488.00 0.00 2.00 38.94
495.00 515.00 1.00 3.00 123.64
511.00 6.00 1.00 5.00 143.31
496.00 489.00 1.00 2.00 141.34
514.00 499.00 0.00 2.00 100.52
486.00 8.00 0.00 1.00 43.40
511.00 220.00 0.00 5.00 94.11
304.00 516.00 0.00 5.00 167.93
414.00 190.00 1.00 2.00 143.06
278.00 432.00 1.00 3.00 53.67
485.00 491.00 0.00 3.00 79.35
493.00 140.00 1.00 5.00 176.54
512.00 498.00 1.00 4.00 150.57
193.00 510.00 1.00 1.00 135.63
215.00 490.00 1.00 3.00 56.34
512.00 286.00 0.00 1.00 72.96
515.00 381.00 1.00 2.00 183.26
486.00 219.00 1.00 2.00 166.66
512.00 39.00 1.00 4.00 137.77
63.00 129.00 1.00 4.00 118.43
342.00 255.00 1.00 3.00 173.07
512.00 505.00 0.00 4.00 76.76
511.00 502.00 1.00 5.00 155.89
503.00 473.00 1.00 1.00 170.00
495.00 511.00 0.00 5.00 194.92
506.00 156.00 0.00 1.00 74.26
406.00 510.00 0.00 1.00 106.63
496.00 509.00 1.00 1.00 170.73
256.00 319.00 1.00 2.00 168.67
497.00 515.00 1.00 3.00 130.45
517.00 298.00 1.00 3.00 84.06
341.00 502.00 1.00 4.00 168.89
307.00 13.00 1.00 5.00 165.84
210.00 516.00 0.00 3.00 167.90
399.00 16.00 0.00 3.00 132.67
154.00 269.00 1.00 2.00 125.30
125.00 517.00 0.00 2.00 86.44
328.00 95.00 0.00 4.00 97.97
44.00 447.00 1.00 1.00 183.05
513.00 495.00 1.00 5.00 81.84
266.00 498.00 0.00 4.00 54.22
516.00 99.00 1.00 5.00 129.29
484.00 491.00 0.00 3.00 84.07
112.00 505.00 0.00 1.00 98.20
491.00 506.00 1.00 2.00 94.90
341.00 77.00 1.00 5.00 150.38
71.00 397.00 1.00 3.00 44.19
512.00 498.00 1.00 2.00 163.59
503.00 484.00 1.00 2.00 164.93
456.00 489.00 1.00 1.00 88.38
185.00 508.00 1.00 2.00 135.70
488.00 70.00 1.00 4.00 48.64
275.00 492.00 0.00 2.00 171.87
343.00 294.00 0.00 4.00 84.24
57.00 511.00 0.00 2.00 173.97
477.00 308.00 1.00 4.00 163.46
105.00 503.00 0.00 3.00 185.53
502.00 353.00 1.00 3.00 166.48
492.00 273.00 1.00 2.00 113.86
362.00 242.00 1.00 2.00 89.80
192.00 514.00 1.00 5.00 132.60
95.00 268.00 1.00 3.00 156.09
14.00 493.00 0.00 3.00 74.12
266.00 515.00 1.00 3.00 45.18
500.00 487.00 1.00 2.00 180.31
487.00 446.00 0.00 4.00 75.70
506.00 512.00 1.00 4.00 83.13
510.00 488.00 1.00 3.00 42.50
320.00 108.00 1.00 5.00 159.79
503.00 515.00 0.00 5.00 187.69
279.00 515.00 0.00 2.00 45.62
181.00 505.00 0.00 5.00 37.18
188.00 451.00 1.00 2.00 195.06
168.00 482.00 0.00 4.00 55.52
494.00 103.00 1.00 1.00 72.07
402.00 489.00 1.00 1.00 121.55
205.00 512.00 1.00 5.00 101.39
506.00 495.00 1.00 4.00 50.66
49.00 511.00 1.00 5.00 165.38
508.00 488.00 0.00 1.00 45.22
490.00 509.00 0.00 5.00 73.44
517.00 13.00 1.00 4.00 106.60
504.00 52.00 1.00 2.00 165.46
406.00 513.00 0.00 1.00 186.05
502.00 425.00 0.00 1.00 76.85
513.00 507.00 0.00 2.00 51.11
493.00 354.00 0.00 4.00 136.72
495.00 510.00 1.00 5.00 44.25
386.00 496.00 0.00 1.00 159.79
504.00 387.00 0.00 3.00 137.06
45.00 155.00 0.00 1.00 35.73
465.00 501.00 0.00 1.00 184.68
32.00 227.00 1.00 2.00 76.78
439.00 497.00 0.00 1.00 128.53
99.00 292.00 0.00 1.00 50.53
509.00 497.00 1.00 4.00 170.28
370.00 296.00 1.00 3.00 175.55
495.00 206.00 0.00 2.00 145.48
512.00 441.00 1.00 4.00 117.75
35.00 488.00 1.00 5.00 76.62
459.00 503.00 0.00 1.00 50.32
490.00 501.00 1.00 5.00 192.58
34.00 491.00 1.00 3.00 100.33
95.00 501.00 0.00 1.00 184.14
505.00 131.00 0.00 3.00 82.88
235.00 465.00 0.00 1.00 184.24
512.00 124.00 0.00 4.00 86.13
515.00 488.00 1.00 3.00 193.82
489.00 394.00 0.00 3.00 97.20
498.00 201.00 0.00 5.00 60.70
107.00 498.00 0.00 1.00 190.84
474.00 12.00 1.00 2.00 44.96
251.00 434.00 0.00 5.00 42.01
58.00 507.00 1.00 3.00 51.26
508.00 354.00 0.00 4.00 108.33
494.00 512.00 0.00 2.00 163.57
211.00 503.00 1.00 3.00 36.10
355.00 199.00 0.00 2.00 157.00
341.00 366.00 0.00 2.00 136.80
17.00 152.00 1.00 4.00 60.09
266.00 230.00 0.00 2.00 51.55
499.00 17.00 0.00 2.00 76.35
491.00 514.00 1.00 3.00 162.71
509.00 44.00 1.00 4.00 139.98
359.00 515.00 1.00 4.00 65.91
412.00 515.00 0.00 3.00 114.01
517.00 498.00 1.00 4.00 40.58
341.00 517.00 0.00 3.00 157.25
516.00 273.00 1.00 5.00 116.27
511.00 498.00 1.00 1.00 158.36
495.00 397.00 0.00 1.00 182.61
503.00 517.00 0.00 4.00 136.89
277.00 238.00 0.00 2.00 59.58
91.00 44.00 1.00 2.00 199.36
466.00 493.00 1.00 5.00 111.30
508.00 105.00 0.00 2.00 32.98
498.00 506.00 1.00 3.00 82.79
226.00 489.00 0.00 1.00 93.46
490.00 498.00 0.00 5.00 60.30
510.00 498.00 1.00 5.00 171.75
209.00 199.00 1.00 3.00 88.13
489.00 13.00 0.00 4.00 147.29
288.00 493.00 1.00 1.00 55.27
505.00 46.00 0.00 1.00 179.74
233.00 502.00 0.00 5.00 41.52
512.00 486.00 1.00 5.00 42.73
507.00 386.00 0.00 2.00 54.49
436.00 474.00 0.00 3.00 84.15
499.00 316.00 0.00 1.00 78.44
494.00 509.00 1.00 4.00 126.40
493.00 292.00 1.00 3.00 143.03
493.00 506.00 0.00 3.00 80.43
514.00 358.00 1.00 4.00 160.62
298.00 503.00 0.00 3.00 190.87
224.00 504.00 1.00 3.00 129.45
437.00 360.00 0.00 5.00 80.63
24.00 489.00 0.00 2.00 82.71
493.00 113.00 1.00 1.00 127.82
274.00 236.00 0.00 3.00 77.61
504.00 487.00 0.00 5.00 43.62
501.00 504.00 0.00 3.00 36.39
336.00 366.00 0.00 1.00 113.35
501.00 507.00 1.00 5.00 164.47
494.00 16.00 1.00 1.00 155.87
224.00 216.00 0.00 2.00 162.60
498.00 453.00 1.00 4.00 146.74
21.00 506.00 1.00 2.00 56.35
514.00 86.00 1.00 4.00 148.17
366.00 516.00 0.00 1.00 146.37
501.00 442.00 0.00 3.00 176.99
513.00 489.00 0.00 4.00 176.07
494.00 404.00 1.00 2.00 98.48
486.00 454.00 0.00 3.00 66.18
505.00 231.00 0.00 2.00 44.00
493.00 506.00 1.00 2.00 122.56
123.00 284.00 0.00 3.00 48.74
497.00 490.00 1.00 5.00 107.93
187.00 489.00 0.00 4.00 52.94
506.00 230.00 1.00 4.00 88.02
511.00 506.00 0.00 2.00 150.64
203.00 393.00 1.00 3.00 134.89
503.00 500.00 1.00 2.00 96.63
192.00 514.00 0.00 2.00 191.48
362.00 299.00 1.00 1.00 143.13
498.00 407.00 0.00 4.00 186.49
319.00 118.00 0.00 5.00 70.85
503.00 252.00 0.00 4.00 72.94
492.00 509.00 0.00 3.00 124.06
497.00 415.00 1.00 2.00 32.82
496.00 502.00 0.00 1.00 61.50
433.00 229.00 1.00 1.00 163.77
487.00 289.00 0.00 3.00 148.71
148.00 490.00 1.00 4.00 131.81
1.00 505.00 0.00 5.00 135.15
444.00 114.00 0.00 1.00 104.76
497.00 412.00 1.00 5.00 117.04
490.00 221.00 1.00 3.00 105.58
502.00 102.00 0.00 4.00 149.34
399.00 515.00 1.00 3.00 59.51
516.00 73.00 1.00 5.00 95.58
499.00 391.00 1.00 5.00 49.75
406.00 488.00 1.00 1.00 137.96
511.00 492.00 0.00 3.00 131.39
482.00 487.00 0.00 2.00 172.54
504.00 200.00 1.00 5.00 124.98
299.00 320.00 1.00 1.00 108.87
136.00 499.00 0.00 3.00 48.48
515.00 510.00 0.00 3.00 192.82
498.00 32.00 0.00 3.00 61.04
363.00 43.00 1.00 1.00 176.81
69.00 342.00 0.00 2.00 113.88
492.00 145.00 1.00 1.00 113.06
182.00 506.00 0.00 2.00 173.86
47.00 98.00 1.00 3.00 31.85
336.00 486.00 1.00 4.00 161.92
498.00 487.00 0.00 5.00 198.09
500.00 346.00 0.00 1.00 141.96
502.00 152.00 1.00 1.00 104.63
517.00 502.00 1.00 5.00 89.22
505.00 287.00 1.00 2.00 178.96
443.00 125.00 0.00 2.00 141.49
511.00 489.00 0.00 1.00 137.39
169.00 506.00 0.00 3.00 86.10
510.00 295.00 1.00 1.00 77.20
505.00 270.00 1.00 2.00 154.92
30.00 206.00 0.00 3.00 57.55
517.00 198.00 1.00 5.00 179.78
490.00 196.00 0.00 3.00 55.93
490.00 484.00 1.00 2.00 122.89
503.00 512.00 1.00 4.00 158.51
315.00 496.00 1.00 5.00 129.77
503.00 293.00 1.00 2.00 77.94
146.00 500.00 0.00 3.00 196.31
400.00 510.00 1.00 3.00 108.18
63.00 297.00 0.00 5.00 162.60
516.00 295.00 1.00 3.00 72.86
511.00 506.00 0.00 3.00 111.42
510.00 503.00 0.00 2.00 130.05
514.00 494.00 1.00 1.00 77.82
311.00 433.00 1.00 1.00 136.34
497.00 208.00 0.00 1.00 79.92
241.00 72.00 1.00 5.00 47.55
408.00 486.00 0.00 2.00 75.38
368.00 411.00 1.00 4.00 141.06
504.00 501.00 0.00 1.00 33.34
487.00 500.00 0.00 5.00 51.59
206.00 489.00 0.00 3.00 97.20
488.00 298.00 1.00 2.00 120.40
503.00 497.00 1.00 4.00 98.56
307.00 378.00 1.00 5.00 58.84
486.00 115.00 1.00 3.00 95.57
132.00 35.00 0.00 5.00 195.75
17.00 512.00 0.00 1.00 171.83
108.00 410.00 1.00 3.00 191.12
509.00 489.00 1.00 5.00 76.93
492.00 424.00 0.00 5.00 194.56
185.00 515.00 1.00 2.00 123.26
389.00 4.00 1.00 5.00 106.93
97.00 167.00 1.00 2.00 125.50
358.00 504.00 0.00 3.00 122.88
347.00 507.00 1.00 3.00 114.55
69.00 340.00 0.00 1.00 31.98
491.00 152.00 0.00 2.00 51.95
40.00 497.00 0.00 4.00 44.85
193.00 497.00 1.00 5.00 158.23
419.00 517.00 1.00 2.00 141.09
517.00 55.00 1.00 5.00 121.04
411.00 491.00 0.00 2.00 106.67
325.00 497.00 1.00 2.00 144.61
500.00 252.00 1.00 4.00 198.81
501.00 502.00 0.00 3.00 39.78
514.00 421.00 1.00 5.00 163.78
487.00 204.00 0.00 3.00 74.08
502.00 515.00 1.00 2.00 166.25
223.00 286.00 1.00 3.00 124.86
499.00 93.00 1.00 4.00 142.56
494.00 283.00 0.00 4.00 55.03
94.00 151.00 1.00 2.00 89.01
115.00 512.00 0.00 2.00 83.54
482.00 201.00 1.00 2.00 33.02
491.00 381.00 1.00 3.00 163.55
499.00 486.00 0.00 5.00 90.60
502.00 354.00 1.00 4.00 185.88
285.00 400.00 1.00 2.00 44.03
476.00 107.00 0.00 5.00 165.73
272.00 291.00 0.00 3.00 71.26
380.00 514.00 0.00 4.00 89.84
40.00 501.00 0.00 5.00 67.00
481.00 207.00 0.00 4.00 70.80
500.00 512.00 1.00 5.00 179.43
509.00 175.00 1.00 2.00 143.89
502.00 510.00 0.00 5.00 114.60
490.00 509.00 0.00 3.00 170.48
162.00 489.00 0.00 5.00 192.56
512.00 500.00 1.00 4.00 126.45
360.00 490.00 0.00 4.00 181.42
506.00 170.00 1.00 1.00 41.21
136.00 506.00 1.00 3.00 152.34
139.00 488.00 0.00 3.00 73.62
234.00 60.00 0.00 1.00 194.97
278.00 19.00 0.00 3.00 199.26
508.00 494.00 1.00 4.00 79.72
480.00 441.00 1.00 4.00 103.58
504.00 499.00 0.00 1.00 92.63
468.00 503.00 1.00 4.00 68.36
461.00 166.00 0.00 2.00 155.09
232.00 486.00 0.00 5.00 160.66
511.00 493.00 1.00 4.00 94.98
222.00 496.00 0.00 5.00 83.81
399.00 169.00 1.00 3.00 199.29
493.00 425.00 0.00 3.00 37.39
356.00 516.00 0.00 3.00 158.69
509.00 490.00 0.00 4.00 72.95
331.00 502.00 1.00 1.00 143.52
408.00 488.00 0.00 1.00 149.50
492.00 509.00 1.00 3.00 116.52
155.00 130.00 0.00 2.00 146.13
497.00 365.00 0.00 5.00 184.18
488.00 515.00 0.00 2.00 129.10
442.00 507.00 1.00 4.00 106.08
509.00 498.00 0.00 1.00 84.15
233.00 472.00 0.00 3.00 135.15
298.00 509.00 0.00 3.00 187.28
512.00 507.00 1.00 3.00 37.12
505.00 5.00 1.00 5.00 33.45
92.00 491.00 0.00 5.00 69.01
507.00 516.00 1.00 5.00 150.67
517.00 347.00 0.00 3.00 52.17
78.00 451.00 1.00 1.00 199.08
489.00 514.00 1.00 2.00 40.18
376.00 32.00 0.00 5.00 153.06
394.00 515.00 1.00 3.00 169.17
14.00 178.00 1.00 5.00 164.52
486.00 503.00 1.00 1.00 127.95
122.00 499.00 0.00 3.00 83.62
490.00 508.00 0.00 5.00 40.54
18.00 494.00 1.00 4.00 145.39
512.00 354.00 0.00 1.00 116.39
387.00 237.00 1.00 1.00 56.62
496.00 98.00 1.00 3.00 133.63
118.00 508.00 1.00 3.00 189.65
417.00 507.00 1.00 3.00 107.77
509.00 516.00 1.00 1.00 92.60
452.00 184.00 1.00 3.00 194.05
493.00 91.00 1.00 2.00 151.35
508.00 496.00 1.00 5.00 151.28
434.00 236.00 0.00 5.00 154.94
507.00 213.00 0.00 5.00 154.93
495.00 216.00 0.00 1.00 198.47
286.00 333.00 0.00 4.00 78.76
273.00 513.00 1.00 5.00 181.57
516.00 459.00 1.00 5.00 191.42
500.00 116.00 0.00 4.00 185.41
132.00 488.00 0.00 1.00 174.76
507.00 295.00 0.00 3.00 103.46
420.00 385.00 1.00 5.00 32.19
470.00 28.00 0.00 3.00 122.20
513.00 493.00 1.00 2.00 56.98
512.00 506.00 1.00 3.00 32.34
486.00 512.00 0.00 5.00 30.35
98.00 164.00 0.00 2.00 73.51
501.00 517.00 1.00 5.00 185.96
488.00 514.00 1.00 1.00 67.75
504.00 490.00 0.00 1.00 152.23
505.00 351.00 0.00 3.00 38.89
495.00 135.00 1.00 5.00 107.06
399.00 507.00 0.00 5.00 113.99
494.00 377.00 0.00 1.00 144.92
503.00 510.00 0.00 3.00 187.52
296.00 235.00 1.00 4.00 59.68
133.00 497.00 0.00 2.00 45.48
185.00 482.00 0.00 1.00 163.59
84.00 338.00 0.00 5.00 40.69
318.00 28.00 1.00 3.00 82.30
465.00 0.00 0.00 3.00 140.24
330.00 404.00 1.00 3.00 42.61
384.00 87.00 0.00 3.00 37.20
175.00 507.00 1.00 3.00 47.02
505.00 114.00 1.00 2.00 54.88
138.00 326.00 1.00 5.00 137.30
496.00 507.00 0.00 2.00 85.23
514.00 325.00 1.00 1.00 116.49
376.00 29.00 0.00 1.00 94.13
277.00 402.00 0.00 4.00 93.73
297.00 489.00 1.00 2.00 74.01
505.00 391.00 0.00 2.00 101.78
1.00 371.00 0.00 4.00 184.51
494.00 507.00 1.00 5.00 46.80
494.00 499.00 1.00 1.00 170.25
490.00 515.00 1.00 3.00 127.14
311.00 494.00 0.00 3.00 77.82
490.00 513.00 0.00 2.00 107.32
54.00 462.00 1.00 5.00 176.12
500.00 493.00 1.00 5.00 98.87
498.00 54.00 1.00 2.00 48.67
187.00 492.00 0.00 5.00 140.75
143.00 512.00 1.00 3.00 33.39
241.00 391.00 0.00 2.00 111.72
495.00 502.00 0.00 5.00 111.65
282.00 512.00 1.00 3.00 119.61
317.00 90.00 0.00 3.00 44.81
510.00 493.00 0.00 2.00 173.46
504.00 497.00 0.00 4.00 167.65
511.00 493.00 0.00 5.00 154.90
91.00 515.00 1.00 1.00 92.66
491.00 380.00 0.00 1.00 182.10
497.00 258.00 1.00 1.00 179.69
517.00 173.00 1.00 4.00 85.59
512.00 498.00 1.00 4.00 34.17
510.00 159.00 1.00 3.00 158.97
507.00 439.00 1.00 4.00 88.47
425.00 495.00 1.00 1.00 34.21
115.00 513.00 0.00 3.00 166.40
487.00 387.00 0.00 4.00 138.26
502.00 486.00 1.00 4.00 70.10
502.00 494.00 1.00 4.00 193.49
512.00 501.00 0.00 3.00 56.53
76.00 381.00 1.00 2.00 89.56
105.00 487.00 0.00 5.00 195.23
371.00 281.00 0.00 4.00 74.80
362.00 499.00 0.00 5.00 130.44
16.00 96.00 0.00 3.00 46.59
490.00 44.00 0.00 2.00 155.58
13.00 491.00 0.00 3.00 76.06
486.00 90.00 1.00 4.00 194.68
487.00 410.00 1.00 5.00 186.99
25.00 55.00 1.00 5.00 151.28
506.00 491.00 1.00 2.00 185.48
493.00 261.00 1.00 4.00 191.53
109.00 247.00 1.00 1.00 129.49
488.00 498.00 1.00 3.00 144.02
482.00 487.00 0.00 1.00 35.49
306.00 489.00 0.00 1.00 54.58
497.00 514.00 0.00 3.00 155.50
497.00 199.00 0.00 4.00 156.81
505.00 171.00 1.00 4.00 138.33
516.00 499.00 1.00 2.00 155.29
502.00 123.00 1.00 5.00 197.90
3.00 509.00 1.00 1.00 150.44
487.00 497.00 1.00 3.00 148.52
489.00 499.00 1.00 5.00 178.47
250.00 513.00 1.00 3.00 156.45
497.00 507.00 1.00 1.00 195.68
493.00 216.00 0.00 5.00 117.16
403.00 490.00 0.00 1.00 52.07
506.00 516.00 1.00 2.00 39.31
495.00 236.00 1.00 1.00 53.11
11.00 513.00 1.00 2.00 175.34
82.00 498.00 0.00 1.00 84.10
455.00 340.00 0.00 1.00 139.01
488.00 514.00 0.00 3.00 72.74
492.00 504.00 0.00 2.00 115.48
363.00 497.00 0.00 5.00 65.29
273.00 4.00 0.00 4.00 136.19
157.00 508.00 1.00 3.00 165.84
509.00 517.00 0.00 1.00 190.62
26.00 493.00 0.00 5.00 141.02
509.00 501.00 0.00 1.00 101.20
254.00 353.00 0.00 5.00 147.93
494.00 517.00 0.00 4.00 33.50
138.00 491.00 0.00 1.00 64.83
480.00 277.00 1.00 4.00 80.91
150.00 495.00 1.00 5.00 154.33
490.00 90.00 1.00 5.00 155.48
511.00 378.00 1.00 2.00 107.74
264.00 38.00 0.00 2.00 186.71
515.00 252.00 0.00 5.00 147.48
465.00 215.00 0.00 1.00 44.26
188.00 111.00 0.00 4.00 137.29
139.00 22.00 0.00 5.00 119.29
409.00 503.00 0.00 5.00 133.53
116.00 492.00 0.00 3.00 113.07
516.00 507.00 0.00 5.00 119.80
492.00 365.00 1.00 3.00 85.28
488.00 504.00 0.00 1.00 60.73
363.00 125.00 1.00 1.00 194.70
514.00 504.00 1.00 2.00 137.51
498.00 477.00 0.00 3.00 195.51
270.00 498.00 1.00 4.00 138.14
351.00 16.00 0.00 2.00 143.50
497.00 282.00 0.00 5.00 145.34
507.00 495.00 1.00 3.00 113.00
500.00 369.00 1.00 2.00 177.22
367.00 514.00 0.00 2.00 135.65
233.00 32.00 1.00 3.00 67.25
23.00 513.00 0.00 5.00 160.19
517.00 497.00 1.00 5.00 43.43
487.00 497.00 1.00 3.00 149.39
506.00 493.00 0.00 1.00 98.00
492.00 162.00 1.00 2.00 195.12
210.00 496.00 1.00 4.00 145.61
493.00 177.00 1.00 3.00 99.91
361.00 503.00 0.00 3.00 91.98
457.00 512.00 1.00 4.00 189.89
244.00 384.00 0.00 5.00 173.64
507.00 498.00 1.00 3.00 57.57
490.00 497.00 0.00 4.00 115.66
510.00 376.00 0.00 4.00 158.83
402.00 516.00 0.00 5.00 97.43
353.00 33.00 1.00 5.00 73.04
498.00 492.00 0.00 4.00 149.10
7.00 30.00 1.00 4.00 105.66
491.00 116.00 1.00 4.00 100.37
488.00 240.00 0.00 5.00 189.11
297.00 487.00 1.00 3.00 115.92
424.00 191.00 1.00 3.00 136.31
193.00 493.00 0.00 4.00 114.77
507.00 37.00 0.00 2.00 118.15
507.00 512.00 1.00 2.00 66.96
504.00 104.00 0.00 1.00 119.13
497.00 505.00 1.00 1.00 169.71
96.00 496.00 1.00 2.00 79.42
489.00 275.00 1.00 3.00 198.22
499.00 504.00 1.00 2.00 44.10
488.00 508.00 1.00 4.00 182.36
489.00 309.00 0.00 5.00 51.37
441.00 495.00 1.00 4.00 95.20
44.00 0.00 1.00 2.00 101.56
9.00 313.00 0.00 4.00 42.62
512.00 281.00 1.00 4.00 199.15
491.00 517.00 0.00 4.00 118.11
0.00 496.00 0.00 3.00 161.72
87.00 499.00 1.00 1.00 89.52
398.00 493.00 0.00 5.00 168.39
