193.00 510.00 0.00 1.00 114.54
134.00 511.00 1.00 3.00 40.31
389.00 462.00 1.00 3.00 58.49
30.00 402.00 1.00 2.00 158.52
75.00 271.00 1.00 3.00 116.72
378.00 264.00 1.00 4.00 107.96
488.00 256.00 1.00 1.00 174.65
504.00 129.00 1.00 1.00 157.00
367.00 441.00 1.00 4.00 50.99
446.00 393.00 1.00 4.00 93.25
187.00 464.00 0.00 4.00 81.85
306.00 500.00 0.00 1.00 165.04
477.00 496.00 1.00 3.00 190.75
351.00 368.00 0.00 4.00 137.20
239.00 495.00 0.00 1.00 116.05
492.00 398.00 0.00 1.00 134.17
503.00 91.00 0.00 4.00 199.72
509.00 79.00 1.00 2.00 150.76
99.00 503.00 1.00 4.00 147.79
508.00 331.00 1.00 5.00 50.09
493.00 182.00 1.00 3.00 73.71
489.00 503.00 0.00 2.00 148.85
294.00 495.00 0.00 4.00 71.87
514.00 319.00 0.00 5.00 193.92
57.00 277.00 1.00 3.00 53.27
495.00 216.00 0.00 4.00 125.09
509.00 493.00 1.00 2.00 171.52
18.00 502.00 0.00 2.00 187.57
488.00 501.00 1.00 4.00 129.46
292.00 507.00 0.00 5.00 44.15
276.00 129.00 1.00 2.00 122.64
506.00 517.00 1.00 2.00 179.11
292.00 517.00 1.00 5.00 48.32
511.00 505.00 1.00 5.00 107.37
364.00 503.00 0.00 2.00 95.06
501.00 410.00 0.00 3.00 117.66
486.00 303.00 0.00 4.00 199.10
47.00 169.00 0.00 2.00 141.94
8.00 315.00 1.00 1.00 87.73
181.00 516.00 1.00 2.00 181.44
486.00 390.00 0.00 3.00 69.60
492.00 87.00 1.00 1.00 165.15
494.00 1.00 1.00 2.00 85.83
160.00 300.00 0.00 4.00 79.86
444.00 376.00 1.00 5.00 148.76
396.00 501.00 0.00 5.00 147.07
495.00 167.00 1.00 2.00 182.44
506.00 513.00 0.00 4.00 171.96
488.00 503.00 1.00 4.00 186.98
487.00 208.00 0.00 3.00 78.18
494.00 293.00 1.00 2.00 196.52
290.00 498.00 1.00 4.00 176.23
503.00 296.00 0.00 2.00 184.80
470.00 500.00 0.00 4.00 68.00
105.00 487.00 1.00 5.00 113.99
495.00 485.00 0.00 4.00 100.73
506.00 74.00 0.00 1.00 88.15
5.00 369.00 0.00 2.00 159.23
156.00 304.00 1.00 3.00 159.26
506.00 492.00 1.00 1.00 62.91
497.00 507.00 0.00 2.00 116.01
163.00 508.00 1.00 1.00 142.35
492.00 429.00 0.00 3.00 134.85
488.00 416.00 1.00 4.00 73.83
393.00 100.00 0.00 5.00 38.83
487.00 60.00 0.00 2.00 50.99
10.00 491.00 1.00 1.00 147.92
497.00 484.00 0.00 3.00 69.10
309.00 106.00 1.00 4.00 75.91
515.00 499.00 0.00 5.00 88.06
270.00 497.00 1.00 5.00 185.64
493.00 503.00 1.00 4.00 58.54
157.00 490.00 1.00 1.00 92.89
119.00 80.00 1.00 1.00 178.41
8.00 96.00 1.00 2.00 57.69
515.00 506.00 0.00 1.00 172.97
500.00 508.00 1.00 2.00 96.20
418.00 46.00 0.00 4.00 104.00
500.00 487.00 1.00 3.00 43.91
97.00 32.00 0.00 1.00 99.63
509.00 250.00 0.00 2.00 168.76
171.00 494.00 0.00 5.00 58.47
516.00 488.00 0.00 2.00 179.06
495.00 490.00 0.00 4.00 152.03
492.00 504.00 0.00 5.00 166.23
497.00 371.00 1.00 2.00 187.60
22.00 498.00 1.00 3.00 102.76
508.00 129.00 0.00 4.00 92.54
490.00 495.00 0.00 2.00 128.63
517.00 487.00 1.00 2.00 180.76
211.00 488.00 0.00 2.00 71.64
489.00 506.00 1.00 5.00 81.17
449.00 283.00 1.00 2.00 172.65
305.00 432.00 1.00 4.00 157.84
240.00 499.00 0.00 3.00 192.72
80.00 510.00 0.00 3.00 77.76
341.00 500.00 0.00 2.00 195.20
495.00 486.00 0.00 5.00 178.20
133.00 510.00 0.00 4.00 159.02
493.00 504.00 0.00 1.00 72.18
489.00 508.00 1.00 2.00 97.65
510.00 491.00 1.00 1.00 110.25
76.00 503.00 0.00 3.00 59.86
470.00 419.00 0.00 3.00 82.45
506.00 487.00 1.00 1.00 96.30
114.00 420.00 1.00 3.00 133.06
349.00 489.00 1.00 5.00 111.28
514.00 162.00 1.00 5.00 66.29
108.00 328.00 0.00 5.00 54.38
490.00 504.00 1.00 3.00 60.22
97.00 85.00 0.00 3.00 196.66
275.00 466.00 0.00 3.00 87.41
498.00 433.00 1.00 1.00 194.54
242.00 96.00 0.00 5.00 33.75
337.00 506.00 0.00 5.00 112.84
431.00 486.00 1.00 3.00 126.11
492.00 445.00 0.00 1.00 84.63
499.00 192.00 0.00 1.00 142.05
515.00 267.00 0.00 4.00 92.56
496.00 269.00 1.00 1.00 47.26
156.00 213.00 0.00 3.00 122.72
491.00 496.00 0.00 3.00 194.72
219.00 489.00 0.00 1.00 59.29
231.00 134.00 1.00 3.00 48.48
90.00 386.00 1.00 2.00 80.95
492.00 506.00 1.00 1.00 121.93
496.00 252.00 1.00 2.00 43.90
499.00 437.00 0.00 1.00 52.09
251.00 105.00 0.00 4.00 140.88
503.00 490.00 0.00 2.00 196.48
11.00 411.00 0.00 3.00 123.67
21.00 352.00 1.00 5.00 106.64
25.00 370.00 1.00 5.00 113.76
506.00 226.00 1.00 2.00 192.45
502.00 168.00 0.00 4.00 132.70
225.00 33.00 0.00 5.00 33.46
440.00 511.00 0.00 1.00 99.21
501.00 251.00 0.00 4.00 85.90
501.00 312.00 1.00 3.00 134.81
185.00 489.00 0.00 2.00 181.97
74.00 511.00 1.00 1.00 67.67
494.00 248.00 0.00 5.00 151.07
184.00 494.00 1.00 2.00 143.44
507.00 488.00 0.00 3.00 30.32
183.00 489.00 1.00 1.00 77.61
497.00 392.00 1.00 5.00 175.98
514.00 501.00 1.00 3.00 49.63
505.00 186.00 0.00 3.00 82.96
123.00 227.00 0.00 4.00 57.41
489.00 507.00 0.00 1.00 51.01
418.00 59.00 0.00 5.00 160.94
200.00 505.00 1.00 3.00 128.97
382.00 57.00 1.00 1.00 131.99
129.00 145.00 1.00 2.00 50.61
436.00 511.00 1.00 1.00 152.15
49.00 510.00 0.00 4.00 87.29
77.00 21.00 1.00 2.00 155.26
517.00 511.00 0.00 1.00 194.42
69.00 506.00 0.00 4.00 77.15
471.00 145.00 1.00 5.00 44.97
507.00 259.00 0.00 3.00 71.83
486.00 65.00 1.00 2.00 106.16
397.00 17.00 1.00 5.00 120.12
278.00 88.00 0.00 5.00 137.69
6.00 502.00 0.00 2.00 121.24
507.00 63.00 0.00 3.00 67.09
516.00 332.00 1.00 5.00 113.68
486.00 219.00 1.00 1.00 70.55
511.00 206.00 0.00 2.00 77.71
180.00 357.00 1.00 1.00 117.74
52.00 500.00 0.00 2.00 46.34
117.00 379.00 1.00 4.00 90.17
499.00 465.00 0.00 3.00 103.47
497.00 407.00 1.00 1.00 130.57
497.00 268.00 1.00 4.00 63.49
507.00 492.00 1.00 2.00 151.69
517.00 469.00 0.00 5.00 36.21
494.00 488.00 0.00 1.00 40.78
501.00 49.00 0.00 3.00 169.62
501.00 347.00 0.00 1.00 76.12
3.00 493.00 0.00 1.00 184.61
356.00 506.00 0.00 4.00 99.27
488.00 509.00 1.00 4.00 46.10
165.00 514.00 1.00 2.00 193.53
410.00 465.00 0.00 2.00 125.69
478.00 404.00 1.00 5.00 168.64
517.00 504.00 1.00 4.00 83.87
341.00 489.00 0.00 1.00 84.68
298.00 507.00 1.00 2.00 102.35
470.00 515.00 1.00 5.00 174.46
136.00 494.00 0.00 1.00 139.17
492.00 516.00 0.00 5.00 145.19
383.00 506.00 0.00 2.00 73.90
496.00 502.00 0.00 2.00 165.91
516.00 490.00 0.00 3.00 144.77
157.00 121.00 0.00 1.00 61.13
362.00 285.00 1.00 3.00 191.29
516.00 511.00 1.00 3.00 171.06
495.00 509.00 0.00 4.00 93.49
102.00 504.00 1.00 3.00 155.96
195.00 494.00 0.00 5.00 190.34
143.00 48.00 1.00 3.00 77.62
491.00 511.00 1.00 1.00 67.81
406.00 498.00 0.00 2.00 195.97
500.00 509.00 1.00 2.00 187.70
189.00 507.00 1.00 5.00 143.42
497.00 506.00 0.00 4.00 53.52
357.00 500.00 1.00 5.00 174.03
166.00 494.00 0.00 1.00 127.59
515.00 65.00 0.00 2.00 50.71
497.00 420.00 0.00 3.00 87.55
490.00 509.00 1.00 1.00 117.23
492.00 499.00 1.00 3.00 174.74
503.00 275.00 1.00 3.00 152.63
497.00 335.00 0.00 5.00 41.87
27.00 507.00 0.00 3.00 114.16
124.00 86.00 0.00 2.00 87.49
176.00 513.00 0.00 4.00 186.54
509.00 499.00 0.00 2.00 165.00
431.00 338.00 0.00 4.00 160.31
416.00 487.00 1.00 4.00 188.52
494.00 16.00 1.00 4.00 193.22
504.00 501.00 0.00 4.00 121.17
127.00 492.00 1.00 5.00 138.30
316.00 505.00 0.00 5.00 63.87
315.00 504.00 0.00 3.00 167.69
274.00 516.00 1.00 2.00 57.04
514.00 494.00 1.00 2.00 145.04
79.00 469.00 1.00 5.00 105.04
208.00 487.00 1.00 3.00 143.06
486.00 502.00 0.00 3.00 50.71
121.00 426.00 1.00 1.00 101.78
493.00 460.00 1.00 3.00 68.44
492.00 404.00 1.00 3.00 121.11
511.00 191.00 1.00 1.00 96.15
316.00 460.00 0.00 2.00 189.03
345.00 496.00 0.00 4.00 87.20
502.00 498.00 1.00 1.00 60.77
500.00 503.00 0.00 3.00 186.78
129.00 503.00 0.00 4.00 68.90
48.00 263.00 0.00 2.00 164.28
510.00 487.00 1.00 5.00 183.20
517.00 505.00 1.00 4.00 183.19
506.00 171.00 0.00 2.00 79.30
502.00 500.00 1.00 1.00 125.65
504.00 346.00 1.00 3.00 78.66
511.00 129.00 0.00 4.00 193.53
168.00 517.00 1.00 5.00 174.84
373.00 90.00 0.00 4.00 55.88
514.00 60.00 1.00 1.00 83.15
494.00 504.00 0.00 5.00 177.04
341.00 217.00 1.00 1.00 154.70
340.00 517.00 0.00 2.00 41.38
255.00 494.00 0.00 2.00 177.12
505.00 481.00 0.00 4.00 92.49
478.00 508.00 1.00 1.00 93.06
68.00 506.00 0.00 5.00 199.85
98.00 141.00 1.00 2.00 112.07
492.00 232.00 1.00 1.00 181.61
35.00 150.00 0.00 2.00 108.25
385.00 489.00 0.00 2.00 88.63
93.00 225.00 1.00 5.00 99.18
12.00 48.00 1.00 4.00 179.69
153.00 498.00 0.00 2.00 61.64
499.00 516.00 0.00 3.00 63.20
376.00 515.00 1.00 4.00 142.29
263.00 517.00 0.00 5.00 171.19
515.00 139.00 0.00 4.00 178.19
465.00 144.00 0.00 2.00 162.42
507.00 502.00 1.00 1.00 56.76
496.00 450.00 1.00 1.00 196.34
183.00 486.00 1.00 2.00 171.35
508.00 503.00 0.00 2.00 151.58
11.00 152.00 1.00 3.00 129.51
339.00 28.00 0.00 4.00 157.87
37.00 506.00 0.00 3.00 187.47
290.00 432.00 0.00 3.00 175.45
184.00 493.00 0.00 5.00 31.31
510.00 295.00 0.00 3.00 144.45
506.00 501.00 1.00 1.00 120.03
500.00 514.00 1.00 4.00 71.88
511.00 502.00 0.00 5.00 148.67
498.00 328.00 0.00 3.00 155.89
516.00 490.00 0.00 2.00 51.00
398.00 91.00 1.00 2.00 103.66
513.00 492.00 1.00 2.00 141.60
489.00 506.00 1.00 3.00 43.10
24.00 10.00 1.00 3.00 106.64
182.00 341.00 0.00 2.00 148.24
115.00 279.00 1.00 3.00 181.85
495.00 516.00 0.00 1.00 153.47
43.00 498.00 0.00 1.00 134.12
515.00 53.00 1.00 5.00 157.40
509.00 489.00 1.00 1.00 47.31
262.00 459.00 0.00 4.00 158.54
322.00 348.00 1.00 2.00 175.62
205.00 504.00 0.00 2.00 113.93
173.00 385.00 0.00 3.00 182.19
43.00 497.00 0.00 3.00 125.82
389.00 163.00 1.00 5.00 154.01
489.00 497.00 0.00 5.00 127.59
503.00 426.00 1.00 5.00 66.24
492.00 325.00 1.00 4.00 123.86
321.00 79.00 0.00 1.00 152.74
493.00 487.00 1.00 1.00 90.85
489.00 505.00 0.00 3.00 153.87
409.00 510.00 1.00 3.00 89.39
494.00 271.00 1.00 3.00 71.56
434.00 309.00 0.00 2.00 162.06
266.00 435.00 1.00 2.00 198.63
289.00 489.00 1.00 4.00 141.44
418.00 514.00 0.00 5.00 198.17
501.00 506.00 1.00 3.00 44.36
514.00 37.00 1.00 5.00 166.17
22.00 72.00 1.00 1.00 74.56
500.00 125.00 0.00 5.00 73.19
49.00 377.00 1.00 4.00 136.94
385.00 500.00 0.00 1.00 187.12
481.00 503.00 0.00 4.00 106.71
495.00 428.00 0.00 2.00 72.16
103.00 360.00 0.00 5.00 130.06
515.00 49.00 0.00 3.00 167.24
513.00 504.00 1.00 2.00 182.35
40.00 367.00 0.00 2.00 97.40
357.00 515.00 0.00 4.00 174.86
315.00 493.00 0.00 3.00 140.24
490.00 307.00 1.00 4.00 104.19
141.00 490.00 0.00 2.00 32.48
259.00 46.00 0.00 5.00 60.17
494.00 277.00 0.00 2.00 161.78
497.00 249.00 1.00 2.00 118.46
486.00 446.00 1.00 2.00 154.66
496.00 193.00 1.00 1.00 180.49
486.00 500.00 0.00 1.00 145.99
514.00 500.00 0.00 4.00 102.35
496.00 394.00 0.00 2.00 197.10
504.00 467.00 1.00 5.00 144.43
489.00 506.00 1.00 5.00 104.99
514.00 491.00 0.00 3.00 164.99
252.00 490.00 0.00 3.00 140.11
512.00 493.00 1.00 5.00 96.91
230.00 514.00 1.00 5.00 57.30
191.00 506.00 0.00 3.00 47.89
201.00 255.00 0.00 1.00 123.61
498.00 285.00 1.00 2.00 190.79
67.00 31.00 1.00 1.00 73.59
507.00 399.00 0.00 3.00 139.41
502.00 422.00 1.00 2.00 196.57
512.00 505.00 1.00 3.00 188.15
30.00 203.00 0.00 1.00 67.69
443.00 405.00 0.00 4.00 144.93
221.00 491.00 0.00 4.00 109.37
513.00 500.00 1.00 5.00 195.73
499.00 514.00 1.00 5.00 179.23
513.00 323.00 1.00 5.00 44.94
25.00 505.00 1.00 4.00 186.15
243.00 491.00 1.00 1.00 43.65
175.00 488.00 0.00 3.00 185.38
495.00 11.00 1.00 2.00 110.92
264.00 109.00 1.00 1.00 180.64
144.00 179.00 0.00 3.00 111.65
512.00 391.00 0.00 2.00 33.80
496.00 508.00 1.00 4.00 161.49
36.00 512.00 0.00 1.00 111.30
121.00 496.00 1.00 5.00 53.86
490.00 514.00 0.00 5.00 70.52
47.00 448.00 0.00 3.00 39.06
386.00 446.00 1.00 3.00 164.10
502.00 500.00 1.00 4.00 38.86
517.00 475.00 0.00 2.00 97.20
84.00 216.00 1.00 4.00 137.50
285.00 511.00 0.00 4.00 132.14
493.00 12.00 1.00 4.00 83.25
496.00 286.00 0.00 3.00 68.72
496.00 92.00 0.00 3.00 30.74
512.00 504.00 1.00 2.00 30.79
497.00 18.00 0.00 5.00 105.87
173.00 510.00 1.00 4.00 192.07
495.00 500.00 1.00 3.00 125.08
506.00 429.00 1.00 4.00 170.79
86.00 493.00 1.00 5.00 190.40
495.00 13.00 1.00 3.00 104.08
270.00 511.00 1.00 2.00 93.06
514.00 247.00 0.00 4.00 59.46
504.00 500.00 1.00 3.00 148.76
494.00 516.00 1.00 5.00 129.18
447.00 513.00 1.00 3.00 119.36
119.00 512.00 1.00 1.00 47.33
500.00 328.00 1.00 5.00 140.01
23.00 253.00 1.00 4.00 97.14
511.00 29.00 1.00 1.00 113.36
198.00 487.00 1.00 2.00 161.90
26.00 55.00 1.00 3.00 126.12
493.00 104.00 1.00 3.00 125.35
507.00 456.00 0.00 4.00 126.45
516.00 121.00 0.00 4.00 34.74
500.00 515.00 0.00 3.00 174.37
517.00 494.00 0.00 3.00 127.52
517.00 486.00 1.00 4.00 50.56
517.00 299.00 0.00 3.00 76.56
53.00 464.00 1.00 5.00 79.09
511.00 488.00 1.00 1.00 169.09
501.00 220.00 0.00 2.00 191.25
494.00 487.00 1.00 1.00 57.17
486.00 514.00 1.00 4.00 143.05
181.00 60.00 1.00 3.00 86.92
508.00 503.00 0.00 4.00 124.77
488.00 294.00 0.00 1.00 48.81
501.00 492.00 1.00 2.00 93.04
493.00 384.00 1.00 5.00 129.06
133.00 450.00 0.00 5.00 90.45
438.00 497.00 1.00 5.00 55.33
132.00 167.00 0.00 1.00 60.06
486.00 505.00 0.00 3.00 43.60
517.00 496.00 1.00 2.00 98.12
500.00 492.00 0.00 3.00 67.61
427.00 516.00 1.00 4.00 173.79
90.00 510.00 0.00 5.00 185.47
388.00 496.00 0.00 2.00 146.22
489.00 501.00 1.00 4.00 54.22
446.00 464.00 1.00 5.00 174.59
491.00 508.00 1.00 5.00 42.20
72.00 492.00 1.00 3.00 181.22
13.00 498.00 1.00 5.00 144.87
513.00 507.00 0.00 3.00 104.55
337.00 504.00 0.00 2.00 86.98
510.00 505.00 1.00 5.00 132.96
492.00 277.00 0.00 5.00 177.95
429.00 498.00 0.00 1.00 139.25
501.00 251.00 0.00 2.00 153.37
59.00 511.00 1.00 4.00 79.73
516.00 488.00 0.00 1.00 81.11
371.00 497.00 0.00 3.00 128.82
513.00 222.00 0.00 1.00 53.12
489.00 505.00 0.00 4.00 193.52
346.00 486.00 1.00 2.00 138.34
502.00 513.00 1.00 5.00 92.88
474.00 505.00 1.00 5.00 84.15
496.00 437.00 0.00 4.00 148.80
513.00 274.00 0.00 4.00 130.02
235.00 225.00 0.00 5.00 151.91
103.00 2.00 1.00 4.00 68.35
49.00 497.00 0.00 5.00 68.96
492.00 503.00 0.00 4.00 125.10
375.00 281.00 0.00 4.00 93.06
513.00 131.00 0.00 1.00 134.21
516.00 184.00 0.00 2.00 41.83
292.00 504.00 1.00 4.00 99.67
227.00 509.00 0.00 3.00 88.10
497.00 515.00 0.00 5.00 165.22
327.00 299.00 1.00 1.00 163.85
69.00 114.00 1.00 2.00 80.51
489.00 359.00 1.00 4.00 55.85
512.00 421.00 1.00 4.00 105.05
133.00 363.00 1.00 1.00 99.74
242.00 508.00 1.00 4.00 94.19
338.00 496.00 0.00 3.00 65.41
259.00 486.00 1.00 3.00 159.13
511.00 299.00 1.00 2.00 139.97
501.00 510.00 0.00 4.00 57.14
499.00 109.00 1.00 4.00 69.77
509.00 109.00 0.00 5.00 71.95
496.00 489.00 0.00 4.00 120.02
517.00 172.00 0.00 2.00 113.36
246.00 507.00 1.00 1.00 36.38
500.00 489.00 0.00 1.00 99.79
493.00 514.00 1.00 4.00 48.21
254.00 513.00 1.00 2.00 154.03
503.00 113.00 0.00 4.00 141.58
126.00 506.00 0.00 1.00 81.65
513.00 117.00 0.00 3.00 170.48
515.00 509.00 0.00 4.00 52.84
102.00 153.00 1.00 2.00 43.67
491.00 510.00 1.00 3.00 194.95
268.00 486.00 0.00 5.00 147.10
481.00 208.00 0.00 1.00 61.16
487.00 304.00 1.00 1.00 152.01
130.00 515.00 0.00 5.00 103.76
47.00 365.00 0.00 1.00 195.89
503.00 486.00 1.00 4.00 110.94
388.00 96.00 0.00 4.00 171.74
118.00 499.00 0.00 1.00 159.43
331.00 505.00 0.00 1.00 195.57
451.00 506.00 0.00 1.00 195.03
506.00 99.00 0.00 3.00 115.85
68.00 511.00 1.00 4.00 172.96
406.00 320.00 1.00 3.00 184.39
511.00 205.00 1.00 4.00 183.06
43.00 508.00 0.00 1.00 170.49
498.00 509.00 1.00 5.00 37.68
509.00 220.00 1.00 5.00 57.23
509.00 493.00 1.00 4.00 66.66
4.00 496.00 1.00 3.00 50.63
70.00 437.00 1.00 4.00 56.72
506.00 512.00 1.00 4.00 176.66
492.00 433.00 1.00 2.00 48.68
431.00 499.00 0.00 3.00 137.88
102.00 485.00 0.00 3.00 167.51
44.00 502.00 0.00 4.00 151.17
170.00 516.00 0.00 1.00 129.25
502.00 500.00 0.00 4.00 49.76
114.00 404.00 0.00 1.00 89.13
478.00 512.00 1.00 4.00 59.28
363.00 371.00 1.00 1.00 128.97
516.00 176.00 0.00 3.00 169.84
516.00 413.00 1.00 4.00 117.01
487.00 374.00 1.00 5.00 162.45
505.00 141.00 1.00 2.00 53.49
250.00 512.00 1.00 1.00 99.31
356.00 139.00 1.00 4.00 45.39
494.00 476.00 0.00 3.00 191.50
234.00 241.00 0.00 2.00 115.22
195.00 4.00 1.00 2.00 155.46
313.00 10.00 1.00 5.00 139.82
200.00 508.00 1.00 4.00 113.08
408.00 116.00 1.00 5.00 174.12
490.00 517.00 0.00 5.00 95.99
511.00 500.00 1.00 2.00 140.72
313.00 488.00 1.00 3.00 68.20
369.00 492.00 0.00 2.00 86.65
513.00 490.00 1.00 1.00 176.65
499.00 494.00 1.00 5.00 162.93
510.00 501.00 0.00 4.00 66.83
288.00 0.00 0.00 2.00 36.53
498.00 503.00 0.00 3.00 46.47
499.00 381.00 0.00 2.00 142.86
498.00 509.00 0.00 5.00 55.46
508.00 251.00 0.00 4.00 180.90
497.00 516.00 1.00 3.00 139.26
126.00 497.00 0.00 3.00 162.15
499.00 459.00 0.00 5.00 149.56
499.00 164.00 0.00 1.00 190.37
516.00 280.00 0.00 3.00 44.25
498.00 176.00 0.00 4.00 72.43
131.00 226.00 0.00 4.00 50.50
500.00 395.00 1.00 4.00 110.76
6.00 486.00 1.00 1.00 108.62
505.00 501.00 0.00 4.00 87.98
494.00 505.00 0.00 2.00 86.25
514.00 469.00 0.00 5.00 176.76
412.00 493.00 1.00 2.00 151.54
141.00 129.00 1.00 2.00 97.72
513.00 495.00 1.00 1.00 64.68
496.00 487.00 0.00 1.00 178.72
447.00 505.00 0.00 5.00 192.81
33.00 507.00 0.00 3.00 94.95
491.00 515.00 1.00 2.00 176.59
497.00 516.00 0.00 3.00 70.89
285.00 500.00 1.00 4.00 74.45
123.00 70.00 0.00 3.00 60.04
488.00 497.00 0.00 1.00 36.36
309.00 131.00 0.00 1.00 89.33
319.00 151.00 1.00 4.00 191.17
500.00 473.00 0.00 4.00 184.08
76.00 438.00 0.00 3.00 182.59
513.00 205.00 1.00 4.00 70.74
195.00 502.00 1.00 5.00 173.12
9.00 501.00 0.00 1.00 145.14
336.00 80.00 1.00 1.00 56.35
82.00 147.00 0.00 5.00 49.87
516.00 113.00 0.00 4.00 198.12
161.00 507.00 1.00 1.00 131.11
405.00 517.00 0.00 1.00 130.93
46.00 155.00 0.00 2.00 118.16
493.00 294.00 1.00 2.00 187.45
232.00 464.00 0.00 1.00 192.42
373.00 495.00 1.00 4.00 179.66
100.00 492.00 0.00 4.00 89.98
506.00 492.00 1.00 2.00 199.26
503.00 467.00 0.00 1.00 100.23
497.00 506.00 0.00 1.00 128.34
510.00 423.00 1.00 3.00 187.77
43.00 503.00 1.00 1.00 173.73
517.00 502.00 0.00 5.00 47.64
113.00 214.00 0.00 5.00 161.20
337.00 507.00 1.00 3.00 139.95
517.00 36.00 0.00 4.00 60.01
484.00 190.00 1.00 2.00 169.11
504.00 514.00 1.00 3.00 146.04
497.00 508.00 1.00 1.00 88.97
511.00 336.00 1.00 2.00 162.03
428.00 499.00 1.00 3.00 189.58
155.00 427.00 0.00 1.00 69.96
260.00 208.00 0.00 2.00 89.54
498.00 516.00 0.00 3.00 157.60
126.00 222.00 0.00 1.00 66.86
501.00 509.00 1.00 4.00 86.91
499.00 413.00 1.00 1.00 136.15
267.00 399.00 0.00 5.00 170.81
502.00 512.00 0.00 1.00 197.28
517.00 382.00 0.00 2.00 138.43
491.00 498.00 0.00 1.00 102.06
512.00 104.00 1.00 1.00 164.09
165.00 498.00 1.00 5.00 105.13
452.00 486.00 0.00 3.00 138.10
193.00 497.00 0.00 3.00 155.29
492.00 514.00 0.00 1.00 53.75
487.00 497.00 1.00 2.00 169.13
334.00 424.00 0.00 4.00 182.98
469.00 160.00 1.00 2.00 128.83
243.00 397.00 0.00 5.00 98.47
36.00 516.00 0.00 4.00 73.17
2.00 497.00 1.00 1.00 39.75
31.00 420.00 1.00 4.00 63.23
494.00 417.00 1.00 3.00 99.72
429.00 244.00 0.00 4.00 59.74
37.00 506.00 0.00 1.00 146.67
490.00 517.00 0.00 2.00 141.94
316.00 393.00 1.00 2.00 68.49
490.00 513.00 1.00 1.00 69.88
209.00 332.00 0.00 1.00 136.09
449.00 348.00 1.00 5.00 163.88
486.00 492.00 0.00 1.00 104.10
147.00 487.00 0.00 3.00 115.74
61.00 495.00 0.00 4.00 36.96
158.00 179.00 1.00 1.00 116.56
286.00 499.00 0.00 5.00 107.24
511.00 492.00 0.00 3.00 81.80
489.00 517.00 0.00 1.00 126.11
497.00 35.00 0.00 5.00 68.15
449.00 309.00 0.00 1.00 136.97
145.00 45.00 1.00 2.00 186.12
91.00 511.00 0.00 4.00 38.52
453.00 402.00 1.00 3.00 84.16
504.00 517.00 0.00 3.00 137.76
516.00 37.00 1.00 3.00 88.54
346.00 168.00 1.00 1.00 81.43
467.00 504.00 1.00 2.00 66.44
243.00 2.00 1.00 3.00 158.40
497.00 511.00 1.00 4.00 110.94
507.00 486.00 0.00 2.00 40.32
515.00 391.00 1.00 5.00 131.54
29.00 285.00 1.00 2.00 123.20
511.00 437.00 0.00 2.00 133.75
12.00 143.00 1.00 1.00 113.31
501.00 514.00 1.00 4.00 176.13
516.00 329.00 0.00 4.00 40.94
496.00 506.00 0.00 5.00 135.40
358.00 45.00 1.00 4.00 113.97
307.00 512.00 0.00 3.00 138.11
257.00 461.00 1.00 2.00 120.07
513.00 398.00 0.00 2.00 45.84
422.00 264.00 0.00 4.00 51.97
496.00 401.00 0.00 4.00 74.57
491.00 113.00 0.00 4.00 120.74
510.00 62.00 0.00 5.00 94.31
415.00 511.00 1.00 4.00 176.66
503.00 406.00 1.00 3.00 96.84
123.00 153.00 1.00 3.00 138.45
278.00 362.00 0.00 4.00 125.40
392.00 476.00 1.00 3.00 59.52
501.00 516.00 1.00 4.00 46.12
354.00 507.00 1.00 2.00 149.94
511.00 497.00 0.00 1.00 36.15
502.00 174.00 0.00 2.00 65.54
495.00 433.00 1.00 2.00 104.36
486.00 458.00 0.00 3.00 139.27
352.00 517.00 1.00 3.00 62.68
501.00 506.00 0.00 5.00 34.15
511.00 494.00 1.00 4.00 89.39
458.00 517.00 0.00 4.00 70.55
497.00 504.00 1.00 2.00 31.22
514.00 329.00 1.00 3.00 199.20
496.00 506.00 1.00 1.00 72.38
104.00 313.00 1.00 4.00 50.14
271.00 497.00 0.00 1.00 151.41
400.00 496.00 0.00 4.00 71.11
500.00 102.00 1.00 5.00 168.54
159.00 43.00 0.00 1.00 70.15
120.00 44.00 1.00 1.00 76.23
39.00 426.00 1.00 4.00 108.86
120.00 171.00 1.00 3.00 174.42
151.00 294.00 0.00 4.00 101.88
404.00 486.00 1.00 5.00 123.15
496.00 507.00 0.00 2.00 86.75
492.00 108.00 0.00 4.00 33.35
509.00 142.00 0.00 3.00 109.49
174.00 504.00 1.00 3.00 75.83
393.00 502.00 1.00 4.00 154.08
392.00 486.00 0.00 1.00 48.57
255.00 500.00 1.00 4.00 81.04
384.00 242.00 0.00 4.00 84.54
379.00 500.00 0.00 3.00 193.79
22.00 317.00 0.00 1.00 110.55
516.00 489.00 1.00 3.00 199.54
367.00 485.00 0.00 5.00 100.27
138.00 493.00 0.00 3.00 107.04
259.00 294.00 1.00 2.00 107.30
499.00 492.00 1.00 1.00 182.61
492.00 15.00 1.00 2.00 37.45
153.00 259.00 1.00 1.00 178.20
34.00 187.00 1.00 5.00 148.91
187.00 300.00 0.00 5.00 181.56
69.00 118.00 1.00 3.00 37.43
388.00 487.00 0.00 4.00 100.57
82.00 517.00 1.00 1.00 194.16
227.00 504.00 1.00 3.00 196.81
447.00 20.00 1.00 3.00 44.57
346.00 29.00 0.00 1.00 57.25
247.00 512.00 0.00 1.00 78.34
514.00 350.00 0.00 5.00 75.67
508.00 486.00 0.00 3.00 162.35
517.00 494.00 1.00 5.00 101.20
508.00 314.00 0.00 5.00 40.12
506.00 511.00 0.00 3.00 100.83
272.00 507.00 1.00 2.00 40.07
509.00 501.00 1.00 5.00 66.00
111.00 493.00 0.00 2.00 40.37
201.00 2.00 0.00 2.00 131.37
54.00 97.00 0.00 2.00 135.96
508.00 516.00 0.00 1.00 100.32
307.00 411.00 0.00 5.00 141.49
80.00 285.00 0.00 1.00 179.50
498.00 239.00 0.00 3.00 152.69
200.00 497.00 0.00 4.00 155.42
496.00 512.00 0.00 5.00 114.64
48.00 60.00 0.00 5.00 70.53
401.00 134.00 0.00 5.00 63.74
360.00 488.00 0.00 3.00 33.84
483.00 495.00 1.00 5.00 65.73
491.00 501.00 0.00 2.00 125.60
281.00 504.00 1.00 5.00 45.71
494.00 517.00 0.00 2.00 43.67
139.00 103.00 0.00 5.00 127.50
491.00 509.00 0.00 2.00 87.42
511.00 73.00 1.00 1.00 194.47
508.00 496.00 1.00 2.00 191.73
415.00 3.00 1.00 1.00 46.71
213.00 504.00 0.00 4.00 108.05
59.00 461.00 0.00 2.00 84.41
515.00 503.00 0.00 3.00 140.72
498.00 136.00 1.00 1.00 111.60
512.00 395.00 0.00 3.00 162.41
252.00 183.00 0.00 3.00 158.79
509.00 514.00 0.00 5.00 177.13
505.00 10.00 0.00 4.00 139.50
282.00 490.00 0.00 5.00 87.07
86.00 203.00 1.00 3.00 157.41
499.00 493.00 1.00 1.00 53.11
281.00 433.00 1.00 3.00 182.28
333.00 452.00 1.00 1.00 166.16
451.00 398.00 1.00 2.00 182.75
269.00 354.00 1.00 4.00 55.88
516.00 507.00 1.00 1.00 156.62
513.00 2.00 0.00 5.00 96.44
213.00 494.00 0.00 3.00 195.84
279.00 513.00 1.00 1.00 131.28
486.00 504.00 0.00 5.00 105.09
506.00 501.00 1.00 5.00 96.56
428.00 516.00 0.00 4.00 50.58
505.00 163.00 0.00 3.00 68.18
46.00 496.00 1.00 4.00 92.07
198.00 255.00 1.00 3.00 193.71
503.00 508.00 0.00 3.00 111.21
491.00 513.00 0.00 3.00 116.74
350.00 131.00 0.00 4.00 83.09
513.00 285.00 0.00 1.00 68.23
331.00 120.00 1.00 4.00 48.35
503.00 472.00 0.00 2.00 93.63
232.00 501.00 0.00 2.00 69.99
376.00 501.00 0.00 2.00 177.44
486.00 505.00 0.00 2.00 123.77
512.00 489.00 0.00 5.00 108.57
102.00 53.00 1.00 3.00 165.71
501.00 121.00 1.00 5.00 87.31
508.00 120.00 0.00 2.00 39.13
333.00 373.00 0.00 3.00 36.55
514.00 16.00 1.00 1.00 176.18
215.00 128.00 1.00 3.00 152.65
414.00 233.00 1.00 4.00 142.06
372.00 508.00 1.00 4.00 130.49
510.00 499.00 0.00 2.00 171.70
461.00 115.00 1.00 4.00 56.45
498.00 486.00 0.00 3.00 189.62
492.00 117.00 0.00 4.00 85.22
489.00 3.00 0.00 3.00 157.00
342.00 51.00 1.00 3.00 79.73
160.00 505.00 0.00 5.00 130.20
414.00 37.00 1.00 4.00 90.46
487.00 276.00 1.00 2.00 190.54
176.00 79.00 1.00 4.00 153.11
305.00 498.00 1.00 4.00 87.55
309.00 512.00 1.00 3.00 124.22
482.00 140.00 0.00 4.00 177.45
491.00 288.00 1.00 5.00 117.46
506.00 499.00 0.00 2.00 174.72
506.00 488.00 0.00 3.00 50.62
310.00 499.00 0.00 4.00 88.34
132.00 500.00 1.00 5.00 36.55
34.00 81.00 1.00 4.00 136.06
199.00 506.00 0.00 3.00 166.32
41.00 490.00 1.00 3.00 152.27
89.00 314.00 1.00 1.00 89.68
492.00 412.00 0.00 2.00 103.27
493.00 488.00 0.00 3.00 51.32
507.00 486.00 0.00 2.00 54.34
279.00 505.00 0.00 1.00 77.70
304.00 501.00 0.00 5.00 61.67
512.00 47.00 0.00 1.00 47.62
496.00 513.00 1.00 3.00 142.96
