508.00 501.00 1.00 3.00 30.16
331.00 516.00 0.00 2.00 164.63
500.00 507.00 0.00 4.00 198.25
491.00 486.00 1.00 5.00 152.13
359.00 508.00 0.00 3.00 93.10
510.00 489.00 0.00 2.00 150.39
235.00 512.00 1.00 1.00 136.48
486.00 500.00 1.00 1.00 146.49
494.00 512.00 1.00 2.00 156.94
504.00 42.00 1.00 4.00 131.85
396.00 503.00 0.00 5.00 30.49
476.00 497.00 1.00 3.00 145.93
17.00 59.00 1.00 3.00 115.10
247.00 91.00 0.00 2.00 52.78
509.00 491.00 1.00 4.00 175.26
458.00 401.00 1.00 1.00 197.45
385.00 496.00 0.00 1.00 40.94
440.00 28.00 0.00 5.00 53.67
488.00 406.00 0.00 1.00 193.46
60.00 365.00 1.00 2.00 100.81
210.00 44.00 1.00 1.00 113.62
494.00 166.00 1.00 4.00 75.30
504.00 104.00 1.00 5.00 59.82
506.00 498.00 1.00 2.00 145.05
330.00 416.00 0.00 4.00 93.47
513.00 500.00 0.00 4.00 173.46
507.00 293.00 1.00 3.00 169.05
242.00 281.00 0.00 1.00 198.43
503.00 297.00 1.00 2.00 40.69
336.00 250.00 1.00 1.00 199.87
490.00 508.00 1.00 2.00 99.06
478.00 285.00 0.00 4.00 50.76
486.00 511.00 1.00 2.00 157.91
324.00 60.00 1.00 3.00 147.55
488.00 510.00 0.00 1.00 98.59
511.00 108.00 1.00 3.00 177.81
345.00 306.00 1.00 4.00 79.15
420.00 258.00 1.00 3.00 89.26
489.00 110.00 0.00 4.00 83.93
486.00 493.00 0.00 1.00 187.65
511.00 74.00 1.00 3.00 117.65
43.00 503.00 0.00 2.00 120.96
464.00 454.00 1.00 4.00 54.94
195.00 351.00 1.00 1.00 36.95
14.00 512.00 1.00 1.00 195.62
495.00 511.00 1.00 2.00 60.65
514.00 468.00 0.00 2.00 134.31
501.00 18.00 1.00 4.00 85.94
515.00 394.00 0.00 3.00 174.64
501.00 107.00 1.00 4.00 43.79
51.00 29.00 0.00 3.00 161.61
504.00 487.00 0.00 4.00 84.51
386.00 500.00 1.00 5.00 141.24
514.00 287.00 0.00 1.00 157.78
440.00 487.00 0.00 1.00 34.72
97.00 490.00 1.00 5.00 76.69
495.00 31.00 1.00 4.00 164.21
515.00 499.00 1.00 5.00 163.84
498.00 414.00 1.00 4.00 180.34
143.00 443.00 0.00 1.00 189.91
474.00 490.00 0.00 2.00 74.32
486.00 14.00 1.00 1.00 166.11
257.00 87.00 1.00 5.00 181.36
516.00 248.00 0.00 3.00 90.85
147.00 117.00 1.00 1.00 164.16
279.00 307.00 1.00 3.00 76.09
502.00 202.00 1.00 5.00 182.27
508.00 114.00 1.00 3.00 46.46
151.00 498.00 1.00 3.00 79.37
474.00 501.00 0.00 5.00 173.23
509.00 49.00 1.00 2.00 99.78
277.00 487.00 1.00 2.00 88.05
11.00 338.00 1.00 4.00 103.36
275.00 390.00 1.00 4.00 145.01
344.00 503.00 0.00 2.00 185.58
53.00 199.00 1.00 2.00 121.43
424.00 372.00 1.00 5.00 90.36
195.00 49.00 1.00 2.00 119.09
256.00 490.00 0.00 3.00 198.17
298.00 487.00 1.00 3.00 154.68
493.00 504.00 1.00 1.00 173.91
500.00 509.00 1.00 2.00 126.53
365.00 271.00 1.00 5.00 150.48
314.00 159.00 1.00 4.00 106.49
443.00 368.00 1.00 2.00 186.97
359.00 141.00 1.00 5.00 188.46
495.00 258.00 1.00 1.00 168.29
509.00 186.00 1.00 5.00 132.09
149.00 510.00 0.00 3.00 82.04
293.00 487.00 0.00 4.00 102.80
487.00 503.00 0.00 1.00 95.26
503.00 349.00 0.00 3.00 131.84
516.00 493.00 0.00 3.00 137.39
495.00 517.00 1.00 4.00 176.56
29.00 140.00 0.00 1.00 138.80
141.00 486.00 0.00 2.00 31.37
511.00 467.00 1.00 2.00 81.64
487.00 364.00 0.00 2.00 149.86
492.00 2.00 0.00 3.00 132.24
502.00 500.00 0.00 1.00 160.26
511.00 488.00 1.00 1.00 182.16
202.00 49.00 1.00 5.00 87.49
500.00 492.00 1.00 2.00 184.50
378.00 517.00 1.00 4.00 142.94
86.00 513.00 1.00 1.00 34.12
386.00 1.00 1.00 1.00 121.24
253.00 467.00 0.00 4.00 114.72
64.00 293.00 0.00 2.00 197.09
501.00 314.00 1.00 3.00 103.35
6.00 495.00 0.00 4.00 70.16
279.00 403.00 1.00 1.00 93.38
330.00 182.00 1.00 5.00 154.36
489.00 368.00 1.00 3.00 181.39
42.00 497.00 1.00 5.00 115.69
410.00 494.00 0.00 3.00 126.98
513.00 489.00 0.00 3.00 34.54
508.00 22.00 0.00 3.00 180.76
516.00 326.00 1.00 5.00 158.40
502.00 390.00 0.00 5.00 155.25
495.00 490.00 1.00 4.00 130.30
205.00 509.00 0.00 1.00 52.75
515.00 247.00 1.00 5.00 199.05
200.00 29.00 1.00 1.00 123.61
107.00 408.00 1.00 3.00 116.27
517.00 497.00 0.00 5.00 45.55
97.00 45.00 1.00 1.00 95.74
48.00 517.00 0.00 3.00 172.23
210.00 488.00 0.00 2.00 131.52
514.00 504.00 1.00 4.00 184.33
90.00 424.00 1.00 5.00 86.87
186.00 489.00 0.00 3.00 98.76
429.00 496.00 1.00 1.00 89.55
120.00 486.00 0.00 3.00 128.38
503.00 349.00 1.00 5.00 34.30
348.00 508.00 1.00 3.00 119.17
515.00 149.00 1.00 1.00 63.52
510.00 490.00 0.00 3.00 146.87
506.00 498.00 1.00 2.00 198.62
89.00 511.00 1.00 1.00 73.31
497.00 149.00 0.00 1.00 69.22
513.00 261.00 1.00 2.00 104.29
310.00 362.00 1.00 4.00 157.64
516.00 505.00 1.00 3.00 125.88
324.00 482.00 0.00 2.00 113.01
490.00 503.00 1.00 3.00 55.15
503.00 281.00 1.00 1.00 114.93
225.00 451.00 1.00 5.00 53.81
506.00 429.00 1.00 3.00 198.39
491.00 486.00 0.00 4.00 136.57
513.00 506.00 1.00 1.00 177.79
371.00 387.00 0.00 3.00 63.72
363.00 507.00 1.00 2.00 163.41
514.00 283.00 0.00 3.00 57.74
354.00 517.00 1.00 3.00 58.19
415.00 517.00 1.00 5.00 167.93
429.00 491.00 1.00 4.00 116.33
508.00 312.00 1.00 4.00 62.89
510.00 416.00 0.00 4.00 68.52
501.00 467.00 0.00 4.00 91.96
250.00 128.00 1.00 3.00 138.92
494.00 511.00 1.00 1.00 94.46
505.00 517.00 1.00 1.00 65.77
36.00 55.00 1.00 2.00 131.73
261.00 496.00 0.00 1.00 113.61
151.00 94.00 1.00 1.00 154.60
513.00 508.00 0.00 5.00 184.90
503.00 499.00 0.00 3.00 136.39
487.00 503.00 1.00 4.00 32.68
286.00 135.00 0.00 4.00 136.38
496.00 508.00 0.00 1.00 157.94
515.00 44.00 0.00 1.00 156.86
503.00 380.00 1.00 2.00 97.80
491.00 507.00 1.00 4.00 99.21
495.00 488.00 1.00 2.00 118.66
490.00 476.00 1.00 4.00 63.43
120.00 331.00 0.00 5.00 197.80
507.00 411.00 1.00 5.00 105.62
514.00 506.00 0.00 5.00 195.43
476.00 268.00 1.00 4.00 119.69
489.00 512.00 0.00 4.00 129.67
199.00 68.00 1.00 4.00 146.08
499.00 507.00 1.00 4.00 140.33
260.00 482.00 0.00 5.00 90.85
344.00 16.00 0.00 4.00 92.73
495.00 486.00 1.00 2.00 111.30
289.00 492.00 1.00 2.00 193.69
219.00 490.00 0.00 4.00 78.75
194.00 273.00 0.00 1.00 47.07
513.00 501.00 0.00 5.00 142.57
488.00 442.00 0.00 5.00 112.47
487.00 126.00 1.00 5.00 116.75
468.00 509.00 1.00 2.00 184.10
498.00 493.00 0.00 4.00 170.74
488.00 125.00 0.00 2.00 42.76
515.00 508.00 0.00 3.00 190.37
10.00 517.00 1.00 3.00 80.08
171.00 506.00 1.00 1.00 164.95
332.00 50.00 0.00 1.00 192.31
487.00 31.00 0.00 3.00 94.00
499.00 226.00 0.00 4.00 73.10
488.00 297.00 1.00 3.00 193.17
333.00 488.00 0.00 5.00 183.41
426.00 430.00 1.00 4.00 59.21
117.00 273.00 0.00 5.00 174.57
414.00 491.00 0.00 4.00 138.69
199.00 450.00 1.00 5.00 98.69
399.00 515.00 0.00 2.00 56.86
505.00 331.00 0.00 5.00 36.67
489.00 497.00 0.00 4.00 39.02
490.00 507.00 0.00 3.00 78.28
418.00 501.00 1.00 1.00 129.18
90.00 479.00 0.00 1.00 45.49
423.00 5.00 0.00 4.00 126.91
97.00 340.00 1.00 1.00 121.33
201.00 508.00 0.00 3.00 78.85
20.00 437.00 0.00 2.00 90.35
509.00 497.00 0.00 3.00 108.48
301.00 388.00 1.00 4.00 74.05
498.00 517.00 1.00 3.00 181.90
504.00 517.00 0.00 3.00 159.01
84.00 496.00 0.00 1.00 146.27
358.00 505.00 1.00 4.00 118.07
169.00 44.00 0.00 5.00 98.46
489.00 303.00 0.00 2.00 55.83
254.00 124.00 1.00 5.00 196.74
58.00 39.00 1.00 3.00 52.35
331.00 512.00 0.00 1.00 112.21
497.00 30.00 1.00 2.00 100.32
2.00 496.00 1.00 4.00 89.89
517.00 491.00 1.00 5.00 190.45
269.00 499.00 1.00 2.00 168.23
496.00 386.00 0.00 5.00 44.21
303.00 487.00 1.00 1.00 176.40
313.00 514.00 0.00 1.00 177.66
492.00 515.00 0.00 5.00 77.57
395.00 497.00 0.00 2.00 68.90
497.00 511.00 1.00 5.00 58.09
32.00 516.00 1.00 1.00 107.67
91.00 121.00 0.00 4.00 175.77
211.00 482.00 1.00 3.00 166.18
517.00 489.00 1.00 2.00 82.02
92.00 502.00 0.00 2.00 79.13
382.00 15.00 0.00 5.00 52.98
473.00 503.00 1.00 1.00 153.70
500.00 507.00 1.00 5.00 57.83
471.00 514.00 1.00 4.00 137.62
496.00 343.00 0.00 5.00 82.46
494.00 506.00 0.00 4.00 126.60
515.00 501.00 0.00 5.00 108.09
491.00 222.00 0.00 3.00 195.44
399.00 73.00 0.00 1.00 53.71
502.00 490.00 0.00 2.00 187.15
510.00 37.00 1.00 3.00 196.96
294.00 508.00 0.00 3.00 186.96
42.00 506.00 0.00 1.00 178.03
498.00 516.00 0.00 5.00 86.20
417.00 513.00 0.00 1.00 166.74
513.00 54.00 1.00 2.00 99.07
516.00 322.00 0.00 1.00 51.70
498.00 336.00 0.00 5.00 162.59
270.00 513.00 0.00 2.00 189.97
493.00 501.00 1.00 5.00 162.88
495.00 404.00 0.00 5.00 116.48
122.00 432.00 0.00 5.00 154.01
507.00 107.00 0.00 2.00 50.90
497.00 487.00 0.00 4.00 90.08
490.00 148.00 1.00 3.00 125.12
89.00 16.00 1.00 3.00 62.48
277.00 515.00 0.00 3.00 190.78
265.00 329.00 0.00 2.00 192.36
506.00 500.00 1.00 3.00 82.32
154.00 503.00 0.00 1.00 108.45
490.00 504.00 0.00 1.00 166.74
491.00 486.00 1.00 3.00 43.22
517.00 506.00 0.00 3.00 168.73
174.00 435.00 0.00 4.00 161.41
212.00 514.00 0.00 3.00 145.16
492.00 428.00 1.00 1.00 58.13
511.00 497.00 1.00 3.00 117.60
390.00 5.00 0.00 2.00 85.10
94.00 287.00 1.00 2.00 65.59
491.00 119.00 0.00 2.00 30.52
155.00 504.00 1.00 3.00 174.48
16.00 502.00 1.00 4.00 192.07
209.00 489.00 0.00 1.00 69.29
283.00 505.00 0.00 5.00 39.87
486.00 503.00 1.00 5.00 116.23
390.00 57.00 0.00 2.00 68.40
491.00 14.00 0.00 3.00 179.86
219.00 257.00 0.00 4.00 191.44
257.00 286.00 1.00 2.00 95.90
490.00 498.00 0.00 3.00 32.17
503.00 366.00 0.00 4.00 188.86
307.00 489.00 0.00 5.00 62.03
507.00 494.00 0.00 3.00 189.44
355.00 512.00 1.00 1.00 136.76
393.00 70.00 1.00 2.00 168.09
253.00 489.00 1.00 3.00 51.98
465.00 514.00 0.00 3.00 144.18
292.00 516.00 0.00 1.00 31.64
492.00 383.00 1.00 2.00 174.31
495.00 502.00 0.00 3.00 64.48
480.00 261.00 0.00 4.00 111.64
498.00 487.00 1.00 3.00 141.36
267.00 288.00 1.00 5.00 108.57
180.00 487.00 0.00 5.00 56.60
493.00 507.00 1.00 1.00 52.98
433.00 503.00 1.00 2.00 36.25
132.00 487.00 0.00 3.00 116.51
488.00 503.00 0.00 3.00 39.94
271.00 80.00 1.00 2.00 109.41
511.00 425.00 1.00 4.00 179.15
510.00 499.00 0.00 2.00 139.20
490.00 120.00 1.00 3.00 179.18
509.00 405.00 1.00 5.00 160.63
255.00 140.00 0.00 1.00 40.43
517.00 42.00 1.00 4.00 132.44
517.00 500.00 0.00 4.00 180.75
501.00 425.00 1.00 1.00 107.66
499.00 185.00 1.00 3.00 44.78
489.00 495.00 1.00 1.00 155.83
492.00 516.00 1.00 4.00 80.34
106.00 490.00 1.00 1.00 89.43
509.00 268.00 0.00 4.00 51.45
472.00 490.00 1.00 5.00 96.36
373.00 492.00 0.00 5.00 83.04
490.00 41.00 1.00 4.00 149.58
487.00 25.00 0.00 1.00 129.99
36.00 500.00 1.00 1.00 144.44
288.00 238.00 0.00 3.00 42.37
18.00 517.00 0.00 1.00 91.08
515.00 496.00 0.00 2.00 137.36
469.00 159.00 1.00 2.00 85.92
455.00 515.00 1.00 3.00 178.59
438.00 488.00 1.00 4.00 131.89
494.00 501.00 1.00 5.00 123.58
486.00 83.00 1.00 5.00 109.58
508.00 488.00 0.00 1.00 90.35
511.00 412.00 0.00 2.00 51.64
387.00 56.00 1.00 3.00 152.15
317.00 142.00 1.00 2.00 62.42
37.00 393.00 1.00 1.00 143.84
364.00 495.00 0.00 5.00 145.64
54.00 499.00 0.00 2.00 174.97
494.00 500.00 1.00 5.00 47.56
516.00 505.00 1.00 1.00 170.08
2.00 327.00 0.00 3.00 163.09
230.00 262.00 0.00 2.00 196.99
496.00 210.00 0.00 3.00 124.71
82.00 136.00 1.00 4.00 128.13
266.00 168.00 0.00 3.00 99.07
505.00 494.00 0.00 2.00 131.08
404.00 440.00 1.00 4.00 181.57
486.00 178.00 0.00 4.00 171.02
1.00 493.00 1.00 1.00 49.85
509.00 429.00 1.00 4.00 73.48
514.00 200.00 0.00 3.00 111.99
99.00 184.00 1.00 5.00 75.14
464.00 492.00 0.00 1.00 57.39
32.00 453.00 0.00 4.00 30.29
513.00 38.00 0.00 2.00 133.22
514.00 493.00 0.00 5.00 194.77
505.00 510.00 1.00 3.00 34.31
513.00 506.00 0.00 3.00 74.42
503.00 488.00 1.00 3.00 197.09
199.00 177.00 0.00 4.00 78.81
38.00 508.00 1.00 2.00 159.63
503.00 486.00 0.00 2.00 165.83
370.00 421.00 0.00 3.00 187.16
138.00 365.00 1.00 2.00 174.11
294.00 469.00 1.00 3.00 110.62
503.00 154.00 1.00 1.00 112.21
231.00 473.00 0.00 2.00 77.90
381.00 502.00 1.00 5.00 146.74
172.00 272.00 1.00 5.00 111.89
512.00 262.00 0.00 4.00 93.30
496.00 505.00 0.00 1.00 184.46
499.00 513.00 0.00 1.00 111.45
198.00 493.00 0.00 2.00 184.16
220.00 362.00 0.00 3.00 187.95
515.00 494.00 1.00 4.00 185.35
496.00 502.00 1.00 4.00 56.91
495.00 20.00 1.00 1.00 191.66
397.00 498.00 0.00 1.00 147.32
25.00 246.00 0.00 4.00 64.47
168.00 506.00 1.00 3.00 31.30
165.00 116.00 0.00 1.00 88.20
497.00 39.00 0.00 3.00 145.83
501.00 305.00 0.00 4.00 190.48
459.00 269.00 0.00 5.00 156.80
491.00 291.00 1.00 4.00 63.86
508.00 490.00 1.00 3.00 129.03
501.00 507.00 0.00 2.00 30.21
100.00 318.00 0.00 1.00 140.30
504.00 486.00 0.00 3.00 67.67
4.00 489.00 0.00 4.00 149.24
490.00 499.00 0.00 2.00 188.20
191.00 512.00 0.00 4.00 151.01
488.00 498.00 1.00 4.00 98.63
498.00 81.00 0.00 5.00 60.28
311.00 513.00 0.00 2.00 134.86
488.00 496.00 0.00 4.00 196.86
516.00 497.00 1.00 4.00 111.90
37.00 95.00 0.00 3.00 168.95
429.00 198.00 0.00 3.00 153.75
315.00 199.00 0.00 5.00 167.72
489.00 35.00 0.00 5.00 68.21
438.00 497.00 1.00 3.00 170.53
509.00 499.00 0.00 3.00 44.95
37.00 501.00 0.00 3.00 124.08
108.00 491.00 1.00 3.00 192.13
495.00 511.00 1.00 3.00 89.01
161.00 495.00 0.00 1.00 152.24
514.00 403.00 1.00 5.00 163.11
514.00 52.00 0.00 2.00 173.20
110.00 486.00 1.00 3.00 86.74
501.00 482.00 1.00 2.00 34.23
488.00 514.00 0.00 1.00 124.21
280.00 192.00 0.00 3.00 152.72
135.00 43.00 0.00 3.00 116.82
511.00 498.00 0.00 5.00 65.10
106.00 512.00 1.00 2.00 74.41
477.00 512.00 0.00 5.00 185.93
217.00 504.00 1.00 5.00 179.69
500.00 195.00 0.00 3.00 38.88
370.00 490.00 0.00 3.00 42.71
501.00 272.00 0.00 3.00 47.89
490.00 357.00 1.00 4.00 126.97
115.00 497.00 1.00 1.00 66.71
123.00 501.00 1.00 3.00 155.35
391.00 511.00 0.00 3.00 70.67
485.00 486.00 0.00 2.00 149.33
511.00 444.00 1.00 3.00 143.08
211.00 156.00 1.00 4.00 122.90
230.00 272.00 0.00 4.00 169.07
486.00 21.00 1.00 4.00 75.00
517.00 272.00 0.00 1.00 50.02
506.00 492.00 0.00 2.00 156.79
500.00 505.00 1.00 1.00 39.87
504.00 498.00 1.00 1.00 111.36
517.00 113.00 1.00 5.00 53.28
193.00 367.00 0.00 4.00 80.19
488.00 504.00 1.00 2.00 69.66
174.00 97.00 1.00 1.00 47.29
317.00 441.00 1.00 3.00 117.27
248.00 499.00 1.00 5.00 150.66
65.00 503.00 1.00 3.00 89.28
503.00 218.00 0.00 3.00 135.59
339.00 513.00 1.00 1.00 38.81
157.00 314.00 1.00 5.00 111.84
489.00 511.00 1.00 4.00 31.82
74.00 514.00 0.00 1.00 36.83
305.00 515.00 0.00 4.00 123.71
184.00 35.00 1.00 3.00 124.54
280.00 510.00 0.00 2.00 126.54
248.00 253.00 0.00 4.00 70.45
503.00 175.00 1.00 5.00 182.16
381.00 190.00 1.00 5.00 162.97
209.00 501.00 0.00 1.00 92.57
513.00 243.00 0.00 4.00 119.30
503.00 462.00 0.00 1.00 53.57
497.00 192.00 1.00 5.00 111.69
515.00 497.00 0.00 2.00 65.89
105.00 302.00 0.00 4.00 107.09
300.00 507.00 1.00 3.00 143.69
193.00 497.00 1.00 5.00 65.71
496.00 509.00 0.00 4.00 100.06
152.00 492.00 0.00 4.00 38.27
226.00 424.00 0.00 3.00 59.81
374.00 80.00 0.00 3.00 185.37
504.00 487.00 0.00 5.00 175.03
319.00 514.00 0.00 2.00 104.47
496.00 86.00 0.00 5.00 64.13
258.00 490.00 0.00 1.00 158.44
513.00 403.00 0.00 4.00 120.70
473.00 42.00 0.00 1.00 145.76
499.00 505.00 1.00 2.00 36.00
296.00 492.00 1.00 2.00 32.98
334.00 505.00 1.00 2.00 192.45
493.00 257.00 1.00 5.00 83.86
465.00 494.00 1.00 3.00 172.23
495.00 410.00 0.00 2.00 43.07
184.00 90.00 0.00 4.00 72.76
492.00 339.00 0.00 5.00 119.18
505.00 488.00 0.00 3.00 94.41
506.00 498.00 1.00 2.00 153.05
362.00 411.00 0.00 2.00 186.35
127.00 12.00 0.00 3.00 161.75
510.00 495.00 1.00 2.00 140.29
267.00 496.00 0.00 2.00 169.77
510.00 504.00 1.00 2.00 40.55
491.00 299.00 0.00 5.00 50.11
242.00 150.00 0.00 3.00 146.33
99.00 226.00 1.00 1.00 140.32
186.00 509.00 1.00 4.00 154.52
513.00 499.00 0.00 1.00 183.10
177.00 488.00 0.00 5.00 159.30
505.00 500.00 0.00 5.00 183.69
6.00 488.00 0.00 4.00 192.38
497.00 400.00 0.00 1.00 60.59
436.00 493.00 1.00 4.00 147.85
365.00 497.00 1.00 1.00 65.14
489.00 514.00 1.00 3.00 132.76
517.00 506.00 1.00 1.00 64.55
237.00 489.00 1.00 1.00 135.93
495.00 487.00 0.00 3.00 56.91
78.00 424.00 1.00 5.00 83.53
510.00 432.00 0.00 2.00 107.12
486.00 327.00 1.00 5.00 193.82
509.00 494.00 0.00 4.00 153.51
511.00 490.00 0.00 4.00 124.89
491.00 514.00 1.00 2.00 60.26
147.00 493.00 0.00 5.00 82.95
513.00 500.00 0.00 2.00 83.16
517.00 5.00 0.00 4.00 68.76
115.00 343.00 0.00 1.00 115.57
508.00 498.00 1.00 3.00 110.19
142.00 488.00 1.00 3.00 148.06
516.00 503.00 0.00 3.00 155.51
514.00 509.00 0.00 1.00 55.44
498.00 194.00 1.00 1.00 103.30
163.00 116.00 1.00 1.00 106.44
513.00 189.00 1.00 3.00 108.37
473.00 250.00 0.00 3.00 120.91
517.00 493.00 0.00 4.00 128.00
128.00 493.00 0.00 1.00 123.73
513.00 492.00 1.00 1.00 98.27
387.00 506.00 1.00 1.00 166.96
497.00 141.00 1.00 1.00 79.92
350.00 49.00 1.00 5.00 192.28
249.00 470.00 0.00 3.00 87.35
279.00 509.00 1.00 1.00 58.38
516.00 250.00 0.00 5.00 69.51
501.00 514.00 1.00 4.00 49.48
40.00 495.00 0.00 1.00 87.26
146.00 506.00 0.00 5.00 99.55
276.00 27.00 0.00 4.00 127.15
351.00 260.00 1.00 4.00 150.90
510.00 516.00 1.00 1.00 43.51
140.00 247.00 1.00 5.00 99.08
507.00 502.00 0.00 1.00 119.20
509.00 487.00 0.00 3.00 167.67
415.00 512.00 0.00 1.00 110.12
494.00 153.00 1.00 3.00 95.77
156.00 509.00 1.00 1.00 95.48
501.00 490.00 0.00 2.00 67.52
506.00 491.00 1.00 3.00 182.12
251.00 172.00 0.00 1.00 175.36
491.00 515.00 0.00 2.00 147.44
493.00 245.00 0.00 1.00 173.84
116.00 111.00 1.00 4.00 38.57
516.00 465.00 1.00 5.00 94.82
28.00 502.00 0.00 4.00 163.87
216.00 513.00 0.00 4.00 96.33
503.00 183.00 1.00 4.00 40.16
22.00 91.00 1.00 1.00 75.61
34.00 496.00 0.00 5.00 131.40
502.00 516.00 0.00 2.00 97.31
30.00 496.00 1.00 5.00 55.68
189.00 485.00 0.00 4.00 114.11
436.00 487.00 1.00 3.00 159.07
516.00 322.00 0.00 1.00 182.32
493.00 499.00 0.00 5.00 54.98
494.00 196.00 1.00 1.00 129.76
498.00 212.00 0.00 2.00 182.41
492.00 240.00 1.00 2.00 41.13
416.00 377.00 0.00 2.00 159.57
517.00 512.00 0.00 3.00 136.13
493.00 504.00 0.00 3.00 104.84
143.00 492.00 0.00 4.00 115.15
62.00 513.00 0.00 5.00 79.81
494.00 294.00 0.00 4.00 50.55
467.00 490.00 1.00 2.00 120.57
149.00 493.00 1.00 4.00 186.46
431.00 497.00 0.00 2.00 88.46
491.00 321.00 0.00 2.00 129.50
492.00 516.00 1.00 3.00 138.42
33.00 509.00 0.00 1.00 178.81
492.00 504.00 0.00 1.00 132.08
495.00 490.00 1.00 4.00 90.76
512.00 345.00 1.00 1.00 79.48
56.00 380.00 0.00 1.00 91.98
505.00 314.00 1.00 3.00 175.03
490.00 416.00 0.00 2.00 164.99
503.00 484.00 1.00 1.00 100.15
510.00 354.00 1.00 3.00 74.92
495.00 513.00 0.00 3.00 58.78
309.00 215.00 1.00 1.00 78.79
106.00 496.00 0.00 1.00 63.13
496.00 504.00 0.00 5.00 92.79
284.00 374.00 0.00 4.00 37.37
362.00 507.00 0.00 4.00 165.32
496.00 463.00 0.00 3.00 51.25
500.00 97.00 0.00 3.00 70.58
504.00 317.00 1.00 3.00 101.89
283.00 492.00 1.00 3.00 153.79
502.00 350.00 0.00 3.00 119.80
493.00 231.00 0.00 5.00 51.17
240.00 287.00 1.00 5.00 148.70
501.00 187.00 0.00 5.00 49.75
500.00 145.00 1.00 2.00 83.16
500.00 133.00 0.00 2.00 116.39
492.00 509.00 0.00 1.00 39.50
139.00 509.00 1.00 5.00 33.76
23.00 517.00 1.00 5.00 182.38
190.00 512.00 1.00 2.00 80.81
31.00 338.00 1.00 4.00 168.09
301.00 420.00 0.00 4.00 77.86
504.00 110.00 1.00 1.00 133.38
512.00 147.00 0.00 2.00 101.45
515.00 495.00 0.00 1.00 89.77
78.00 500.00 1.00 2.00 45.47
229.00 217.00 0.00 3.00 83.89
497.00 225.00 0.00 2.00 197.87
273.00 515.00 1.00 3.00 153.40
303.00 233.00 1.00 5.00 135.42
501.00 371.00 0.00 3.00 181.10
510.00 489.00 1.00 2.00 143.40
34.00 506.00 1.00 3.00 135.80
437.00 288.00 0.00 1.00 81.95
337.00 488.00 0.00 2.00 132.98
503.00 124.00 0.00 1.00 47.82
511.00 324.00 0.00 4.00 50.87
137.00 371.00 0.00 4.00 99.27
429.00 515.00 1.00 3.00 117.89
154.00 509.00 0.00 1.00 187.51
156.00 488.00 1.00 4.00 43.71
511.00 492.00 1.00 1.00 193.53
191.00 27.00 1.00 4.00 109.05
135.00 511.00 1.00 3.00 48.35
517.00 497.00 0.00 3.00 57.25
510.00 279.00 0.00 2.00 193.38
373.00 494.00 0.00 3.00 76.44
510.00 502.00 1.00 4.00 176.97
200.00 499.00 0.00 1.00 148.41
489.00 248.00 1.00 1.00 82.99
394.00 85.00 0.00 1.00 122.02
431.00 270.00 1.00 5.00 152.38
96.00 28.00 0.00 3.00 196.64
510.00 80.00 1.00 2.00 168.01
492.00 435.00 1.00 4.00 38.93
472.00 492.00 0.00 4.00 38.22
36.00 434.00 1.00 1.00 74.31
285.00 208.00 0.00 2.00 42.91
323.00 446.00 0.00 4.00 61.13
32.00 326.00 1.00 5.00 150.60
68.00 316.00 0.00 4.00 110.50
216.00 505.00 0.00 1.00 196.46
172.00 128.00 1.00 5.00 92.36
445.00 496.00 0.00 3.00 126.50
359.00 403.00 0.00 5.00 107.63
278.00 512.00 1.00 3.00 193.85
506.00 199.00 0.00 3.00 67.27
132.00 490.00 1.00 5.00 181.68
514.00 91.00 0.00 3.00 49.37
517.00 239.00 0.00 5.00 129.54
234.00 458.00 1.00 2.00 49.33
513.00 51.00 0.00 1.00 145.68
480.00 495.00 1.00 2.00 119.91
509.00 151.00 0.00 2.00 195.58
117.00 430.00 0.00 5.00 174.18
491.00 227.00 1.00 5.00 39.57
492.00 303.00 1.00 4.00 116.86
491.00 503.00 0.00 4.00 49.65
508.00 494.00 1.00 3.00 189.60
336.00 358.00 0.00 1.00 70.64
41.00 498.00 0.00 1.00 96.86
284.00 352.00 1.00 3.00 166.31
20.00 5.00 0.00 3.00 66.13
12.00 224.00 0.00 5.00 76.44
327.00 491.00 1.00 5.00 45.24
212.00 506.00 1.00 3.00 115.40
471.00 502.00 1.00 5.00 31.12
494.00 505.00 1.00 2.00 194.96
299.00 486.00 1.00 1.00 59.71
494.00 516.00 1.00 5.00 60.11
92.00 256.00 1.00 1.00 142.44
501.00 35.00 1.00 1.00 170.51
495.00 288.00 1.00 4.00 141.40
509.00 477.00 0.00 1.00 154.19
490.00 382.00 1.00 4.00 155.54
516.00 505.00 0.00 5.00 118.07
296.00 306.00 0.00 4.00 58.26
497.00 202.00 1.00 3.00 61.33
486.00 494.00 1.00 2.00 174.65
511.00 502.00 1.00 3.00 114.76
501.00 467.00 1.00 5.00 133.04
41.00 354.00 1.00 1.00 160.43
286.00 35.00 0.00 5.00 192.41
496.00 156.00 1.00 2.00 51.78
494.00 332.00 0.00 3.00 93.89
160.00 483.00 0.00 4.00 140.17
498.00 515.00 0.00 1.00 52.92
309.00 456.00 1.00 5.00 107.75
267.00 222.00 0.00 1.00 143.77
112.00 422.00 1.00 5.00 134.53
304.00 498.00 0.00 1.00 33.98
503.00 498.00 1.00 5.00 109.89
179.00 513.00 1.00 2.00 74.87
495.00 516.00 1.00 1.00 96.31
51.00 388.00 1.00 1.00 82.11
108.00 503.00 0.00 2.00 119.55
194.00 501.00 1.00 5.00 144.85
63.00 340.00 0.00 1.00 92.40
449.00 514.00 0.00 4.00 100.80
452.00 248.00 0.00 2.00 187.20
126.00 344.00 0.00 1.00 45.20
333.00 439.00 1.00 5.00 146.07
253.00 300.00 0.00 3.00 129.25
219.00 489.00 1.00 3.00 189.58
187.00 242.00 0.00 4.00 61.63
515.00 299.00 0.00 5.00 102.73
517.00 511.00 1.00 4.00 84.74
496.00 487.00 1.00 1.00 85.94
334.00 15.00 0.00 5.00 75.69
33.00 515.00 0.00 1.00 101.69
490.00 514.00 1.00 3.00 176.10
454.00 421.00 0.00 5.00 182.32
249.00 492.00 1.00 5.00 128.34
411.00 490.00 1.00 5.00 43.97
112.00 391.00 1.00 5.00 54.92
44.00 362.00 1.00 1.00 42.62
55.00 80.00 1.00 4.00 93.84
375.00 284.00 1.00 1.00 42.03
291.00 492.00 0.00 5.00 95.84
502.00 493.00 0.00 3.00 84.57
496.00 488.00 0.00 1.00 127.18
513.00 499.00 1.00 2.00 40.97
329.00 377.00 1.00 2.00 176.97
510.00 500.00 0.00 2.00 190.65
490.00 500.00 0.00 1.00 101.86
306.00 503.00 0.00 5.00 123.80
491.00 456.00 1.00 3.00 36.52
504.00 394.00 1.00 1.00 107.76
425.00 326.00 1.00 1.00 181.44
489.00 66.00 0.00 4.00 180.45
510.00 75.00 0.00 2.00 91.23
512.00 305.00 1.00 1.00 62.49
516.00 255.00 1.00 1.00 65.83
499.00 367.00 0.00 4.00 127.43
224.00 511.00 1.00 5.00 179.80
501.00 99.00 1.00 2.00 163.87
274.00 501.00 0.00 4.00 75.49
327.00 501.00 0.00 5.00 126.95
480.00 339.00 0.00 1.00 140.54
490.00 369.00 0.00 5.00 119.79
437.00 486.00 0.00 3.00 178.35
148.00 193.00 0.00 5.00 174.52
510.00 501.00 1.00 4.00 31.77
509.00 375.00 0.00 2.00 43.52
512.00 497.00 1.00 5.00 67.87
20.00 486.00 1.00 1.00 30.56
508.00 12.00 0.00 1.00 160.83
494.00 293.00 1.00 2.00 186.35
496.00 84.00 1.00 3.00 48.13
278.00 505.00 1.00 1.00 93.37
511.00 422.00 1.00 1.00 85.64
259.00 49.00 1.00 2.00 81.59
503.00 333.00 1.00 3.00 182.23
241.00 497.00 1.00 5.00 36.27
272.00 233.00 0.00 4.00 74.45
508.00 498.00 0.00 4.00 162.35
486.00 505.00 0.00 5.00 145.28
489.00 502.00 0.00 2.00 51.67
486.00 405.00 0.00 1.00 66.11
175.00 301.00 0.00 1.00 39.77
351.00 125.00 1.00 1.00 87.58
499.00 487.00 1.00 3.00 131.24
511.00 232.00 0.00 3.00 59.52
269.00 498.00 1.00 1.00 42.98
507.00 23.00 1.00 5.00 199.75
471.00 282.00 1.00 4.00 68.07
498.00 493.00 0.00 1.00 99.38
507.00 486.00 0.00 3.00 196.02
107.00 504.00 1.00 3.00 155.65
488.00 502.00 1.00 2.00 138.23
73.00 164.00 1.00 3.00 127.44
515.00 498.00 0.00 2.00 43.87
499.00 323.00 1.00 5.00 100.47
345.00 330.00 0.00 1.00 153.02
499.00 402.00 0.00 2.00 72.54
99.00 491.00 0.00 1.00 166.57
486.00 264.00 1.00 1.00 173.16
505.00 498.00 0.00 3.00 110.91
508.00 338.00 0.00 5.00 57.25
503.00 33.00 1.00 2.00 129.28
160.00 313.00 0.00 5.00 54.35
486.00 498.00 0.00 2.00 118.57
212.00 493.00 1.00 3.00 63.42
205.00 34.00 0.00 1.00 116.07
512.00 491.00 1.00 1.00 45.63
516.00 511.00 1.00 5.00 128.06
108.00 504.00 1.00 5.00 197.00
448.00 231.00 0.00 4.00 134.62
380.00 173.00 1.00 3.00 48.81
73.00 502.00 1.00 4.00 112.47
501.00 492.00 0.00 5.00 154.61
487.00 473.00 1.00 3.00 186.02
517.00 205.00 1.00 2.00 114.04
168.00 51.00 0.00 3.00 97.66
417.00 221.00 1.00 1.00 38.38
488.00 503.00 0.00 5.00 77.26
513.00 502.00 0.00 1.00 175.71
515.00 448.00 1.00 1.00 116.03
57.00 127.00 0.00 5.00 77.52
352.00 487.00 0.00 2.00 134.49
67.00 387.00 0.00 2.00 74.85
36.00 493.00 1.00 2.00 175.41
512.00 504.00 0.00 2.00 45.88
512.00 491.00 0.00 5.00 176.32
486.00 117.00 0.00 3.00 198.89
511.00 404.00 1.00 5.00 45.27
512.00 24.00 1.00 3.00 67.75
496.00 513.00 0.00 5.00 66.54
273.00 507.00 1.00 4.00 93.32
510.00 492.00 0.00 5.00 77.99
270.00 505.00 1.00 4.00 143.06
68.00 186.00 0.00 5.00 34.71
486.00 167.00 0.00 2.00 161.00
39.00 318.00 1.00 2.00 31.71
500.00 486.00 1.00 3.00 176.79
130.00 486.00 0.00 2.00 172.54
511.00 503.00 1.00 2.00 143.88
497.00 505.00 1.00 4.00 63.92
517.00 493.00 0.00 5.00 55.79
188.00 497.00 0.00 1.00 118.43
83.00 264.00 1.00 2.00 115.09
304.00 501.00 1.00 4.00 119.92
503.00 238.00 1.00 3.00 35.91
468.00 509.00 0.00 1.00 146.10
399.00 517.00 0.00 1.00 82.09
180.00 500.00 0.00 5.00 102.34
355.00 489.00 0.00 2.00 66.59
501.00 27.00 1.00 3.00 77.30
509.00 376.00 0.00 1.00 59.14
391.00 517.00 0.00 4.00 90.92
515.00 506.00 1.00 3.00 46.87
221.00 121.00 1.00 3.00 66.58
408.00 497.00 0.00 3.00 31.31
504.00 492.00 1.00 2.00 175.95
501.00 253.00 1.00 3.00 180.48
488.00 511.00 1.00 5.00 106.89
79.00 336.00 0.00 1.00 133.24
333.00 513.00 0.00 4.00 132.82
516.00 56.00 1.00 2.00 88.85
505.00 493.00 0.00 3.00 58.06
328.00 488.00 1.00 1.00 193.04
508.00 23.00 1.00 2.00 96.85
113.00 451.00 0.00 5.00 77.87
253.00 230.00 1.00 2.00 185.94
