495.00 270.00 1.00 2.00 167.23
488.00 515.00 1.00 2.00 195.45
291.00 352.00 0.00 5.00 199.05
487.00 509.00 1.00 2.00 46.45
486.00 444.00 0.00 4.00 136.92
140.00 461.00 0.00 2.00 30.06
435.00 480.00 1.00 5.00 148.69
513.00 489.00 0.00 3.00 151.27
66.00 507.00 1.00 1.00 196.43
490.00 31.00 1.00 5.00 87.06
208.00 509.00 1.00 4.00 80.93
237.00 506.00 1.00 3.00 158.78
462.00 500.00 0.00 3.00 51.28
234.00 158.00 1.00 4.00 68.91
445.00 152.00 0.00 1.00 169.72
101.00 330.00 1.00 2.00 107.32
429.00 127.00 0.00 2.00 170.71
504.00 491.00 0.00 4.00 87.62
74.00 260.00 1.00 2.00 156.98
487.00 504.00 1.00 4.00 189.89
500.00 502.00 0.00 2.00 162.18
499.00 513.00 1.00 4.00 79.45
105.00 502.00 1.00 1.00 136.04
489.00 238.00 0.00 2.00 32.24
516.00 494.00 1.00 3.00 131.23
498.00 511.00 0.00 4.00 95.82
514.00 488.00 0.00 4.00 190.87
509.00 492.00 0.00 1.00 80.91
300.00 505.00 1.00 5.00 41.13
440.00 392.00 0.00 4.00 183.35
81.00 517.00 1.00 2.00 158.57
512.00 517.00 1.00 1.00 74.80
515.00 506.00 1.00 3.00 130.77
86.00 265.00 0.00 2.00 58.57
204.00 499.00 1.00 4.00 166.85
507.00 486.00 0.00 5.00 172.84
495.00 475.00 1.00 3.00 139.84
139.00 250.00 1.00 2.00 116.85
507.00 495.00 1.00 1.00 54.14
211.00 487.00 1.00 2.00 186.66
501.00 502.00 1.00 4.00 41.82
219.00 494.00 0.00 3.00 154.96
20.00 516.00 0.00 4.00 100.34
500.00 237.00 1.00 5.00 37.63
467.00 486.00 0.00 5.00 190.73
132.00 3.00 0.00 3.00 163.26
486.00 88.00 0.00 3.00 61.76
428.00 504.00 1.00 4.00 59.10
429.00 500.00 0.00 5.00 102.04
96.00 515.00 1.00 5.00 168.76
377.00 358.00 1.00 1.00 104.77
497.00 428.00 1.00 5.00 123.62
503.00 452.00 1.00 2.00 117.05
500.00 45.00 1.00 4.00 70.98
431.00 497.00 1.00 3.00 31.73
149.00 59.00 0.00 4.00 193.31
42.00 499.00 1.00 1.00 158.45
501.00 466.00 1.00 4.00 195.41
398.00 299.00 1.00 2.00 97.64
325.00 278.00 1.00 4.00 105.65
274.00 52.00 0.00 3.00 112.59
478.00 502.00 1.00 5.00 88.24
497.00 510.00 0.00 1.00 180.22
488.00 494.00 0.00 2.00 110.60
486.00 305.00 1.00 3.00 67.88
399.00 409.00 1.00 4.00 47.47
488.00 503.00 0.00 5.00 97.82
511.00 494.00 0.00 4.00 51.78
500.00 43.00 1.00 1.00 106.97
493.00 471.00 1.00 4.00 157.41
517.00 486.00 0.00 3.00 34.16
194.00 474.00 1.00 5.00 49.23
59.00 498.00 0.00 1.00 76.51
410.00 458.00 0.00 1.00 34.38
492.00 508.00 1.00 5.00 77.05
497.00 512.00 0.00 4.00 30.07
237.00 274.00 1.00 4.00 130.27
201.00 167.00 0.00 4.00 53.00
29.00 145.00 1.00 4.00 44.55
494.00 231.00 0.00 3.00 134.03
287.00 517.00 0.00 3.00 158.37
504.00 411.00 0.00 5.00 115.41
383.00 495.00 1.00 3.00 68.26
502.00 280.00 0.00 5.00 40.85
358.00 96.00 1.00 1.00 126.05
507.00 94.00 1.00 2.00 80.81
499.00 362.00 0.00 2.00 143.78
489.00 508.00 1.00 5.00 135.48
399.00 180.00 0.00 5.00 83.82
466.00 517.00 0.00 5.00 42.29
14.00 497.00 0.00 3.00 91.07
61.00 515.00 1.00 5.00 58.56
507.00 499.00 1.00 1.00 120.24
498.00 506.00 0.00 1.00 58.27
473.00 498.00 0.00 4.00 133.05
267.00 497.00 0.00 5.00 40.05
105.00 74.00 0.00 4.00 130.18
76.00 504.00 1.00 5.00 199.16
489.00 398.00 0.00 5.00 32.37
431.00 379.00 0.00 3.00 133.00
460.00 516.00 1.00 5.00 83.30
324.00 362.00 0.00 3.00 102.68
488.00 500.00 1.00 2.00 36.65
30.00 486.00 1.00 2.00 66.67
488.00 506.00 1.00 3.00 145.04
493.00 107.00 0.00 5.00 82.30
425.00 494.00 0.00 2.00 43.81
161.00 396.00 0.00 4.00 45.98
422.00 496.00 0.00 3.00 159.48
509.00 502.00 0.00 4.00 184.25
502.00 508.00 1.00 2.00 84.29
517.00 385.00 1.00 3.00 40.42
513.00 506.00 1.00 2.00 67.32
499.00 289.00 1.00 5.00 168.45
381.00 503.00 1.00 5.00 135.97
112.00 498.00 0.00 1.00 57.87
428.00 67.00 0.00 2.00 140.75
488.00 85.00 1.00 5.00 157.36
495.00 506.00 1.00 2.00 89.12
32.00 487.00 1.00 5.00 78.79
486.00 514.00 1.00 5.00 46.16
114.00 79.00 1.00 5.00 129.98
407.00 465.00 0.00 2.00 171.17
515.00 507.00 0.00 3.00 166.34
493.00 500.00 0.00 3.00 69.88
267.00 58.00 0.00 1.00 194.46
492.00 242.00 1.00 1.00 186.30
327.00 285.00 0.00 2.00 68.20
487.00 501.00 0.00 4.00 136.02
48.00 506.00 1.00 3.00 150.86
509.00 492.00 1.00 3.00 31.61
219.00 338.00 0.00 5.00 89.96
491.00 267.00 0.00 4.00 143.39
506.00 515.00 0.00 4.00 170.74
341.00 492.00 1.00 2.00 90.60
512.00 213.00 1.00 3.00 71.17
493.00 486.00 0.00 3.00 183.07
517.00 507.00 1.00 1.00 191.76
487.00 509.00 1.00 4.00 62.00
487.00 169.00 0.00 4.00 101.22
498.00 221.00 0.00 2.00 69.54
503.00 500.00 0.00 2.00 176.91
230.00 87.00 1.00 1.00 144.44
505.00 39.00 1.00 2.00 103.36
486.00 513.00 1.00 3.00 67.52
71.00 246.00 0.00 4.00 87.05
404.00 497.00 1.00 2.00 84.97
487.00 401.00 1.00 2.00 68.78
100.00 353.00 0.00 2.00 72.51
379.00 488.00 1.00 2.00 155.38
454.00 493.00 0.00 2.00 70.12
5.00 198.00 0.00 5.00 71.94
513.00 143.00 1.00 5.00 186.41
320.00 514.00 0.00 3.00 110.83
343.00 496.00 0.00 5.00 153.79
486.00 456.00 0.00 4.00 37.81
3.00 487.00 1.00 4.00 62.70
510.00 498.00 0.00 2.00 181.86
330.00 134.00 1.00 1.00 71.41
486.00 336.00 1.00 2.00 91.69
501.00 507.00 1.00 3.00 63.33
261.00 508.00 1.00 5.00 165.87
489.00 516.00 0.00 3.00 120.15
12.00 296.00 1.00 2.00 153.28
517.00 511.00 1.00 3.00 109.29
341.00 500.00 0.00 3.00 191.31
486.00 42.00 1.00 3.00 134.08
364.00 76.00 0.00 4.00 180.49
490.00 462.00 1.00 2.00 56.25
507.00 502.00 0.00 3.00 124.74
97.00 508.00 1.00 4.00 165.51
448.00 495.00 0.00 3.00 138.37
507.00 496.00 1.00 1.00 112.14
496.00 185.00 0.00 1.00 111.63
222.00 48.00 0.00 1.00 138.71
513.00 500.00 1.00 5.00 99.28
513.00 353.00 0.00 3.00 164.55
511.00 501.00 0.00 3.00 141.16
494.00 39.00 1.00 2.00 172.87
457.00 499.00 0.00 5.00 57.79
495.00 511.00 0.00 3.00 59.29
212.00 510.00 1.00 3.00 77.48
418.00 5.00 0.00 5.00 34.68
413.00 357.00 1.00 3.00 143.40
495.00 507.00 0.00 3.00 98.58
428.00 306.00 1.00 5.00 35.05
500.00 503.00 0.00 1.00 126.28
241.00 145.00 1.00 2.00 134.18
148.00 511.00 0.00 4.00 113.64
399.00 433.00 0.00 1.00 133.32
505.00 515.00 0.00 3.00 144.36
490.00 388.00 1.00 5.00 148.62
492.00 221.00 1.00 3.00 143.54
79.00 315.00 0.00 5.00 97.43
330.00 61.00 0.00 4.00 65.96
505.00 512.00 0.00 4.00 118.77
449.00 53.00 1.00 5.00 170.55
496.00 489.00 1.00 4.00 173.87
159.00 486.00 0.00 1.00 129.41
419.00 497.00 1.00 1.00 141.04
258.00 202.00 0.00 3.00 100.10
486.00 504.00 0.00 1.00 170.38
503.00 490.00 1.00 2.00 40.42
332.00 511.00 1.00 1.00 50.94
206.00 491.00 1.00 5.00 114.61
506.00 494.00 0.00 4.00 178.90
510.00 498.00 0.00 2.00 170.82
338.00 514.00 1.00 3.00 142.24
495.00 513.00 1.00 1.00 140.36
292.00 228.00 1.00 5.00 31.52
17.00 182.00 1.00 1.00 41.70
517.00 507.00 1.00 5.00 156.21
493.00 11.00 1.00 3.00 54.70
52.00 91.00 1.00 2.00 101.32
493.00 508.00 0.00 3.00 82.93
159.00 473.00 0.00 4.00 117.22
488.00 299.00 0.00 3.00 126.78
360.00 492.00 1.00 2.00 73.53
506.00 494.00 1.00 5.00 83.25
511.00 42.00 0.00 3.00 178.16
513.00 491.00 1.00 3.00 138.90
468.00 123.00 0.00 4.00 134.15
39.00 509.00 1.00 3.00 103.23
499.00 114.00 1.00 3.00 82.73
413.00 284.00 0.00 1.00 91.45
502.00 380.00 0.00 2.00 92.75
443.00 496.00 1.00 2.00 198.83
135.00 495.00 0.00 4.00 121.11
506.00 488.00 0.00 1.00 126.96
511.00 494.00 1.00 3.00 102.85
288.00 57.00 0.00 2.00 77.01
52.00 302.00 1.00 4.00 190.85
486.00 509.00 1.00 3.00 80.62
348.00 323.00 0.00 1.00 140.50
512.00 490.00 1.00 5.00 180.53
491.00 142.00 1.00 1.00 72.71
517.00 507.00 1.00 3.00 134.66
353.00 497.00 1.00 3.00 193.51
30.00 496.00 1.00 2.00 50.44
501.00 504.00 0.00 4.00 193.95
491.00 505.00 0.00 2.00 186.14
348.00 417.00 0.00 1.00 118.10
508.00 159.00 0.00 2.00 77.29
426.00 90.00 0.00 2.00 77.91
509.00 487.00 1.00 4.00 81.11
489.00 509.00 0.00 1.00 181.72
74.00 509.00 1.00 1.00 139.13
492.00 506.00 0.00 4.00 126.29
51.00 509.00 0.00 3.00 142.62
156.00 506.00 1.00 4.00 196.15
517.00 437.00 1.00 2.00 62.59
95.00 206.00 1.00 3.00 51.45
247.00 499.00 0.00 1.00 56.34
498.00 510.00 0.00 5.00 161.93
169.00 67.00 0.00 2.00 61.05
501.00 99.00 0.00 3.00 149.81
86.00 489.00 0.00 2.00 139.79
493.00 295.00 0.00 3.00 125.77
43.00 181.00 1.00 3.00 142.25
273.00 498.00 1.00 5.00 191.01
501.00 489.00 1.00 3.00 117.08
512.00 321.00 1.00 1.00 124.54
491.00 464.00 1.00 5.00 122.07
350.00 514.00 0.00 1.00 156.18
443.00 113.00 1.00 2.00 46.55
502.00 501.00 1.00 2.00 73.26
493.00 498.00 1.00 4.00 161.20
502.00 404.00 1.00 4.00 176.91
502.00 488.00 1.00 3.00 113.46
398.00 516.00 1.00 1.00 195.53
502.00 489.00 0.00 3.00 47.62
491.00 330.00 0.00 4.00 128.22
513.00 508.00 1.00 4.00 125.07
511.00 30.00 0.00 5.00 123.61
514.00 139.00 0.00 1.00 73.98
169.00 402.00 0.00 1.00 32.41
489.00 496.00 0.00 5.00 30.35
502.00 488.00 1.00 1.00 164.79
384.00 507.00 0.00 3.00 107.85
490.00 508.00 0.00 2.00 76.55
156.00 216.00 1.00 5.00 108.65
476.00 228.00 0.00 3.00 195.88
10.00 513.00 1.00 2.00 133.06
137.00 448.00 1.00 5.00 49.14
294.00 396.00 1.00 3.00 131.96
274.00 493.00 1.00 2.00 127.47
471.00 160.00 1.00 4.00 169.83
498.00 504.00 0.00 4.00 185.03
493.00 456.00 0.00 1.00 45.83
391.00 82.00 0.00 1.00 86.48
158.00 239.00 0.00 1.00 43.09
371.00 229.00 1.00 3.00 105.54
494.00 487.00 0.00 3.00 128.00
508.00 501.00 1.00 2.00 52.68
505.00 493.00 1.00 5.00 120.31
272.00 46.00 1.00 1.00 183.07
214.00 492.00 0.00 1.00 119.13
491.00 499.00 1.00 4.00 132.93
513.00 499.00 0.00 3.00 151.22
500.00 435.00 1.00 5.00 189.89
160.00 62.00 0.00 4.00 57.89
516.00 499.00 0.00 1.00 105.11
495.00 40.00 0.00 4.00 46.26
397.00 494.00 1.00 2.00 83.65
492.00 213.00 1.00 1.00 155.01
506.00 496.00 0.00 2.00 183.57
504.00 509.00 0.00 4.00 167.99
513.00 498.00 1.00 3.00 128.90
502.00 353.00 1.00 5.00 89.41
112.00 151.00 0.00 5.00 83.21
275.00 503.00 0.00 5.00 35.03
147.00 488.00 1.00 3.00 54.42
512.00 499.00 0.00 3.00 100.25
337.00 497.00 0.00 3.00 116.53
515.00 492.00 0.00 5.00 105.97
506.00 353.00 0.00 3.00 166.27
90.00 24.00 0.00 5.00 65.85
486.00 516.00 0.00 5.00 117.72
113.00 498.00 1.00 1.00 175.23
499.00 492.00 0.00 5.00 170.24
142.00 11.00 1.00 5.00 65.12
289.00 486.00 1.00 1.00 167.12
47.00 361.00 1.00 2.00 124.25
488.00 456.00 1.00 1.00 75.79
511.00 449.00 1.00 2.00 122.17
498.00 508.00 0.00 4.00 191.88
502.00 490.00 0.00 5.00 40.88
224.00 494.00 1.00 5.00 132.64
514.00 486.00 1.00 2.00 162.05
105.00 509.00 1.00 1.00 81.29
227.00 249.00 0.00 3.00 150.61
110.00 497.00 0.00 3.00 60.49
277.00 501.00 0.00 5.00 92.81
505.00 500.00 0.00 4.00 164.71
42.00 460.00 0.00 2.00 84.24
185.00 335.00 1.00 5.00 80.57
51.00 500.00 0.00 1.00 154.89
506.00 492.00 0.00 2.00 119.88
252.00 274.00 0.00 2.00 71.09
231.00 19.00 0.00 2.00 142.03
499.00 517.00 1.00 2.00 66.97
505.00 306.00 1.00 2.00 140.66
487.00 506.00 0.00 4.00 104.64
193.00 376.00 1.00 4.00 162.10
272.00 497.00 1.00 1.00 109.35
492.00 507.00 1.00 3.00 76.91
413.00 486.00 0.00 4.00 89.34
505.00 497.00 0.00 4.00 42.56
507.00 512.00 1.00 1.00 89.82
487.00 494.00 0.00 5.00 55.80
292.00 305.00 0.00 2.00 191.26
403.00 513.00 0.00 2.00 163.59
214.00 508.00 1.00 4.00 98.66
507.00 492.00 1.00 4.00 114.95
489.00 43.00 0.00 4.00 112.98
68.00 506.00 1.00 5.00 63.41
490.00 295.00 0.00 2.00 48.89
495.00 503.00 1.00 5.00 102.05
489.00 63.00 1.00 3.00 165.16
506.00 513.00 1.00 4.00 172.34
461.00 495.00 0.00 2.00 35.44
286.00 512.00 1.00 2.00 177.56
503.00 343.00 1.00 3.00 176.30
40.00 508.00 0.00 5.00 145.19
250.00 0.00 0.00 5.00 114.46
495.00 487.00 1.00 3.00 182.39
505.00 500.00 0.00 3.00 172.77
81.00 266.00 0.00 2.00 143.91
490.00 499.00 1.00 5.00 39.39
504.00 489.00 0.00 5.00 75.69
502.00 344.00 0.00 3.00 135.93
512.00 244.00 1.00 2.00 40.85
302.00 502.00 0.00 2.00 83.90
312.00 486.00 0.00 3.00 143.56
507.00 515.00 1.00 5.00 58.10
93.00 508.00 0.00 5.00 179.12
493.00 412.00 0.00 2.00 128.12
253.00 233.00 1.00 5.00 101.02
145.00 46.00 0.00 2.00 84.32
495.00 490.00 0.00 4.00 33.63
236.00 398.00 0.00 1.00 96.24
490.00 511.00 0.00 1.00 126.98
490.00 473.00 1.00 5.00 154.85
263.00 503.00 1.00 1.00 66.17
187.00 500.00 1.00 4.00 193.71
16.00 504.00 0.00 5.00 173.20
298.00 494.00 0.00 1.00 196.20
488.00 509.00 1.00 2.00 94.69
126.00 88.00 0.00 4.00 127.17
182.00 486.00 0.00 5.00 105.41
511.00 192.00 1.00 2.00 140.27
142.00 492.00 1.00 1.00 157.98
141.00 456.00 0.00 3.00 53.49
505.00 143.00 0.00 5.00 114.23
495.00 15.00 0.00 4.00 89.59
117.00 31.00 1.00 5.00 184.16
225.00 494.00 0.00 1.00 123.88
509.00 135.00 1.00 4.00 117.47
392.00 358.00 0.00 3.00 44.54
499.00 35.00 0.00 3.00 161.53
500.00 502.00 1.00 1.00 131.28
206.00 441.00 0.00 1.00 196.51
517.00 193.00 0.00 2.00 193.02
490.00 495.00 0.00 4.00 109.76
503.00 513.00 1.00 1.00 50.71
24.00 231.00 0.00 3.00 151.54
303.00 425.00 0.00 5.00 193.94
493.00 508.00 1.00 4.00 138.36
128.00 366.00 1.00 4.00 61.28
105.00 508.00 0.00 4.00 177.33
497.00 457.00 1.00 4.00 126.31
33.00 123.00 0.00 3.00 129.09
501.00 509.00 0.00 4.00 114.74
63.00 149.00 1.00 2.00 110.58
46.00 146.00 1.00 4.00 58.45
486.00 499.00 0.00 4.00 157.66
165.00 493.00 0.00 1.00 113.70
259.00 343.00 0.00 2.00 31.45
501.00 495.00 1.00 3.00 174.39
229.00 416.00 1.00 1.00 114.44
358.00 165.00 1.00 5.00 176.73
308.00 508.00 1.00 1.00 132.93
78.00 491.00 0.00 5.00 195.89
494.00 357.00 0.00 2.00 197.92
510.00 502.00 0.00 2.00 110.64
433.00 292.00 0.00 3.00 34.36
505.00 500.00 0.00 3.00 156.68
504.00 512.00 1.00 4.00 105.53
489.00 428.00 0.00 2.00 78.65
498.00 31.00 0.00 1.00 133.74
373.00 498.00 0.00 4.00 164.81
486.00 446.00 1.00 5.00 85.23
1.00 69.00 1.00 2.00 39.47
498.00 489.00 1.00 1.00 124.17
503.00 89.00 1.00 5.00 149.93
338.00 510.00 1.00 2.00 107.52
131.00 499.00 0.00 5.00 32.53
280.00 512.00 0.00 2.00 87.46
512.00 47.00 0.00 3.00 33.39
496.00 295.00 1.00 3.00 162.27
220.00 300.00 1.00 4.00 177.18
497.00 352.00 1.00 4.00 123.71
504.00 427.00 1.00 2.00 171.09
81.00 288.00 1.00 1.00 64.19
511.00 517.00 1.00 1.00 33.27
510.00 501.00 0.00 2.00 35.38
284.00 498.00 1.00 5.00 195.25
492.00 506.00 0.00 3.00 129.65
152.00 371.00 1.00 1.00 163.62
238.00 103.00 1.00 1.00 190.53
499.00 415.00 0.00 1.00 146.02
505.00 498.00 0.00 1.00 53.10
513.00 502.00 1.00 4.00 75.57
515.00 232.00 0.00 5.00 95.28
127.00 302.00 1.00 5.00 155.17
503.00 496.00 0.00 2.00 122.14
476.00 294.00 0.00 2.00 168.70
512.00 504.00 0.00 5.00 63.22
437.00 359.00 1.00 2.00 108.77
492.00 468.00 1.00 4.00 123.38
268.00 492.00 1.00 5.00 105.10
507.00 490.00 1.00 1.00 90.98
241.00 492.00 0.00 3.00 156.82
191.00 513.00 0.00 3.00 60.23
273.00 73.00 0.00 1.00 142.17
21.00 504.00 1.00 4.00 37.79
487.00 407.00 1.00 1.00 149.31
302.00 278.00 1.00 5.00 114.31
487.00 506.00 1.00 4.00 47.33
282.00 502.00 1.00 3.00 86.56
497.00 512.00 0.00 1.00 65.09
475.00 378.00 1.00 1.00 84.97
76.00 34.00 1.00 5.00 34.13
504.00 452.00 1.00 4.00 31.47
103.00 207.00 1.00 1.00 81.36
514.00 374.00 1.00 5.00 142.60
139.00 493.00 1.00 1.00 133.90
515.00 505.00 0.00 1.00 154.02
477.00 350.00 0.00 5.00 127.93
511.00 501.00 1.00 1.00 136.49
43.00 121.00 1.00 5.00 60.60
486.00 93.00 0.00 5.00 138.94
507.00 494.00 0.00 3.00 167.01
402.00 517.00 0.00 1.00 162.24
109.00 312.00 1.00 4.00 133.77
486.00 500.00 0.00 3.00 87.67
495.00 13.00 1.00 1.00 93.88
471.00 339.00 1.00 5.00 158.11
498.00 143.00 1.00 1.00 172.11
487.00 502.00 0.00 5.00 122.40
344.00 505.00 0.00 1.00 124.46
272.00 188.00 1.00 3.00 165.53
486.00 141.00 0.00 3.00 197.53
500.00 504.00 0.00 5.00 113.84
383.00 517.00 1.00 5.00 183.58
265.00 327.00 1.00 1.00 60.08
489.00 514.00 0.00 3.00 130.00
87.00 517.00 1.00 3.00 131.74
504.00 142.00 1.00 4.00 172.99
497.00 508.00 1.00 4.00 120.55
487.00 271.00 1.00 4.00 100.55
496.00 53.00 0.00 3.00 110.41
516.00 486.00 0.00 3.00 33.83
166.00 496.00 1.00 4.00 118.94
453.00 13.00 1.00 5.00 163.14
501.00 489.00 0.00 2.00 65.76
204.00 359.00 1.00 5.00 158.17
513.00 498.00 1.00 4.00 48.64
114.00 494.00 0.00 3.00 152.82
71.00 511.00 0.00 1.00 106.42
388.00 214.00 1.00 4.00 97.04
20.00 497.00 1.00 2.00 161.86
506.00 139.00 1.00 1.00 59.67
215.00 425.00 0.00 3.00 85.86
486.00 504.00 0.00 5.00 196.87
502.00 508.00 0.00 5.00 132.89
489.00 71.00 1.00 1.00 119.72
501.00 486.00 1.00 1.00 189.60
259.00 496.00 1.00 3.00 41.57
509.00 184.00 1.00 2.00 78.76
126.00 455.00 1.00 3.00 157.78
383.00 511.00 1.00 1.00 63.59
249.00 405.00 0.00 4.00 59.22
317.00 395.00 0.00 3.00 122.22
516.00 502.00 0.00 3.00 119.00
489.00 321.00 0.00 1.00 93.03
331.00 513.00 0.00 2.00 193.87
75.00 508.00 0.00 3.00 46.32
27.00 486.00 1.00 3.00 55.84
495.00 99.00 0.00 3.00 158.84
500.00 504.00 1.00 1.00 176.03
502.00 175.00 0.00 4.00 62.62
488.00 500.00 1.00 3.00 115.04
507.00 277.00 1.00 5.00 168.56
502.00 149.00 0.00 3.00 175.82
509.00 49.00 0.00 5.00 62.86
382.00 227.00 0.00 4.00 177.52
516.00 453.00 0.00 3.00 162.85
505.00 177.00 1.00 5.00 122.61
439.00 224.00 0.00 3.00 115.94
490.00 136.00 1.00 3.00 126.30
510.00 490.00 1.00 1.00 93.86
141.00 86.00 0.00 5.00 98.32
147.00 19.00 1.00 5.00 196.47
496.00 86.00 1.00 4.00 50.11
515.00 229.00 0.00 3.00 185.02
442.00 112.00 1.00 5.00 176.54
300.00 517.00 1.00 5.00 149.95
505.00 490.00 1.00 2.00 33.28
510.00 115.00 0.00 5.00 145.84
391.00 270.00 1.00 2.00 47.29
124.00 300.00 1.00 1.00 161.99
87.00 58.00 1.00 2.00 129.81
497.00 48.00 0.00 2.00 146.53
359.00 494.00 0.00 3.00 146.20
509.00 515.00 1.00 2.00 58.56
495.00 512.00 1.00 3.00 177.97
505.00 494.00 0.00 5.00 88.25
17.00 343.00 0.00 5.00 35.57
412.00 504.00 1.00 1.00 158.57
323.00 473.00 0.00 2.00 45.54
488.00 495.00 1.00 5.00 69.36
366.00 334.00 1.00 4.00 43.35
496.00 488.00 0.00 4.00 77.92
495.00 487.00 0.00 1.00 147.76
508.00 311.00 1.00 4.00 162.75
491.00 517.00 0.00 1.00 67.20
489.00 473.00 1.00 3.00 173.67
399.00 449.00 1.00 3.00 196.06
112.00 502.00 0.00 5.00 48.00
494.00 513.00 0.00 4.00 49.63
492.00 146.00 1.00 5.00 128.90
65.00 371.00 1.00 2.00 122.75
491.00 165.00 0.00 4.00 166.71
499.00 445.00 0.00 5.00 129.73
22.00 489.00 0.00 1.00 172.12
299.00 516.00 0.00 4.00 106.85
378.00 500.00 1.00 4.00 186.73
498.00 487.00 0.00 1.00 150.57
492.00 508.00 1.00 1.00 131.10
13.00 387.00 0.00 3.00 60.40
495.00 508.00 1.00 3.00 159.89
215.00 26.00 0.00 4.00 51.42
396.00 105.00 0.00 1.00 184.50
497.00 10.00 0.00 5.00 183.24
505.00 489.00 1.00 5.00 118.76
94.00 509.00 0.00 2.00 36.76
118.00 514.00 0.00 2.00 79.80
507.00 181.00 0.00 2.00 112.09
447.00 229.00 0.00 1.00 82.39
173.00 314.00 0.00 1.00 55.36
255.00 297.00 0.00 5.00 162.93
487.00 275.00 0.00 1.00 131.70
490.00 513.00 1.00 4.00 147.21
511.00 1.00 1.00 3.00 148.52
117.00 510.00 1.00 1.00 152.52
504.00 516.00 0.00 3.00 168.91
497.00 490.00 1.00 3.00 144.67
498.00 489.00 0.00 3.00 52.94
501.00 488.00 1.00 2.00 67.88
388.00 276.00 0.00 4.00 155.27
517.00 502.00 0.00 2.00 178.39
501.00 354.00 0.00 5.00 179.05
504.00 485.00 1.00 4.00 125.94
270.00 509.00 1.00 2.00 109.76
490.00 500.00 0.00 5.00 30.33
275.00 23.00 0.00 4.00 72.41
414.00 69.00 1.00 3.00 57.54
495.00 215.00 1.00 3.00 160.93
356.00 490.00 0.00 1.00 44.18
25.00 137.00 1.00 1.00 49.33
251.00 109.00 1.00 3.00 59.51
498.00 11.00 1.00 3.00 80.35
513.00 352.00 1.00 2.00 152.88
506.00 178.00 1.00 4.00 112.75
359.00 171.00 1.00 3.00 166.03
95.00 507.00 0.00 3.00 182.45
376.00 517.00 0.00 4.00 147.43
124.00 504.00 1.00 3.00 134.46
358.00 496.00 1.00 2.00 183.36
488.00 498.00 1.00 3.00 198.07
0.00 53.00 0.00 3.00 70.03
109.00 19.00 1.00 5.00 107.32
493.00 397.00 1.00 3.00 146.76
499.00 516.00 1.00 1.00 62.77
288.00 506.00 0.00 1.00 161.05
498.00 312.00 0.00 3.00 190.74
359.00 26.00 1.00 5.00 48.69
499.00 163.00 1.00 3.00 52.84
237.00 492.00 1.00 2.00 54.40
491.00 504.00 0.00 2.00 40.37
299.00 497.00 0.00 2.00 158.41
496.00 359.00 1.00 3.00 179.27
512.00 506.00 1.00 4.00 71.57
510.00 501.00 0.00 1.00 60.20
286.00 500.00 0.00 2.00 169.66
285.00 501.00 1.00 4.00 185.94
181.00 162.00 1.00 1.00 39.01
308.00 517.00 0.00 1.00 153.64
95.00 211.00 1.00 2.00 193.64
35.00 502.00 1.00 4.00 123.04
509.00 516.00 0.00 2.00 110.34
491.00 514.00 0.00 3.00 44.99
501.00 512.00 1.00 4.00 110.73
490.00 507.00 0.00 1.00 162.79
407.00 494.00 0.00 3.00 46.95
246.00 436.00 0.00 5.00 117.30
510.00 493.00 0.00 5.00 166.70
408.00 509.00 0.00 1.00 75.98
9.00 335.00 0.00 1.00 119.37
437.00 495.00 0.00 5.00 30.08
275.00 248.00 0.00 3.00 177.54
498.00 513.00 1.00 4.00 33.66
497.00 362.00 1.00 5.00 49.76
306.00 500.00 1.00 4.00 40.02
509.00 140.00 1.00 4.00 143.57
513.00 496.00 0.00 4.00 125.20
507.00 489.00 1.00 3.00 166.10
129.00 104.00 0.00 1.00 59.62
489.00 508.00 0.00 4.00 112.09
180.00 400.00 0.00 3.00 50.95
513.00 157.00 1.00 4.00 191.41
473.00 283.00 0.00 5.00 49.14
507.00 291.00 1.00 3.00 105.21
499.00 215.00 1.00 3.00 122.88
450.00 489.00 0.00 5.00 138.10
325.00 516.00 0.00 1.00 123.08
491.00 486.00 0.00 2.00 161.84
425.00 505.00 0.00 2.00 158.04
512.00 162.00 1.00 5.00 154.13
161.00 456.00 0.00 4.00 82.12
366.00 497.00 0.00 2.00 163.38
493.00 501.00 1.00 3.00 91.94
514.00 394.00 1.00 4.00 127.11
517.00 64.00 1.00 3.00 38.76
93.00 491.00 0.00 1.00 34.81
236.00 312.00 1.00 5.00 143.60
517.00 216.00 0.00 4.00 46.07
254.00 510.00 1.00 1.00 136.74
36.00 193.00 1.00 5.00 51.68
495.00 516.00 1.00 2.00 77.04
381.00 506.00 0.00 4.00 142.62
488.00 320.00 0.00 4.00 80.01
280.00 66.00 1.00 3.00 56.12
514.00 51.00 0.00 4.00 95.14
511.00 504.00 0.00 3.00 40.37
505.00 297.00 0.00 2.00 137.17
145.00 198.00 0.00 2.00 149.05
490.00 370.00 0.00 5.00 71.91
104.00 246.00 1.00 1.00 60.45
73.00 489.00 1.00 3.00 190.53
137.00 33.00 1.00 2.00 33.89
494.00 30.00 1.00 5.00 120.57
497.00 130.00 1.00 2.00 198.11
513.00 244.00 1.00 2.00 167.93
431.00 1.00 1.00 2.00 193.66
204.00 65.00 0.00 3.00 69.54
490.00 505.00 0.00 5.00 42.96
316.00 207.00 1.00 5.00 179.27
495.00 517.00 1.00 5.00 32.98
369.00 489.00 1.00 2.00 97.30
113.00 330.00 0.00 3.00 172.45
467.00 497.00 0.00 5.00 50.91
494.00 503.00 0.00 2.00 128.48
491.00 70.00 0.00 3.00 96.77
517.00 495.00 0.00 1.00 60.80
511.00 494.00 0.00 5.00 89.60
502.00 136.00 1.00 4.00 140.84
23.00 236.00 1.00 4.00 191.46
492.00 106.00 0.00 4.00 157.10
101.00 516.00 0.00 5.00 174.59
500.00 389.00 0.00 1.00 129.37
504.00 492.00 0.00 1.00 169.53
505.00 513.00 1.00 5.00 181.76
50.00 503.00 0.00 2.00 187.69
487.00 201.00 0.00 4.00 76.31
12.00 118.00 1.00 5.00 186.17
222.00 324.00 0.00 5.00 90.41
505.00 491.00 1.00 3.00 183.21
74.00 516.00 1.00 3.00 31.85
64.00 481.00 0.00 1.00 39.90
82.00 333.00 1.00 1.00 86.38
422.00 163.00 0.00 3.00 76.88
513.00 491.00 1.00 2.00 156.70
297.00 26.00 0.00 3.00 133.71
497.00 488.00 0.00 1.00 194.89
507.00 114.00 1.00 1.00 183.22
514.00 493.00 1.00 1.00 114.96
498.00 508.00 1.00 3.00 145.08
138.00 499.00 1.00 5.00 163.90
510.00 491.00 0.00 4.00 100.74
493.00 501.00 0.00 4.00 168.92
490.00 513.00 1.00 4.00 80.58
246.00 103.00 0.00 2.00 160.37
454.00 486.00 0.00 1.00 52.05
479.00 458.00 0.00 1.00 77.80
285.00 208.00 0.00 2.00 31.25
491.00 514.00 0.00 4.00 77.64
106.00 512.00 1.00 5.00 116.85
510.00 92.00 1.00 3.00 56.68
487.00 498.00 1.00 3.00 57.64
492.00 62.00 0.00 2.00 108.62
269.00 114.00 1.00 4.00 178.80
488.00 501.00 1.00 4.00 34.63
338.00 496.00 0.00 4.00 91.10
495.00 320.00 0.00 2.00 183.12
7.00 70.00 0.00 3.00 162.45
509.00 498.00 1.00 4.00 47.84
462.00 253.00 1.00 1.00 83.08
503.00 510.00 1.00 2.00 31.73
204.00 496.00 0.00 4.00 134.02
510.00 133.00 0.00 2.00 50.68
517.00 414.00 0.00 4.00 46.69
453.00 409.00 1.00 2.00 175.03
15.00 267.00 0.00 1.00 184.41
502.00 496.00 0.00 4.00 69.40
86.00 412.00 1.00 1.00 33.77
505.00 250.00 0.00 5.00 179.79
455.00 88.00 0.00 3.00 197.57
516.00 510.00 0.00 3.00 59.47
494.00 508.00 0.00 5.00 117.13
500.00 492.00 0.00 3.00 80.75
503.00 394.00 1.00 2.00 72.94
396.00 495.00 0.00 3.00 193.81
126.00 137.00 0.00 2.00 181.92
147.00 357.00 0.00 3.00 124.97
501.00 490.00 0.00 1.00 69.91
463.00 505.00 0.00 1.00 146.19
289.00 513.00 0.00 3.00 55.40
509.00 184.00 0.00 3.00 144.18
467.00 516.00 0.00 2.00 141.01
423.00 451.00 0.00 3.00 94.35
219.00 83.00 1.00 2.00 120.93
509.00 493.00 0.00 5.00 43.56
515.00 509.00 0.00 1.00 61.39
492.00 278.00 1.00 1.00 58.81
87.00 499.00 0.00 3.00 181.33
207.00 509.00 0.00 2.00 152.06
517.00 503.00 1.00 3.00 56.19
236.00 15.00 0.00 3.00 143.20
515.00 283.00 1.00 4.00 132.84
367.00 433.00 1.00 2.00 131.89
488.00 507.00 0.00 2.00 40.88
125.00 339.00 1.00 5.00 39.65
505.00 22.00 1.00 2.00 180.01
72.00 487.00 1.00 4.00 113.56
369.00 499.00 0.00 2.00 41.79
118.00 298.00 0.00 2.00 107.99
473.00 445.00 1.00 3.00 161.20
491.00 275.00 0.00 5.00 84.81
152.00 289.00 1.00 2.00 49.04
89.00 499.00 1.00 4.00 168.26
452.00 496.00 0.00 3.00 191.78
356.00 422.00 0.00 1.00 165.79
497.00 323.00 0.00 5.00 177.01
248.00 497.00 1.00 5.00 183.31
499.00 486.00 1.00 1.00 51.47
511.00 504.00 0.00 3.00 73.70
510.00 515.00 0.00 5.00 77.75
374.00 498.00 1.00 5.00 43.63
511.00 364.00 0.00 5.00 65.53
348.00 441.00 1.00 2.00 67.08
511.00 491.00 0.00 2.00 162.05
514.00 119.00 1.00 1.00 32.73
512.00 284.00 1.00 4.00 84.15
300.00 503.00 1.00 4.00 199.18
500.00 240.00 1.00 3.00 107.07
517.00 492.00 0.00 1.00 106.45
515.00 443.00 1.00 4.00 131.96
498.00 510.00 1.00 5.00 183.63
20.00 381.00 1.00 3.00 151.62
511.00 348.00 1.00 3.00 38.58
512.00 329.00 1.00 4.00 60.24
454.00 139.00 1.00 3.00 74.22
511.00 135.00 0.00 3.00 132.12
489.00 399.00 1.00 5.00 119.24
497.00 108.00 0.00 1.00 91.96
448.00 517.00 0.00 1.00 65.92
427.00 514.00 0.00 1.00 103.93
112.00 508.00 1.00 5.00 34.54
439.00 228.00 1.00 4.00 156.10
454.00 212.00 0.00 2.00 118.32
511.00 125.00 1.00 4.00 57.13
144.00 299.00 1.00 3.00 174.24
309.00 301.00 0.00 1.00 73.23
24.00 471.00 1.00 1.00 98.66
501.00 492.00 0.00 3.00 45.79
43.00 433.00 0.00 3.00 31.30
503.00 514.00 1.00 5.00 179.48
496.00 119.00 0.00 4.00 153.59
126.00 485.00 0.00 3.00 146.80
36.00 459.00 0.00 4.00 86.50
510.00 80.00 0.00 4.00 128.99
18.00 273.00 1.00 5.00 83.02
502.00 492.00 1.00 1.00 107.82
500.00 503.00 0.00 3.00 127.77
511.00 207.00 0.00 4.00 88.22
487.00 3.00 0.00 2.00 164.16
512.00 494.00 0.00 4.00 170.39
493.00 511.00 1.00 5.00 183.89
489.00 452.00 0.00 4.00 116.52
496.00 509.00 0.00 3.00 58.05
382.00 488.00 1.00 2.00 151.56
492.00 295.00 1.00 3.00 82.43
500.00 354.00 1.00 4.00 40.86
505.00 213.00 0.00 4.00 47.26
497.00 509.00 0.00 2.00 172.13
366.00 358.00 0.00 5.00 75.38
510.00 342.00 1.00 2.00 141.87
324.00 45.00 0.00 2.00 169.52
494.00 487.00 0.00 5.00 122.93
101.00 509.00 1.00 1.00 77.93
502.00 515.00 0.00 5.00 184.00
495.00 38.00 1.00 5.00 131.62
498.00 493.00 0.00 4.00 196.12
511.00 50.00 0.00 3.00 176.79
516.00 498.00 0.00 1.00 126.21
491.00 502.00 1.00 2.00 132.90
510.00 494.00 1.00 4.00 81.10
490.00 186.00 0.00 1.00 74.42
454.00 480.00 1.00 4.00 176.40
490.00 514.00 1.00 3.00 36.89
468.00 517.00 0.00 4.00 35.84
496.00 506.00 1.00 4.00 88.50
509.00 516.00 0.00 2.00 48.97
21.00 495.00 0.00 4.00 74.53
513.00 181.00 0.00 2.00 150.12
395.00 510.00 1.00 1.00 131.61
202.00 486.00 0.00 3.00 48.33
501.00 486.00 0.00 2.00 36.77
490.00 469.00 1.00 3.00 70.52
412.00 13.00 0.00 4.00 125.68
380.00 208.00 0.00 1.00 171.91
499.00 54.00 0.00 4.00 52.31
515.00 285.00 1.00 5.00 86.30
488.00 446.00 1.00 3.00 121.71
492.00 503.00 1.00 2.00 35.47
496.00 272.00 1.00 3.00 92.01
513.00 330.00 1.00 2.00 37.23
297.00 206.00 0.00 1.00 39.79
238.00 80.00 1.00 3.00 136.61
323.00 512.00 0.00 5.00 119.43
495.00 506.00 0.00 1.00 68.94
500.00 169.00 0.00 5.00 178.42
505.00 217.00 1.00 4.00 131.11
492.00 398.00 1.00 2.00 150.93
423.00 493.00 1.00 4.00 148.98
102.00 426.00 0.00 2.00 61.97
488.00 498.00 0.00 4.00 42.52
286.00 132.00 1.00 5.00 173.62
169.00 497.00 1.00 5.00 32.76
495.00 516.00 0.00 5.00 190.21
11.00 460.00 0.00 4.00 34.38
437.00 272.00 1.00 3.00 114.00
507.00 454.00 1.00 2.00 119.69
159.00 77.00 0.00 4.00 128.10
515.00 510.00 1.00 4.00 87.93
508.00 135.00 0.00 2.00 51.12
326.00 498.00 1.00 3.00 71.35
192.00 488.00 1.00 4.00 111.53
