182.00 119.00 0.00 2.00 85.85
502.00 492.00 1.00 4.00 153.25
510.00 501.00 1.00 1.00 196.66
515.00 486.00 0.00 5.00 187.52
505.00 495.00 1.00 2.00 185.95
199.00 215.00 1.00 4.00 95.67
515.00 214.00 0.00 1.00 160.52
507.00 173.00 0.00 2.00 196.10
486.00 464.00 1.00 5.00 125.21
490.00 392.00 1.00 4.00 182.59
511.00 301.00 0.00 5.00 48.00
160.00 346.00 0.00 3.00 138.81
488.00 385.00 1.00 5.00 190.07
161.00 239.00 0.00 4.00 125.98
288.00 508.00 1.00 1.00 142.79
197.00 501.00 1.00 1.00 101.70
489.00 498.00 1.00 3.00 95.89
512.00 499.00 0.00 1.00 156.15
514.00 487.00 0.00 1.00 98.94
491.00 497.00 0.00 2.00 170.19
502.00 381.00 0.00 2.00 164.64
516.00 511.00 0.00 5.00 56.86
502.00 512.00 0.00 2.00 30.78
178.00 501.00 1.00 2.00 100.02
507.00 494.00 1.00 5.00 97.80
319.00 487.00 0.00 3.00 52.66
507.00 3.00 0.00 1.00 127.95
303.00 487.00 1.00 4.00 106.64
499.00 224.00 0.00 3.00 86.92
405.00 459.00 1.00 5.00 40.66
517.00 499.00 0.00 3.00 37.21
373.00 172.00 0.00 2.00 146.48
510.00 77.00 0.00 5.00 182.28
498.00 37.00 0.00 2.00 133.63
180.00 366.00 0.00 3.00 82.36
354.00 490.00 0.00 5.00 197.17
183.00 495.00 0.00 1.00 179.67
499.00 512.00 0.00 4.00 93.07
164.00 141.00 1.00 3.00 154.78
489.00 389.00 0.00 4.00 52.98
494.00 342.00 1.00 2.00 147.17
266.00 116.00 1.00 5.00 50.14
507.00 172.00 0.00 1.00 53.56
319.00 505.00 1.00 3.00 50.66
346.00 108.00 0.00 4.00 60.71
497.00 487.00 1.00 3.00 102.36
38.00 255.00 1.00 1.00 145.88
511.00 489.00 0.00 3.00 91.76
2.00 506.00 0.00 5.00 187.29
451.00 502.00 0.00 1.00 195.32
240.00 396.00 0.00 5.00 102.09
506.00 486.00 1.00 1.00 102.79
514.00 421.00 1.00 2.00 166.24
512.00 470.00 0.00 4.00 124.81
262.00 501.00 0.00 2.00 89.85
74.00 500.00 1.00 2.00 79.27
489.00 238.00 0.00 3.00 98.58
487.00 347.00 0.00 4.00 81.85
449.00 511.00 1.00 1.00 197.35
511.00 490.00 0.00 1.00 185.43
514.00 493.00 0.00 4.00 73.98
320.00 497.00 0.00 3.00 83.81
134.00 407.00 0.00 5.00 178.11
303.00 91.00 0.00 2.00 66.59
516.00 501.00 1.00 5.00 146.50
214.00 130.00 1.00 4.00 120.97
498.00 508.00 1.00 5.00 151.21
512.00 490.00 0.00 4.00 129.99
16.00 438.00 1.00 4.00 90.55
515.00 493.00 1.00 3.00 150.49
486.00 109.00 1.00 1.00 118.69
302.00 245.00 0.00 2.00 112.07
26.00 493.00 1.00 3.00 142.16
501.00 74.00 1.00 5.00 196.40
162.00 271.00 0.00 5.00 107.88
227.00 225.00 0.00 4.00 195.79
268.00 428.00 1.00 3.00 63.93
279.00 176.00 1.00 5.00 57.89
499.00 490.00 1.00 1.00 143.68
513.00 190.00 0.00 3.00 103.82
0.00 151.00 1.00 4.00 162.76
502.00 331.00 1.00 3.00 42.45
328.00 192.00 0.00 2.00 56.28
443.00 469.00 0.00 1.00 70.76
369.00 511.00 0.00 5.00 130.91
448.00 500.00 1.00 2.00 86.34
514.00 490.00 0.00 5.00 81.57
490.00 496.00 0.00 1.00 86.28
502.00 245.00 0.00 4.00 138.09
490.00 428.00 0.00 2.00 175.72
499.00 502.00 1.00 4.00 152.19
505.00 490.00 1.00 5.00 63.98
49.00 494.00 0.00 1.00 174.87
421.00 503.00 1.00 2.00 51.88
505.00 366.00 0.00 4.00 119.27
487.00 313.00 1.00 2.00 102.64
297.00 165.00 1.00 2.00 50.93
43.00 515.00 0.00 5.00 41.57
508.00 516.00 0.00 2.00 83.52
33.00 334.00 1.00 2.00 91.13
216.00 504.00 0.00 3.00 119.86
516.00 489.00 0.00 5.00 189.40
123.00 507.00 1.00 1.00 195.96
514.00 500.00 1.00 3.00 110.57
342.00 515.00 1.00 3.00 44.20
228.00 510.00 1.00 3.00 151.86
514.00 24.00 1.00 5.00 133.33
56.00 318.00 0.00 4.00 132.10
515.00 338.00 1.00 3.00 183.29
495.00 138.00 0.00 2.00 72.33
499.00 312.00 0.00 2.00 169.06
507.00 353.00 0.00 4.00 154.16
496.00 133.00 0.00 5.00 185.96
377.00 504.00 1.00 1.00 82.91
113.00 500.00 1.00 2.00 90.76
517.00 317.00 1.00 3.00 88.03
240.00 412.00 0.00 3.00 117.52
460.00 501.00 1.00 1.00 151.49
425.00 497.00 0.00 1.00 117.53
62.00 490.00 0.00 5.00 33.68
517.00 510.00 1.00 1.00 111.52
301.00 377.00 0.00 2.00 172.95
492.00 178.00 0.00 5.00 184.23
510.00 499.00 0.00 3.00 179.93
495.00 123.00 0.00 4.00 145.59
493.00 360.00 1.00 4.00 124.83
496.00 488.00 1.00 2.00 131.11
119.00 502.00 0.00 5.00 125.02
490.00 385.00 1.00 5.00 57.23
285.00 364.00 0.00 3.00 46.54
334.00 120.00 0.00 4.00 61.05
348.00 80.00 0.00 3.00 81.49
222.00 21.00 0.00 4.00 132.12
505.00 515.00 0.00 3.00 74.01
517.00 66.00 0.00 5.00 188.38
498.00 486.00 0.00 4.00 31.75
516.00 487.00 0.00 3.00 43.16
500.00 505.00 0.00 4.00 119.93
193.00 133.00 0.00 3.00 118.28
44.00 488.00 1.00 3.00 76.09
496.00 507.00 0.00 3.00 38.48
348.00 514.00 0.00 4.00 146.11
364.00 491.00 0.00 2.00 113.87
490.00 503.00 1.00 2.00 85.31
184.00 495.00 0.00 5.00 46.64
152.00 408.00 1.00 2.00 94.54
243.00 499.00 1.00 2.00 118.00
263.00 403.00 0.00 3.00 72.43
510.00 516.00 0.00 1.00 198.30
151.00 516.00 0.00 1.00 37.25
253.00 486.00 0.00 3.00 131.72
496.00 30.00 1.00 2.00 126.15
489.00 507.00 0.00 2.00 66.10
498.00 488.00 0.00 4.00 117.52
494.00 249.00 1.00 1.00 50.08
516.00 487.00 0.00 4.00 199.06
490.00 295.00 1.00 2.00 141.79
510.00 487.00 0.00 3.00 58.09
251.00 15.00 0.00 4.00 91.01
501.00 208.00 0.00 5.00 197.05
440.00 452.00 0.00 3.00 73.48
507.00 512.00 0.00 3.00 190.07
203.00 287.00 0.00 5.00 111.71
501.00 495.00 0.00 3.00 112.47
367.00 497.00 0.00 5.00 195.76
501.00 342.00 1.00 2.00 118.82
507.00 11.00 0.00 4.00 39.18
489.00 64.00 1.00 5.00 193.45
57.00 105.00 0.00 2.00 61.19
491.00 253.00 1.00 3.00 190.45
314.00 352.00 0.00 4.00 148.02
463.00 508.00 0.00 5.00 38.11
126.00 260.00 0.00 2.00 43.83
444.00 101.00 1.00 1.00 86.36
105.00 488.00 1.00 5.00 174.18
511.00 176.00 1.00 5.00 141.93
515.00 414.00 1.00 1.00 116.31
93.00 488.00 1.00 3.00 30.82
508.00 222.00 0.00 3.00 91.30
497.00 117.00 1.00 2.00 103.91
70.00 381.00 0.00 3.00 195.98
501.00 8.00 0.00 3.00 82.69
443.00 325.00 0.00 5.00 125.91
501.00 283.00 0.00 2.00 108.12
115.00 228.00 0.00 5.00 105.78
495.00 279.00 1.00 1.00 82.92
494.00 515.00 1.00 5.00 187.07
499.00 510.00 0.00 2.00 90.18
231.00 236.00 1.00 5.00 121.44
356.00 513.00 1.00 3.00 152.91
135.00 494.00 1.00 3.00 36.85
330.00 47.00 0.00 1.00 100.70
312.00 505.00 1.00 3.00 41.06
229.00 502.00 1.00 2.00 183.10
471.00 253.00 0.00 3.00 194.86
500.00 486.00 1.00 3.00 147.89
87.00 489.00 0.00 5.00 87.16
486.00 14.00 0.00 5.00 104.10
54.00 258.00 1.00 4.00 67.62
497.00 508.00 0.00 3.00 32.88
494.00 501.00 0.00 3.00 109.80
139.00 443.00 1.00 1.00 107.96
489.00 509.00 0.00 5.00 123.74
497.00 284.00 0.00 2.00 166.81
66.00 517.00 0.00 4.00 156.76
488.00 127.00 0.00 3.00 54.05
35.00 515.00 1.00 3.00 147.70
515.00 282.00 1.00 2.00 82.71
95.00 502.00 0.00 2.00 167.77
501.00 515.00 1.00 4.00 93.90
21.00 514.00 0.00 5.00 195.68
503.00 47.00 0.00 2.00 89.75
516.00 350.00 1.00 4.00 145.94
516.00 298.00 1.00 4.00 53.98
500.00 57.00 0.00 2.00 186.60
105.00 391.00 1.00 5.00 141.56
186.00 511.00 1.00 4.00 147.44
498.00 492.00 1.00 2.00 30.82
496.00 135.00 1.00 3.00 158.78
293.00 12.00 1.00 4.00 74.00
513.00 401.00 0.00 4.00 74.02
464.00 506.00 0.00 5.00 90.34
489.00 517.00 0.00 2.00 124.50
517.00 488.00 1.00 3.00 53.50
29.00 248.00 0.00 1.00 106.76
458.00 97.00 1.00 2.00 32.96
486.00 513.00 1.00 2.00 57.20
200.00 489.00 1.00 3.00 120.66
158.00 247.00 1.00 4.00 96.78
211.00 489.00 1.00 5.00 160.13
499.00 508.00 0.00 2.00 105.78
486.00 515.00 0.00 2.00 81.97
515.00 501.00 1.00 2.00 92.97
487.00 514.00 1.00 2.00 186.97
301.00 503.00 0.00 1.00 40.03
515.00 501.00 1.00 1.00 57.06
486.00 206.00 0.00 1.00 186.57
418.00 500.00 0.00 2.00 126.94
135.00 182.00 1.00 1.00 77.85
512.00 28.00 1.00 4.00 44.10
244.00 490.00 0.00 1.00 170.82
517.00 497.00 1.00 5.00 168.60
47.00 317.00 1.00 3.00 156.87
240.00 514.00 0.00 4.00 63.70
78.00 137.00 0.00 3.00 162.38
130.00 418.00 0.00 2.00 133.89
514.00 488.00 0.00 4.00 139.81
505.00 490.00 0.00 5.00 176.70
489.00 507.00 0.00 4.00 76.37
492.00 498.00 0.00 2.00 88.35
493.00 5.00 0.00 1.00 67.86
495.00 366.00 0.00 1.00 134.79
506.00 516.00 1.00 2.00 168.03
492.00 513.00 0.00 4.00 163.96
482.00 498.00 0.00 5.00 185.78
493.00 105.00 1.00 1.00 189.89
506.00 438.00 0.00 2.00 149.42
503.00 135.00 1.00 2.00 107.84
170.00 207.00 0.00 3.00 179.21
494.00 489.00 0.00 3.00 154.47
395.00 346.00 1.00 2.00 96.37
515.00 497.00 0.00 1.00 66.74
509.00 487.00 0.00 4.00 193.70
501.00 506.00 1.00 5.00 120.89
511.00 296.00 0.00 4.00 52.65
509.00 498.00 1.00 2.00 189.14
186.00 494.00 1.00 4.00 56.72
187.00 434.00 0.00 2.00 57.75
151.00 5.00 1.00 3.00 46.88
517.00 105.00 0.00 2.00 194.67
495.00 490.00 0.00 4.00 130.99
514.00 338.00 0.00 2.00 74.58
501.00 468.00 1.00 5.00 91.80
510.00 490.00 1.00 5.00 113.02
300.00 48.00 0.00 1.00 170.44
252.00 500.00 0.00 3.00 128.35
487.00 101.00 1.00 1.00 168.12
494.00 501.00 1.00 4.00 65.49
517.00 495.00 1.00 3.00 166.27
502.00 100.00 1.00 4.00 90.53
13.00 505.00 0.00 5.00 42.72
515.00 248.00 1.00 5.00 197.31
496.00 305.00 0.00 1.00 166.76
489.00 501.00 1.00 3.00 114.05
407.00 76.00 1.00 4.00 40.40
502.00 327.00 1.00 4.00 156.20
497.00 512.00 0.00 1.00 119.88
502.00 495.00 1.00 2.00 128.61
477.00 200.00 0.00 2.00 185.49
56.00 258.00 1.00 3.00 131.25
243.00 383.00 1.00 5.00 57.22
495.00 27.00 0.00 1.00 195.61
480.00 159.00 1.00 3.00 106.02
513.00 107.00 0.00 5.00 168.69
500.00 486.00 1.00 1.00 107.52
222.00 326.00 1.00 1.00 125.75
100.00 122.00 1.00 4.00 33.55
487.00 378.00 0.00 5.00 92.15
140.00 410.00 0.00 2.00 154.52
444.00 321.00 1.00 2.00 159.86
506.00 487.00 0.00 4.00 117.54
487.00 492.00 1.00 4.00 51.39
458.00 455.00 1.00 4.00 49.85
146.00 504.00 0.00 1.00 138.61
490.00 497.00 0.00 4.00 95.56
487.00 495.00 1.00 1.00 63.27
504.00 171.00 0.00 5.00 181.66
215.00 497.00 1.00 5.00 161.69
500.00 309.00 0.00 4.00 174.67
356.00 507.00 1.00 4.00 188.83
115.00 492.00 0.00 3.00 169.64
503.00 287.00 1.00 5.00 51.17
510.00 500.00 1.00 4.00 141.15
144.00 163.00 1.00 1.00 121.34
499.00 489.00 1.00 4.00 91.77
486.00 514.00 1.00 5.00 123.62
49.00 385.00 0.00 3.00 46.11
430.00 344.00 0.00 3.00 156.25
483.00 434.00 0.00 3.00 58.93
244.00 494.00 1.00 5.00 43.66
202.00 53.00 1.00 3.00 52.11
468.00 491.00 0.00 5.00 47.46
493.00 479.00 0.00 3.00 78.29
511.00 62.00 0.00 3.00 113.17
440.00 495.00 0.00 1.00 129.02
517.00 501.00 0.00 5.00 150.51
456.00 511.00 0.00 4.00 89.62
466.00 511.00 0.00 4.00 127.35
359.00 486.00 0.00 2.00 126.01
69.00 138.00 0.00 3.00 178.52
489.00 212.00 1.00 5.00 197.23
278.00 34.00 1.00 4.00 135.18
461.00 509.00 1.00 3.00 70.27
500.00 508.00 1.00 5.00 195.32
453.00 397.00 0.00 1.00 66.40
330.00 510.00 1.00 4.00 165.41
507.00 123.00 1.00 3.00 63.96
501.00 446.00 1.00 4.00 145.36
500.00 232.00 0.00 2.00 79.96
315.00 513.00 1.00 1.00 137.53
225.00 503.00 1.00 2.00 123.63
343.00 169.00 1.00 5.00 172.59
504.00 312.00 0.00 4.00 73.02
488.00 209.00 0.00 4.00 71.11
143.00 514.00 0.00 3.00 35.63
354.00 504.00 0.00 5.00 155.20
502.00 408.00 1.00 3.00 94.67
47.00 509.00 1.00 3.00 95.35
498.00 509.00 0.00 3.00 72.34
204.00 89.00 0.00 4.00 110.96
486.00 505.00 1.00 2.00 149.20
253.00 280.00 1.00 2.00 67.56
83.00 335.00 1.00 3.00 45.31
117.00 340.00 1.00 5.00 169.49
508.00 172.00 1.00 5.00 66.79
486.00 25.00 1.00 2.00 75.92
39.00 23.00 0.00 4.00 131.52
10.00 489.00 0.00 3.00 144.56
502.00 501.00 1.00 2.00 116.38
504.00 327.00 1.00 1.00 32.38
2.00 34.00 0.00 5.00 97.84
309.00 488.00 0.00 3.00 89.85
426.00 138.00 0.00 1.00 87.33
294.00 502.00 1.00 4.00 161.16
511.00 493.00 1.00 2.00 155.14
495.00 118.00 0.00 1.00 117.03
34.00 108.00 0.00 3.00 59.42
117.00 491.00 0.00 4.00 42.78
504.00 38.00 1.00 2.00 161.78
508.00 316.00 0.00 1.00 180.18
516.00 23.00 1.00 4.00 81.61
486.00 143.00 0.00 1.00 162.87
290.00 167.00 0.00 1.00 198.07
38.00 499.00 1.00 2.00 63.78
179.00 505.00 1.00 2.00 156.83
145.00 458.00 0.00 5.00 194.94
388.00 517.00 1.00 4.00 196.84
13.00 51.00 0.00 4.00 142.98
87.00 191.00 1.00 5.00 199.65
486.00 90.00 0.00 2.00 167.73
509.00 498.00 0.00 3.00 145.89
503.00 121.00 1.00 1.00 195.10
513.00 128.00 1.00 3.00 38.21
437.00 373.00 1.00 2.00 61.12
500.00 44.00 0.00 2.00 176.75
493.00 11.00 0.00 3.00 85.77
501.00 206.00 0.00 1.00 49.54
275.00 506.00 0.00 5.00 178.14
238.00 140.00 1.00 4.00 144.40
337.00 238.00 1.00 2.00 64.70
200.00 511.00 1.00 4.00 65.07
311.00 491.00 0.00 5.00 171.21
510.00 477.00 1.00 3.00 175.75
514.00 456.00 0.00 4.00 70.05
306.00 496.00 1.00 5.00 168.95
71.00 317.00 1.00 1.00 49.20
269.00 52.00 1.00 4.00 161.34
328.00 53.00 1.00 4.00 113.86
296.00 498.00 0.00 2.00 138.80
514.00 493.00 0.00 1.00 129.34
151.00 509.00 0.00 4.00 180.61
109.00 503.00 0.00 2.00 143.64
475.00 511.00 0.00 1.00 43.66
501.00 491.00 1.00 2.00 57.16
514.00 236.00 1.00 5.00 79.09
440.00 497.00 1.00 1.00 36.92
511.00 493.00 1.00 2.00 136.25
13.00 81.00 0.00 5.00 44.25
496.00 489.00 0.00 2.00 199.68
124.00 498.00 0.00 2.00 193.41
105.00 490.00 1.00 5.00 197.36
517.00 80.00 0.00 1.00 152.70
498.00 488.00 0.00 3.00 43.98
517.00 491.00 0.00 3.00 152.23
344.00 132.00 0.00 5.00 45.59
486.00 498.00 1.00 5.00 106.99
496.00 393.00 0.00 1.00 185.19
193.00 462.00 1.00 5.00 170.93
489.00 517.00 1.00 5.00 166.41
503.00 46.00 1.00 1.00 103.44
345.00 155.00 1.00 4.00 40.42
260.00 10.00 1.00 1.00 91.84
117.00 467.00 0.00 3.00 121.12
406.00 160.00 1.00 1.00 81.33
507.00 498.00 0.00 1.00 53.16
514.00 219.00 1.00 1.00 136.77
514.00 496.00 1.00 4.00 47.00
311.00 503.00 1.00 3.00 32.51
355.00 490.00 1.00 1.00 190.18
323.00 422.00 1.00 3.00 160.82
517.00 407.00 1.00 2.00 93.64
494.00 390.00 1.00 2.00 155.78
234.00 491.00 1.00 5.00 195.24
155.00 485.00 1.00 4.00 102.38
514.00 320.00 0.00 5.00 117.01
363.00 500.00 1.00 4.00 166.53
504.00 151.00 1.00 3.00 197.72
133.00 62.00 1.00 1.00 157.96
499.00 2.00 0.00 4.00 83.84
497.00 503.00 1.00 1.00 91.94
489.00 494.00 1.00 2.00 187.65
507.00 513.00 0.00 2.00 54.43
501.00 492.00 1.00 3.00 73.66
494.00 198.00 0.00 1.00 110.64
237.00 504.00 1.00 3.00 112.01
431.00 493.00 0.00 3.00 61.22
259.00 27.00 1.00 1.00 147.80
516.00 487.00 0.00 4.00 36.21
504.00 495.00 1.00 3.00 94.74
476.00 49.00 0.00 5.00 128.88
434.00 490.00 1.00 5.00 103.86
394.00 491.00 0.00 3.00 122.95
269.00 486.00 0.00 4.00 35.29
202.00 496.00 0.00 2.00 92.70
510.00 490.00 1.00 3.00 109.38
192.00 486.00 1.00 1.00 72.50
337.00 83.00 1.00 2.00 83.05
506.00 179.00 1.00 3.00 39.47
301.00 505.00 0.00 4.00 187.85
491.00 13.00 0.00 1.00 76.38
16.00 511.00 0.00 4.00 92.47
509.00 29.00 0.00 3.00 183.81
509.00 427.00 0.00 1.00 71.74
229.00 478.00 1.00 4.00 36.12
117.00 502.00 0.00 4.00 119.17
474.00 504.00 0.00 2.00 161.02
497.00 491.00 1.00 4.00 107.34
516.00 211.00 1.00 1.00 171.90
389.00 151.00 1.00 3.00 127.13
507.00 290.00 0.00 3.00 146.98
312.00 506.00 0.00 1.00 94.72
123.00 241.00 0.00 2.00 86.68
493.00 498.00 1.00 3.00 61.58
409.00 365.00 1.00 1.00 175.39
393.00 499.00 1.00 5.00 37.70
274.00 512.00 0.00 1.00 104.90
509.00 488.00 1.00 1.00 164.76
513.00 471.00 1.00 3.00 127.62
514.00 175.00 1.00 2.00 138.56
507.00 499.00 1.00 3.00 52.60
99.00 486.00 0.00 5.00 44.89
496.00 377.00 1.00 3.00 90.85
439.00 168.00 1.00 2.00 72.67
239.00 65.00 0.00 3.00 145.66
504.00 465.00 0.00 4.00 197.41
403.00 383.00 0.00 4.00 151.02
492.00 504.00 0.00 1.00 30.36
503.00 511.00 1.00 1.00 176.56
494.00 379.00 1.00 3.00 183.15
486.00 268.00 0.00 3.00 40.83
501.00 235.00 0.00 3.00 143.77
492.00 486.00 0.00 3.00 42.17
515.00 213.00 1.00 2.00 149.82
332.00 222.00 0.00 5.00 48.43
7.00 337.00 0.00 1.00 80.33
517.00 317.00 1.00 5.00 175.62
510.00 504.00 0.00 2.00 183.50
517.00 490.00 1.00 1.00 116.56
347.00 44.00 0.00 4.00 122.39
513.00 499.00 1.00 1.00 170.46
509.00 488.00 0.00 1.00 104.94
144.00 512.00 1.00 2.00 65.31
501.00 507.00 0.00 5.00 68.99
515.00 487.00 1.00 2.00 91.98
66.00 172.00 1.00 1.00 89.57
497.00 489.00 1.00 4.00 68.87
174.00 298.00 0.00 4.00 36.32
424.00 282.00 0.00 4.00 63.75
256.00 341.00 1.00 1.00 37.60
379.00 432.00 0.00 4.00 185.85
437.00 197.00 1.00 4.00 44.35
496.00 506.00 0.00 4.00 83.09
495.00 466.00 0.00 2.00 32.32
435.00 497.00 0.00 4.00 191.79
489.00 496.00 0.00 5.00 180.13
427.00 506.00 1.00 3.00 183.05
193.00 497.00 1.00 4.00 157.22
502.00 509.00 1.00 5.00 43.45
513.00 507.00 1.00 4.00 123.87
486.00 211.00 0.00 2.00 99.35
501.00 491.00 1.00 5.00 59.37
355.00 249.00 0.00 4.00 49.91
45.00 509.00 1.00 4.00 36.35
504.00 497.00 0.00 1.00 85.10
498.00 472.00 0.00 4.00 54.03
213.00 419.00 1.00 3.00 100.36
430.00 514.00 1.00 1.00 50.76
326.00 493.00 1.00 2.00 176.75
249.00 94.00 0.00 2.00 179.50
492.00 388.00 1.00 1.00 139.22
507.00 33.00 1.00 2.00 43.48
403.00 517.00 0.00 5.00 182.13
492.00 505.00 1.00 2.00 161.63
459.00 193.00 0.00 4.00 101.29
404.00 339.00 0.00 2.00 47.93
511.00 488.00 0.00 5.00 176.51
87.00 494.00 0.00 2.00 89.96
328.00 118.00 0.00 5.00 69.41
474.00 490.00 1.00 1.00 135.18
517.00 495.00 1.00 1.00 128.55
503.00 509.00 0.00 4.00 133.62
490.00 355.00 0.00 3.00 60.81
512.00 498.00 0.00 2.00 128.69
431.00 352.00 1.00 4.00 173.28
365.00 328.00 1.00 3.00 60.45
490.00 508.00 0.00 5.00 58.90
496.00 505.00 1.00 3.00 86.49
499.00 276.00 1.00 3.00 46.58
146.00 493.00 0.00 4.00 57.23
158.00 439.00 0.00 1.00 175.97
45.00 510.00 1.00 4.00 86.14
499.00 508.00 0.00 1.00 69.48
239.00 295.00 1.00 1.00 44.10
186.00 363.00 0.00 2.00 170.34
499.00 490.00 1.00 2.00 122.27
514.00 362.00 1.00 2.00 36.39
488.00 511.00 1.00 3.00 95.96
434.00 513.00 1.00 5.00 128.93
28.00 510.00 0.00 3.00 151.10
397.00 492.00 0.00 3.00 73.03
430.00 506.00 0.00 3.00 177.31
494.00 513.00 1.00 2.00 58.36
363.00 284.00 0.00 3.00 53.05
241.00 496.00 0.00 5.00 159.96
150.00 502.00 0.00 5.00 169.07
500.00 456.00 1.00 1.00 133.65
510.00 489.00 1.00 1.00 97.12
112.00 508.00 0.00 2.00 30.36
493.00 505.00 1.00 4.00 165.72
516.00 506.00 0.00 1.00 120.16
493.00 26.00 1.00 4.00 117.37
488.00 516.00 0.00 2.00 71.57
284.00 517.00 1.00 4.00 180.97
498.00 502.00 1.00 2.00 78.39
305.00 62.00 0.00 3.00 176.25
130.00 154.00 0.00 1.00 76.61
62.00 504.00 1.00 5.00 134.65
305.00 494.00 0.00 1.00 63.43
510.00 435.00 0.00 4.00 196.75
486.00 515.00 1.00 3.00 140.44
490.00 87.00 0.00 3.00 91.16
488.00 502.00 1.00 5.00 61.88
341.00 115.00 0.00 4.00 198.59
502.00 411.00 0.00 3.00 50.75
297.00 501.00 1.00 3.00 122.54
323.00 147.00 0.00 2.00 35.05
135.00 497.00 0.00 1.00 103.43
506.00 497.00 0.00 1.00 169.12
319.00 498.00 0.00 2.00 60.81
502.00 513.00 0.00 5.00 189.57
68.00 237.00 0.00 1.00 54.90
503.00 510.00 1.00 4.00 167.38
497.00 511.00 0.00 3.00 82.74
494.00 309.00 0.00 5.00 120.75
517.00 123.00 0.00 3.00 95.31
491.00 427.00 1.00 1.00 102.52
491.00 396.00 0.00 3.00 95.87
505.00 497.00 0.00 4.00 96.23
224.00 465.00 0.00 3.00 53.20
495.00 212.00 1.00 1.00 80.90
132.00 194.00 1.00 1.00 161.94
425.00 503.00 1.00 1.00 96.68
216.00 355.00 0.00 5.00 34.97
511.00 309.00 0.00 2.00 63.80
82.00 514.00 0.00 5.00 151.96
507.00 430.00 1.00 5.00 149.33
509.00 491.00 1.00 1.00 44.79
63.00 490.00 1.00 5.00 122.26
492.00 33.00 0.00 2.00 58.22
489.00 513.00 0.00 1.00 102.33
504.00 491.00 1.00 1.00 164.52
515.00 500.00 1.00 2.00 73.74
489.00 446.00 1.00 5.00 165.64
262.00 504.00 1.00 3.00 90.67
489.00 497.00 0.00 2.00 133.81
238.00 420.00 1.00 3.00 86.14
484.00 256.00 1.00 1.00 162.40
32.00 485.00 0.00 3.00 34.05
486.00 498.00 0.00 3.00 133.80
258.00 491.00 0.00 2.00 96.11
510.00 30.00 0.00 5.00 145.08
30.00 493.00 0.00 4.00 54.97
171.00 503.00 0.00 5.00 50.65
274.00 499.00 1.00 3.00 182.97
488.00 505.00 0.00 5.00 51.98
516.00 488.00 0.00 3.00 144.76
221.00 498.00 0.00 2.00 180.94
507.00 76.00 1.00 1.00 47.83
507.00 339.00 1.00 4.00 157.45
502.00 113.00 1.00 5.00 144.99
158.00 488.00 0.00 3.00 186.35
25.00 256.00 1.00 2.00 35.82
263.00 497.00 1.00 2.00 40.64
249.00 334.00 1.00 3.00 112.26
510.00 499.00 0.00 1.00 146.08
266.00 502.00 0.00 5.00 77.74
42.00 502.00 1.00 3.00 30.56
488.00 508.00 1.00 4.00 62.33
30.00 506.00 0.00 2.00 43.89
257.00 516.00 0.00 2.00 83.72
501.00 434.00 1.00 3.00 73.48
495.00 57.00 1.00 2.00 174.12
486.00 501.00 1.00 5.00 115.27
186.00 358.00 1.00 1.00 135.44
264.00 166.00 0.00 3.00 108.26
107.00 496.00 0.00 3.00 60.42
494.00 512.00 0.00 3.00 43.87
508.00 314.00 0.00 3.00 135.64
363.00 171.00 0.00 5.00 166.67
486.00 115.00 1.00 3.00 145.44
245.00 492.00 1.00 2.00 188.99
510.00 498.00 0.00 5.00 71.34
495.00 157.00 0.00 4.00 193.43
329.00 504.00 0.00 3.00 192.32
409.00 487.00 0.00 4.00 54.97
501.00 504.00 0.00 2.00 86.90
282.00 444.00 0.00 3.00 95.36
329.00 516.00 1.00 2.00 40.22
312.00 103.00 1.00 4.00 142.56
149.00 508.00 0.00 1.00 72.37
497.00 510.00 1.00 5.00 182.69
367.00 505.00 1.00 1.00 55.59
181.00 487.00 1.00 2.00 61.72
393.00 499.00 0.00 3.00 173.49
267.00 232.00 1.00 1.00 30.04
498.00 402.00 0.00 5.00 42.79
504.00 486.00 1.00 2.00 93.62
507.00 497.00 1.00 4.00 45.81
451.00 506.00 0.00 1.00 111.38
385.00 502.00 0.00 3.00 119.85
497.00 514.00 0.00 1.00 104.04
503.00 83.00 0.00 3.00 30.72
222.00 297.00 1.00 5.00 143.07
501.00 80.00 1.00 3.00 57.51
173.00 517.00 0.00 3.00 161.25
386.00 517.00 1.00 1.00 117.42
499.00 517.00 1.00 4.00 185.28
198.00 30.00 1.00 2.00 144.41
492.00 151.00 1.00 2.00 92.02
494.00 261.00 1.00 1.00 64.41
514.00 494.00 1.00 4.00 106.79
510.00 65.00 0.00 5.00 49.38
2.00 501.00 1.00 2.00 59.99
507.00 389.00 1.00 5.00 194.50
415.00 501.00 0.00 2.00 116.82
93.00 404.00 0.00 5.00 89.05
508.00 236.00 1.00 5.00 192.21
129.00 497.00 1.00 3.00 60.00
280.00 49.00 1.00 1.00 72.84
194.00 143.00 1.00 1.00 54.14
492.00 517.00 0.00 3.00 153.61
374.00 390.00 1.00 2.00 132.08
243.00 493.00 1.00 2.00 175.42
491.00 510.00 0.00 2.00 153.33
80.00 493.00 0.00 2.00 129.88
361.00 120.00 0.00 5.00 136.19
276.00 231.00 0.00 2.00 38.54
324.00 327.00 0.00 1.00 196.32
491.00 4.00 1.00 3.00 52.14
87.00 513.00 1.00 1.00 154.19
490.00 503.00 0.00 5.00 94.74
496.00 169.00 0.00 5.00 99.01
3.00 405.00 1.00 4.00 159.15
511.00 489.00 1.00 3.00 143.07
490.00 291.00 0.00 4.00 88.04
510.00 193.00 1.00 3.00 75.18
486.00 263.00 1.00 4.00 106.94
496.00 510.00 1.00 2.00 150.78
363.00 317.00 0.00 3.00 196.47
470.00 221.00 0.00 4.00 42.79
512.00 495.00 0.00 3.00 74.72
493.00 259.00 1.00 1.00 65.48
318.00 165.00 0.00 5.00 74.47
495.00 426.00 0.00 3.00 47.05
491.00 194.00 0.00 2.00 95.36
118.00 493.00 1.00 5.00 54.02
495.00 228.00 0.00 2.00 113.22
504.00 517.00 0.00 2.00 159.10
503.00 143.00 1.00 5.00 45.37
335.00 489.00 0.00 5.00 166.31
508.00 513.00 1.00 5.00 61.58
506.00 68.00 0.00 1.00 57.66
104.00 472.00 1.00 2.00 197.99
140.00 496.00 0.00 4.00 95.19
422.00 492.00 1.00 3.00 116.78
334.00 60.00 0.00 2.00 119.68
315.00 167.00 1.00 3.00 128.40
516.00 508.00 0.00 1.00 173.24
315.00 174.00 1.00 4.00 36.36
510.00 7.00 0.00 4.00 192.62
493.00 4.00 1.00 1.00 136.66
140.00 495.00 0.00 2.00 187.01
491.00 486.00 0.00 1.00 103.11
11.00 504.00 0.00 3.00 129.23
182.00 32.00 1.00 5.00 71.02
366.00 493.00 1.00 2.00 102.83
513.00 497.00 0.00 2.00 89.17
499.00 298.00 0.00 5.00 195.89
512.00 505.00 0.00 3.00 198.79
336.00 507.00 0.00 4.00 156.94
514.00 89.00 1.00 3.00 192.64
320.00 356.00 0.00 2.00 37.23
357.00 170.00 0.00 2.00 52.90
488.00 507.00 1.00 1.00 175.49
517.00 497.00 1.00 1.00 100.27
162.00 216.00 1.00 4.00 60.00
495.00 486.00 0.00 3.00 170.79
492.00 507.00 1.00 1.00 168.55
237.00 498.00 1.00 3.00 186.93
487.00 26.00 0.00 1.00 99.16
496.00 511.00 1.00 1.00 195.04
461.00 513.00 1.00 4.00 141.30
82.00 57.00 0.00 3.00 34.52
504.00 304.00 1.00 5.00 172.33
331.00 460.00 1.00 3.00 128.52
512.00 495.00 1.00 1.00 172.65
509.00 515.00 1.00 2.00 152.24
508.00 357.00 1.00 1.00 188.78
254.00 501.00 0.00 2.00 93.69
515.00 502.00 1.00 3.00 50.03
516.00 166.00 0.00 3.00 71.27
3.00 514.00 1.00 4.00 59.70
455.00 490.00 1.00 5.00 135.22
492.00 271.00 0.00 3.00 160.48
94.00 271.00 1.00 1.00 42.58
488.00 503.00 1.00 2.00 117.88
431.00 514.00 1.00 1.00 119.59
474.00 245.00 1.00 5.00 55.70
216.00 185.00 1.00 1.00 102.94
273.00 490.00 1.00 5.00 156.46
277.00 487.00 0.00 4.00 51.24
189.00 45.00 0.00 4.00 150.47
498.00 492.00 1.00 1.00 73.56
507.00 495.00 0.00 1.00 109.60
501.00 502.00 1.00 3.00 146.01
508.00 74.00 1.00 1.00 71.24
234.00 487.00 0.00 4.00 134.28
307.00 278.00 1.00 1.00 167.81
7.00 493.00 1.00 1.00 52.54
509.00 370.00 0.00 3.00 57.18
411.00 55.00 1.00 3.00 121.95
492.00 124.00 1.00 4.00 42.92
155.00 197.00 0.00 2.00 153.21
360.00 278.00 1.00 3.00 136.10
510.00 502.00 0.00 4.00 81.54
487.00 511.00 0.00 5.00 147.19
508.00 169.00 0.00 2.00 43.17
510.00 387.00 0.00 2.00 192.16
499.00 513.00 1.00 3.00 81.17
112.00 216.00 0.00 2.00 53.10
495.00 286.00 1.00 5.00 171.72
261.00 499.00 1.00 2.00 150.45
517.00 493.00 0.00 5.00 35.53
501.00 305.00 0.00 4.00 159.01
201.00 474.00 1.00 2.00 127.59
504.00 214.00 1.00 2.00 97.33
499.00 227.00 0.00 1.00 60.45
22.00 155.00 1.00 5.00 47.49
496.00 84.00 1.00 4.00 130.89
125.00 513.00 0.00 3.00 160.70
506.00 516.00 1.00 2.00 142.04
446.00 514.00 0.00 3.00 103.48
513.00 507.00 0.00 5.00 117.19
502.00 129.00 1.00 5.00 34.84
505.00 496.00 0.00 4.00 136.82
61.00 84.00 1.00 3.00 34.35
501.00 21.00 0.00 3.00 92.31
499.00 494.00 0.00 5.00 52.33
513.00 404.00 0.00 1.00 74.63
393.00 516.00 1.00 5.00 184.72
73.00 504.00 0.00 3.00 48.25
461.00 495.00 0.00 4.00 149.19
513.00 496.00 1.00 5.00 123.03
502.00 139.00 1.00 4.00 82.29
513.00 249.00 1.00 4.00 47.23
166.00 307.00 0.00 2.00 150.63
514.00 502.00 0.00 4.00 39.42
506.00 275.00 0.00 4.00 190.72
319.00 505.00 0.00 1.00 42.06
204.00 23.00 0.00 5.00 49.27
489.00 495.00 1.00 3.00 173.12
489.00 16.00 0.00 1.00 41.68
92.00 505.00 0.00 3.00 74.78
488.00 54.00 0.00 5.00 61.90
512.00 497.00 0.00 1.00 129.79
195.00 121.00 1.00 4.00 108.28
510.00 486.00 0.00 4.00 49.18
491.00 497.00 0.00 1.00 193.18
173.00 386.00 0.00 5.00 76.67
497.00 504.00 1.00 2.00 86.87
294.00 487.00 1.00 1.00 118.68
212.00 261.00 1.00 1.00 71.44
405.00 264.00 1.00 4.00 119.32
234.00 108.00 0.00 5.00 43.10
512.00 489.00 0.00 3.00 144.69
247.00 495.00 1.00 2.00 156.47
486.00 492.00 1.00 1.00 84.56
0.00 423.00 0.00 3.00 174.31
316.00 42.00 1.00 5.00 151.79
497.00 405.00 1.00 2.00 166.92
504.00 5.00 1.00 3.00 194.46
75.00 400.00 1.00 1.00 74.81
377.00 456.00 1.00 2.00 195.58
325.00 504.00 1.00 1.00 134.37
430.00 207.00 1.00 5.00 176.15
515.00 355.00 1.00 1.00 167.55
161.00 154.00 0.00 3.00 179.96
334.00 514.00 0.00 4.00 31.00
181.00 206.00 0.00 3.00 166.15
425.00 340.00 1.00 2.00 147.84
15.00 491.00 0.00 1.00 171.07
236.00 512.00 0.00 1.00 156.84
425.00 490.00 1.00 5.00 81.71
500.00 489.00 1.00 5.00 192.12
496.00 517.00 1.00 5.00 158.48
217.00 493.00 1.00 3.00 95.21
232.00 499.00 1.00 1.00 93.09
464.00 499.00 1.00 2.00 196.70
511.00 227.00 1.00 3.00 186.48
48.00 499.00 0.00 1.00 70.23
258.00 497.00 0.00 2.00 119.23
49.00 495.00 0.00 2.00 156.45
517.00 82.00 1.00 4.00 40.03
175.00 440.00 0.00 2.00 105.57
420.00 39.00 0.00 5.00 178.75
115.00 276.00 0.00 3.00 139.07
498.00 511.00 1.00 4.00 199.14
423.00 69.00 1.00 3.00 117.40
289.00 83.00 1.00 2.00 59.11
391.00 96.00 1.00 1.00 102.64
417.00 486.00 0.00 1.00 37.52
357.00 147.00 0.00 1.00 153.10
123.00 4.00 1.00 5.00 70.78
88.00 206.00 1.00 3.00 49.92
347.00 503.00 0.00 5.00 115.76
517.00 499.00 0.00 3.00 47.48
292.00 215.00 1.00 1.00 136.41
89.00 443.00 0.00 5.00 66.44
245.00 505.00 1.00 5.00 76.61
493.00 512.00 0.00 2.00 191.57
505.00 354.00 0.00 4.00 163.30
510.00 246.00 0.00 1.00 115.51
507.00 200.00 1.00 1.00 37.66
503.00 140.00 0.00 4.00 66.82
304.00 191.00 1.00 2.00 129.42
271.00 353.00 0.00 1.00 95.42
14.00 306.00 0.00 5.00 181.55
515.00 455.00 0.00 4.00 176.83
501.00 512.00 1.00 3.00 90.15
486.00 517.00 1.00 5.00 69.55
12.00 496.00 0.00 1.00 77.69
506.00 4.00 0.00 1.00 49.17
487.00 251.00 1.00 4.00 82.82
96.00 171.00 0.00 1.00 49.26
493.00 329.00 1.00 3.00 152.21
502.00 490.00 0.00 2.00 199.49
232.00 345.00 1.00 2.00 57.72
292.00 492.00 0.00 2.00 34.17
103.00 503.00 1.00 3.00 81.47
496.00 402.00 1.00 3.00 114.37
491.00 238.00 0.00 2.00 156.44
496.00 505.00 1.00 4.00 157.40
501.00 401.00 1.00 4.00 40.47
5.00 250.00 0.00 1.00 79.14
166.00 60.00 1.00 4.00 195.42
379.00 493.00 0.00 5.00 102.36
118.00 509.00 0.00 3.00 195.08
517.00 507.00 0.00 2.00 70.32
329.00 486.00 1.00 4.00 189.96
97.00 349.00 0.00 2.00 93.98
490.00 513.00 1.00 3.00 165.01
232.00 207.00 1.00 5.00 126.85
517.00 499.00 1.00 5.00 188.39
177.00 81.00 0.00 4.00 106.15
495.00 515.00 0.00 3.00 118.51
491.00 421.00 1.00 4.00 189.87
482.00 496.00 0.00 1.00 97.77
502.00 80.00 1.00 3.00 127.76
514.00 131.00 1.00 5.00 197.86
487.00 510.00 1.00 1.00 150.08
516.00 503.00 1.00 2.00 92.01
104.00 515.00 1.00 5.00 80.49
490.00 495.00 0.00 4.00 112.07
517.00 47.00 1.00 3.00 109.06
512.00 228.00 1.00 2.00 171.49
516.00 502.00 1.00 1.00 102.12
486.00 503.00 1.00 3.00 191.87
489.00 67.00 0.00 5.00 170.00
486.00 494.00 1.00 5.00 96.20
455.00 362.00 0.00 3.00 129.29
328.00 260.00 0.00 1.00 185.46
496.00 488.00 1.00 4.00 179.75
509.00 499.00 1.00 1.00 91.19
500.00 153.00 0.00 3.00 189.90
431.00 511.00 1.00 2.00 57.98
476.00 516.00 1.00 4.00 56.69
498.00 507.00 0.00 2.00 164.14
338.00 508.00 0.00 4.00 181.90
391.00 497.00 1.00 1.00 122.11
512.00 499.00 0.00 4.00 39.86
509.00 483.00 0.00 4.00 136.44
487.00 383.00 1.00 2.00 78.69
517.00 253.00 0.00 3.00 50.04
514.00 91.00 1.00 5.00 52.02
115.00 496.00 1.00 3.00 40.03
176.00 498.00 0.00 1.00 195.91
493.00 506.00 1.00 3.00 115.58
193.00 95.00 1.00 3.00 162.42
499.00 515.00 1.00 3.00 89.23
38.00 272.00 0.00 2.00 191.36
